0.00000000000000e+00 -1.15080200720000e-06 
1.00000000000000e-02 -9.34988134450000e-01 
2.00000000000000e-02 -1.85179028535000e+00 
3.00000000000000e-02 -2.73282542620000e+00 
4.00000000000000e-02 -3.56169937150000e+00 
5.00000000000000e-02 -4.32374144000000e+00 
6.00000000000000e-02 -5.00647555916667e+00 
7.00000000000000e-02 -5.60000810042857e+00 
8.00000000000000e-02 -6.09731805775000e+00 
9.00000000000000e-02 -6.49443908077778e+00 
1.00000000000000e-01 -6.79052717650000e+00 
1.10000000000000e-01 -6.98781242472727e+00 
1.20000000000000e-01 -7.09143763475000e+00 
1.30000000000000e-01 -7.10919130869231e+00 
1.40000000000000e-01 -7.05114639371429e+00 
1.50000000000000e-01 -6.92921993666667e+00 
1.60000000000000e-01 -6.75667175125000e+00 
1.70000000000000e-01 -6.54756245176471e+00 
1.80000000000000e-01 -6.31619261888889e+00 
1.90000000000000e-01 -6.07654537473684e+00 
2.00000000000000e-01 -5.84175425400000e+00 
2.10000000000000e-01 -5.62361699428572e+00 
2.20000000000000e-01 -5.43217376500000e+00 
2.30000000000000e-01 -5.27536552956522e+00 
2.40000000000000e-01 -5.15878480333333e+00 
2.50000000000000e-01 -5.08552717440000e+00 
2.60000000000000e-01 -5.05614775346154e+00 
2.70000000000000e-01 -5.06872241666667e+00 
2.80000000000000e-01 -5.11900943821429e+00 
2.90000000000000e-01 -5.20070309172414e+00 
3.00000000000000e-01 -5.30576717766667e+00 
3.10000000000000e-01 -5.42483333870968e+00 
3.20000000000000e-01 -5.54764662406250e+00 
3.30000000000000e-01 -5.66353909151515e+00 
3.40000000000000e-01 -5.76191139558823e+00 
3.50000000000000e-01 -5.83270231057143e+00 
3.60000000000000e-01 -5.86682696722222e+00 
3.70000000000000e-01 -5.85656620216216e+00 
3.80000000000000e-01 -5.79589173842105e+00 
3.90000000000000e-01 -5.68071484666667e+00 
4.00000000000000e-01 -5.50904953850000e+00 
4.10000000000000e-01 -5.28108505268293e+00 
4.20000000000000e-01 -4.99916628404762e+00 
4.30000000000000e-01 -4.66768467488372e+00 
4.40000000000000e-01 -4.29288579295455e+00 
4.50000000000000e-01 -3.88260320822222e+00 
4.60000000000000e-01 -3.44593119695652e+00 
4.70000000000000e-01 -2.99285115361702e+00 
4.80000000000000e-01 -2.53382825854167e+00 
4.90000000000000e-01 -2.07939590591837e+00 
5.00000000000000e-01 -1.63974558052000e+00 
5.10000000000000e-01 -1.22433931249020e+00 
5.20000000000000e-01 -8.41560552961538e-01 
5.30000000000000e-01 -4.98417388188679e-01 
5.40000000000000e-01 -2.00309516481481e-01 
5.50000000000000e-01 4.91325187509091e-02 
5.60000000000000e-01 2.48130580142857e-01 
5.70000000000000e-01 3.96762822877193e-01 
5.80000000000000e-01 4.96889773896552e-01 
5.90000000000000e-01 5.52007458355932e-01 
6.00000000000000e-01 5.67035423883333e-01 
6.10000000000000e-01 5.48050146180328e-01 
6.20000000000000e-01 5.01976390080645e-01 
6.30000000000000e-01 4.36250643444444e-01 
6.40000000000000e-01 3.58471613125000e-01 
6.50000000000000e-01 2.76052991723077e-01 
6.60000000000000e-01 1.95893257757576e-01 
6.70000000000000e-01 1.24076184955224e-01 
6.80000000000000e-01 6.56140867235294e-02 
6.90000000000000e-01 2.42254107101449e-02 
7.00000000000000e-01 2.42328221371429e-03 
7.10000000000000e-01 -9.42681419661972e-04 
7.20000000000000e-01 1.82095962805556e-04 
7.30000000000000e-01 -2.32228273232877e-05 
7.40000000000000e-01 3.86275781689189e-07 
7.50000000000000e-01 0.00000000000000e+00 
7.60000000000000e-01 0.00000000000000e+00 
7.70000000000000e-01 0.00000000000000e+00 
7.80000000000000e-01 0.00000000000000e+00 
7.90000000000000e-01 0.00000000000000e+00 
8.00000000000000e-01 0.00000000000000e+00 
8.10000000000000e-01 0.00000000000000e+00 
8.20000000000000e-01 0.00000000000000e+00 
8.30000000000000e-01 0.00000000000000e+00 
8.40000000000000e-01 0.00000000000000e+00 
8.50000000000000e-01 0.00000000000000e+00 
8.60000000000000e-01 0.00000000000000e+00 
8.70000000000000e-01 0.00000000000000e+00 
8.80000000000000e-01 0.00000000000000e+00 
8.90000000000000e-01 0.00000000000000e+00 
9.00000000000000e-01 0.00000000000000e+00 
9.10000000000000e-01 0.00000000000000e+00 
9.20000000000000e-01 0.00000000000000e+00 
9.30000000000000e-01 0.00000000000000e+00 
9.40000000000000e-01 0.00000000000000e+00 
9.50000000000000e-01 0.00000000000000e+00 
9.60000000000000e-01 0.00000000000000e+00 
9.70000000000000e-01 0.00000000000000e+00 
9.80000000000000e-01 0.00000000000000e+00 
9.90000000000000e-01 0.00000000000000e+00 
1.00000000000000e+00 0.00000000000000e+00 
1.01000000000000e+00 0.00000000000000e+00 
1.02000000000000e+00 0.00000000000000e+00 
1.03000000000000e+00 0.00000000000000e+00 
1.04000000000000e+00 0.00000000000000e+00 
1.05000000000000e+00 0.00000000000000e+00 
1.06000000000000e+00 0.00000000000000e+00 
1.07000000000000e+00 0.00000000000000e+00 
1.08000000000000e+00 0.00000000000000e+00 
1.09000000000000e+00 0.00000000000000e+00 
1.10000000000000e+00 0.00000000000000e+00 
1.11000000000000e+00 0.00000000000000e+00 
1.12000000000000e+00 0.00000000000000e+00 
1.13000000000000e+00 0.00000000000000e+00 
1.14000000000000e+00 0.00000000000000e+00 
1.15000000000000e+00 0.00000000000000e+00 
1.16000000000000e+00 0.00000000000000e+00 
1.17000000000000e+00 0.00000000000000e+00 
1.18000000000000e+00 0.00000000000000e+00 
1.19000000000000e+00 0.00000000000000e+00 
1.20000000000000e+00 0.00000000000000e+00 
1.21000000000000e+00 0.00000000000000e+00 
1.22000000000000e+00 0.00000000000000e+00 
1.23000000000000e+00 0.00000000000000e+00 
1.24000000000000e+00 0.00000000000000e+00 
1.25000000000000e+00 0.00000000000000e+00 
1.26000000000000e+00 0.00000000000000e+00 
1.27000000000000e+00 0.00000000000000e+00 
1.28000000000000e+00 0.00000000000000e+00 
1.29000000000000e+00 0.00000000000000e+00 
1.30000000000000e+00 0.00000000000000e+00 
1.31000000000000e+00 0.00000000000000e+00 
1.32000000000000e+00 0.00000000000000e+00 
1.33000000000000e+00 0.00000000000000e+00 
1.34000000000000e+00 0.00000000000000e+00 
1.35000000000000e+00 0.00000000000000e+00 
1.36000000000000e+00 0.00000000000000e+00 
1.37000000000000e+00 0.00000000000000e+00 
1.38000000000000e+00 0.00000000000000e+00 
1.39000000000000e+00 0.00000000000000e+00 
1.40000000000000e+00 0.00000000000000e+00 
1.41000000000000e+00 0.00000000000000e+00 
1.42000000000000e+00 0.00000000000000e+00 
1.43000000000000e+00 0.00000000000000e+00 
1.44000000000000e+00 0.00000000000000e+00 
1.45000000000000e+00 0.00000000000000e+00 
1.46000000000000e+00 0.00000000000000e+00 
1.47000000000000e+00 0.00000000000000e+00 
1.48000000000000e+00 0.00000000000000e+00 
1.49000000000000e+00 0.00000000000000e+00 
1.50000000000000e+00 0.00000000000000e+00 
1.51000000000000e+00 0.00000000000000e+00 
1.52000000000000e+00 0.00000000000000e+00 
1.53000000000000e+00 0.00000000000000e+00 
1.54000000000000e+00 0.00000000000000e+00 
1.55000000000000e+00 0.00000000000000e+00 
1.56000000000000e+00 0.00000000000000e+00 
1.57000000000000e+00 0.00000000000000e+00 
1.58000000000000e+00 0.00000000000000e+00 
1.59000000000000e+00 0.00000000000000e+00 
1.60000000000000e+00 0.00000000000000e+00 
1.61000000000000e+00 0.00000000000000e+00 
1.62000000000000e+00 0.00000000000000e+00 
1.63000000000000e+00 0.00000000000000e+00 
1.64000000000000e+00 0.00000000000000e+00 
1.65000000000000e+00 0.00000000000000e+00 
1.66000000000000e+00 0.00000000000000e+00 
1.67000000000000e+00 0.00000000000000e+00 
1.68000000000000e+00 0.00000000000000e+00 
1.69000000000000e+00 0.00000000000000e+00 
1.70000000000000e+00 0.00000000000000e+00 
1.71000000000000e+00 0.00000000000000e+00 
1.72000000000000e+00 0.00000000000000e+00 
1.73000000000000e+00 0.00000000000000e+00 
1.74000000000000e+00 0.00000000000000e+00 
1.75000000000000e+00 0.00000000000000e+00 
1.76000000000000e+00 0.00000000000000e+00 
1.77000000000000e+00 0.00000000000000e+00 
1.78000000000000e+00 0.00000000000000e+00 
1.79000000000000e+00 0.00000000000000e+00 
1.80000000000000e+00 0.00000000000000e+00 
1.81000000000000e+00 0.00000000000000e+00 
1.82000000000000e+00 0.00000000000000e+00 
1.83000000000000e+00 0.00000000000000e+00 
1.84000000000000e+00 0.00000000000000e+00 
1.85000000000000e+00 0.00000000000000e+00 
1.86000000000000e+00 0.00000000000000e+00 
1.87000000000000e+00 0.00000000000000e+00 
1.88000000000000e+00 0.00000000000000e+00 
1.89000000000000e+00 0.00000000000000e+00 
1.90000000000000e+00 0.00000000000000e+00 
1.91000000000000e+00 0.00000000000000e+00 
1.92000000000000e+00 0.00000000000000e+00 
1.93000000000000e+00 0.00000000000000e+00 
1.94000000000000e+00 0.00000000000000e+00 
1.95000000000000e+00 0.00000000000000e+00 
1.96000000000000e+00 0.00000000000000e+00 
1.97000000000000e+00 0.00000000000000e+00 
1.98000000000000e+00 0.00000000000000e+00 
1.99000000000000e+00 0.00000000000000e+00 
2.00000000000000e+00 0.00000000000000e+00 
2.01000000000000e+00 0.00000000000000e+00 
2.02000000000000e+00 0.00000000000000e+00 
2.03000000000000e+00 0.00000000000000e+00 
2.04000000000000e+00 0.00000000000000e+00 
2.05000000000000e+00 0.00000000000000e+00 
2.06000000000000e+00 0.00000000000000e+00 
2.07000000000000e+00 0.00000000000000e+00 
2.08000000000000e+00 0.00000000000000e+00 
2.09000000000000e+00 0.00000000000000e+00 
2.10000000000000e+00 0.00000000000000e+00 
2.11000000000000e+00 0.00000000000000e+00 
2.12000000000000e+00 0.00000000000000e+00 
2.13000000000000e+00 0.00000000000000e+00 
2.14000000000000e+00 0.00000000000000e+00 
2.15000000000000e+00 0.00000000000000e+00 
2.16000000000000e+00 0.00000000000000e+00 
2.17000000000000e+00 0.00000000000000e+00 
2.18000000000000e+00 0.00000000000000e+00 
2.19000000000000e+00 0.00000000000000e+00 
2.20000000000000e+00 0.00000000000000e+00 
2.21000000000000e+00 0.00000000000000e+00 
2.22000000000000e+00 0.00000000000000e+00 
2.23000000000000e+00 0.00000000000000e+00 
2.24000000000000e+00 0.00000000000000e+00 
2.25000000000000e+00 0.00000000000000e+00 
2.26000000000000e+00 0.00000000000000e+00 
2.27000000000000e+00 0.00000000000000e+00 
2.28000000000000e+00 0.00000000000000e+00 
2.29000000000000e+00 0.00000000000000e+00 
2.30000000000000e+00 0.00000000000000e+00 
2.31000000000000e+00 0.00000000000000e+00 
2.32000000000000e+00 0.00000000000000e+00 
2.33000000000000e+00 0.00000000000000e+00 
2.34000000000000e+00 0.00000000000000e+00 
2.35000000000000e+00 0.00000000000000e+00 
2.36000000000000e+00 0.00000000000000e+00 
2.37000000000000e+00 0.00000000000000e+00 
2.38000000000000e+00 0.00000000000000e+00 
2.39000000000000e+00 0.00000000000000e+00 
2.40000000000000e+00 0.00000000000000e+00 
2.41000000000000e+00 0.00000000000000e+00 
2.42000000000000e+00 0.00000000000000e+00 
2.43000000000000e+00 0.00000000000000e+00 
2.44000000000000e+00 0.00000000000000e+00 
2.45000000000000e+00 0.00000000000000e+00 
2.46000000000000e+00 0.00000000000000e+00 
2.47000000000000e+00 0.00000000000000e+00 
2.48000000000000e+00 0.00000000000000e+00 
2.49000000000000e+00 0.00000000000000e+00 
2.50000000000000e+00 0.00000000000000e+00 
2.51000000000000e+00 0.00000000000000e+00 
2.52000000000000e+00 0.00000000000000e+00 
2.53000000000000e+00 0.00000000000000e+00 
2.54000000000000e+00 0.00000000000000e+00 
2.55000000000000e+00 0.00000000000000e+00 
2.56000000000000e+00 0.00000000000000e+00 
2.57000000000000e+00 0.00000000000000e+00 
2.58000000000000e+00 0.00000000000000e+00 
2.59000000000000e+00 0.00000000000000e+00 
2.60000000000000e+00 0.00000000000000e+00 
2.61000000000000e+00 0.00000000000000e+00 
2.62000000000000e+00 0.00000000000000e+00 
2.63000000000000e+00 0.00000000000000e+00 
2.64000000000000e+00 0.00000000000000e+00 
2.65000000000000e+00 0.00000000000000e+00 
2.66000000000000e+00 0.00000000000000e+00 
2.67000000000000e+00 0.00000000000000e+00 
2.68000000000000e+00 0.00000000000000e+00 
2.69000000000000e+00 0.00000000000000e+00 
2.70000000000000e+00 0.00000000000000e+00 
2.71000000000000e+00 0.00000000000000e+00 
2.72000000000000e+00 0.00000000000000e+00 
2.73000000000000e+00 0.00000000000000e+00 
2.74000000000000e+00 0.00000000000000e+00 
2.75000000000000e+00 0.00000000000000e+00 
2.76000000000000e+00 0.00000000000000e+00 
2.77000000000000e+00 0.00000000000000e+00 
2.78000000000000e+00 0.00000000000000e+00 
2.79000000000000e+00 0.00000000000000e+00 
2.80000000000000e+00 0.00000000000000e+00 
2.81000000000000e+00 0.00000000000000e+00 
2.82000000000000e+00 0.00000000000000e+00 
2.83000000000000e+00 0.00000000000000e+00 
2.84000000000000e+00 0.00000000000000e+00 
2.85000000000000e+00 0.00000000000000e+00 
2.86000000000000e+00 0.00000000000000e+00 
2.87000000000000e+00 0.00000000000000e+00 
2.88000000000000e+00 0.00000000000000e+00 
2.89000000000000e+00 0.00000000000000e+00 
2.90000000000000e+00 0.00000000000000e+00 
2.91000000000000e+00 0.00000000000000e+00 
2.92000000000000e+00 0.00000000000000e+00 
2.93000000000000e+00 0.00000000000000e+00 
2.94000000000000e+00 0.00000000000000e+00 
2.95000000000000e+00 0.00000000000000e+00 
2.96000000000000e+00 0.00000000000000e+00 
2.97000000000000e+00 0.00000000000000e+00 
2.98000000000000e+00 0.00000000000000e+00 
2.99000000000000e+00 0.00000000000000e+00 
3.00000000000000e+00 0.00000000000000e+00 
3.01000000000000e+00 0.00000000000000e+00 
3.02000000000000e+00 0.00000000000000e+00 
3.03000000000000e+00 0.00000000000000e+00 
3.04000000000000e+00 0.00000000000000e+00 
3.05000000000000e+00 0.00000000000000e+00 
3.06000000000000e+00 0.00000000000000e+00 
3.07000000000000e+00 0.00000000000000e+00 
3.08000000000000e+00 0.00000000000000e+00 
3.09000000000000e+00 0.00000000000000e+00 
3.10000000000000e+00 0.00000000000000e+00 
3.11000000000000e+00 0.00000000000000e+00 
3.12000000000000e+00 0.00000000000000e+00 
3.13000000000000e+00 0.00000000000000e+00 
3.14000000000000e+00 0.00000000000000e+00 
3.15000000000000e+00 0.00000000000000e+00 
3.16000000000000e+00 0.00000000000000e+00 
3.17000000000000e+00 0.00000000000000e+00 
3.18000000000000e+00 0.00000000000000e+00 
3.19000000000000e+00 0.00000000000000e+00 
3.20000000000000e+00 0.00000000000000e+00 
3.21000000000000e+00 0.00000000000000e+00 
3.22000000000000e+00 0.00000000000000e+00 
3.23000000000000e+00 0.00000000000000e+00 
3.24000000000000e+00 0.00000000000000e+00 
3.25000000000000e+00 0.00000000000000e+00 
3.26000000000000e+00 0.00000000000000e+00 
3.27000000000000e+00 0.00000000000000e+00 
3.28000000000000e+00 0.00000000000000e+00 
3.29000000000000e+00 0.00000000000000e+00 
3.30000000000000e+00 0.00000000000000e+00 
3.31000000000000e+00 0.00000000000000e+00 
3.32000000000000e+00 0.00000000000000e+00 
3.33000000000000e+00 0.00000000000000e+00 
3.34000000000000e+00 0.00000000000000e+00 
3.35000000000000e+00 0.00000000000000e+00 
3.36000000000000e+00 0.00000000000000e+00 
3.37000000000000e+00 0.00000000000000e+00 
3.38000000000000e+00 0.00000000000000e+00 
3.39000000000000e+00 0.00000000000000e+00 
3.40000000000000e+00 0.00000000000000e+00 
3.41000000000000e+00 0.00000000000000e+00 
3.42000000000000e+00 0.00000000000000e+00 
3.43000000000000e+00 0.00000000000000e+00 
3.44000000000000e+00 0.00000000000000e+00 
3.45000000000000e+00 0.00000000000000e+00 
3.46000000000000e+00 0.00000000000000e+00 
3.47000000000000e+00 0.00000000000000e+00 
3.48000000000000e+00 0.00000000000000e+00 
3.49000000000000e+00 0.00000000000000e+00 
3.50000000000000e+00 0.00000000000000e+00 
3.51000000000000e+00 0.00000000000000e+00 
3.52000000000000e+00 0.00000000000000e+00 
3.53000000000000e+00 0.00000000000000e+00 
3.54000000000000e+00 0.00000000000000e+00 
3.55000000000000e+00 0.00000000000000e+00 
3.56000000000000e+00 0.00000000000000e+00 
3.57000000000000e+00 0.00000000000000e+00 
3.58000000000000e+00 0.00000000000000e+00 
3.59000000000000e+00 0.00000000000000e+00 
3.60000000000000e+00 0.00000000000000e+00 
3.61000000000000e+00 0.00000000000000e+00 
3.62000000000000e+00 0.00000000000000e+00 
3.63000000000000e+00 0.00000000000000e+00 
3.64000000000000e+00 0.00000000000000e+00 
3.65000000000000e+00 0.00000000000000e+00 
3.66000000000000e+00 0.00000000000000e+00 
3.67000000000000e+00 0.00000000000000e+00 
3.68000000000000e+00 0.00000000000000e+00 
3.69000000000000e+00 0.00000000000000e+00 
3.70000000000000e+00 0.00000000000000e+00 
3.71000000000000e+00 0.00000000000000e+00 
3.72000000000000e+00 0.00000000000000e+00 
3.73000000000000e+00 0.00000000000000e+00 
3.74000000000000e+00 0.00000000000000e+00 
3.75000000000000e+00 0.00000000000000e+00 
3.76000000000000e+00 0.00000000000000e+00 
3.77000000000000e+00 0.00000000000000e+00 
3.78000000000000e+00 0.00000000000000e+00 
3.79000000000000e+00 0.00000000000000e+00 
3.80000000000000e+00 0.00000000000000e+00 
3.81000000000000e+00 0.00000000000000e+00 
3.82000000000000e+00 0.00000000000000e+00 
3.83000000000000e+00 0.00000000000000e+00 
3.84000000000000e+00 0.00000000000000e+00 
3.85000000000000e+00 0.00000000000000e+00 
3.86000000000000e+00 0.00000000000000e+00 
3.87000000000000e+00 0.00000000000000e+00 
3.88000000000000e+00 0.00000000000000e+00 
3.89000000000000e+00 0.00000000000000e+00 
3.90000000000000e+00 0.00000000000000e+00 
3.91000000000000e+00 0.00000000000000e+00 
3.92000000000000e+00 0.00000000000000e+00 
3.93000000000000e+00 0.00000000000000e+00 
3.94000000000000e+00 0.00000000000000e+00 
3.95000000000000e+00 0.00000000000000e+00 
3.96000000000000e+00 0.00000000000000e+00 
3.97000000000000e+00 0.00000000000000e+00 
3.98000000000000e+00 0.00000000000000e+00 
3.99000000000000e+00 0.00000000000000e+00 
4.00000000000000e+00 0.00000000000000e+00 
4.01000000000000e+00 0.00000000000000e+00 
4.02000000000000e+00 0.00000000000000e+00 
4.03000000000000e+00 0.00000000000000e+00 
4.04000000000000e+00 0.00000000000000e+00 
4.05000000000000e+00 0.00000000000000e+00 
4.06000000000000e+00 0.00000000000000e+00 
4.07000000000000e+00 0.00000000000000e+00 
4.08000000000000e+00 0.00000000000000e+00 
4.09000000000000e+00 0.00000000000000e+00 
4.10000000000000e+00 0.00000000000000e+00 
4.11000000000000e+00 0.00000000000000e+00 
4.12000000000000e+00 0.00000000000000e+00 
4.13000000000000e+00 0.00000000000000e+00 
4.14000000000000e+00 0.00000000000000e+00 
4.15000000000000e+00 0.00000000000000e+00 
4.16000000000000e+00 0.00000000000000e+00 
4.17000000000000e+00 0.00000000000000e+00 
4.18000000000000e+00 0.00000000000000e+00 
4.19000000000000e+00 0.00000000000000e+00 
4.20000000000000e+00 0.00000000000000e+00 
4.21000000000000e+00 0.00000000000000e+00 
4.22000000000000e+00 0.00000000000000e+00 
4.23000000000000e+00 0.00000000000000e+00 
4.24000000000000e+00 0.00000000000000e+00 
4.25000000000000e+00 0.00000000000000e+00 
4.26000000000000e+00 0.00000000000000e+00 
4.27000000000000e+00 0.00000000000000e+00 
4.28000000000000e+00 0.00000000000000e+00 
4.29000000000000e+00 0.00000000000000e+00 
4.30000000000000e+00 0.00000000000000e+00 
4.31000000000000e+00 0.00000000000000e+00 
4.32000000000000e+00 0.00000000000000e+00 
4.33000000000000e+00 0.00000000000000e+00 
4.34000000000000e+00 0.00000000000000e+00 
4.35000000000000e+00 0.00000000000000e+00 
4.36000000000000e+00 0.00000000000000e+00 
4.37000000000000e+00 0.00000000000000e+00 
4.38000000000000e+00 0.00000000000000e+00 
4.39000000000000e+00 0.00000000000000e+00 
4.40000000000000e+00 0.00000000000000e+00 
4.41000000000000e+00 0.00000000000000e+00 
4.42000000000000e+00 0.00000000000000e+00 
4.43000000000000e+00 0.00000000000000e+00 
4.44000000000000e+00 0.00000000000000e+00 
4.45000000000000e+00 0.00000000000000e+00 
4.46000000000000e+00 0.00000000000000e+00 
4.47000000000000e+00 0.00000000000000e+00 
4.48000000000000e+00 0.00000000000000e+00 
4.49000000000000e+00 0.00000000000000e+00 
4.50000000000000e+00 0.00000000000000e+00 
4.51000000000000e+00 0.00000000000000e+00 
4.52000000000000e+00 0.00000000000000e+00 
4.53000000000000e+00 0.00000000000000e+00 
4.54000000000000e+00 0.00000000000000e+00 
4.55000000000000e+00 0.00000000000000e+00 
4.56000000000000e+00 0.00000000000000e+00 
4.57000000000000e+00 0.00000000000000e+00 
4.58000000000000e+00 0.00000000000000e+00 
4.59000000000000e+00 0.00000000000000e+00 
4.60000000000000e+00 0.00000000000000e+00 
4.61000000000000e+00 0.00000000000000e+00 
4.62000000000000e+00 0.00000000000000e+00 
4.63000000000000e+00 0.00000000000000e+00 
4.64000000000000e+00 0.00000000000000e+00 
4.65000000000000e+00 0.00000000000000e+00 
4.66000000000000e+00 0.00000000000000e+00 
4.67000000000000e+00 0.00000000000000e+00 
4.68000000000000e+00 0.00000000000000e+00 
4.69000000000000e+00 0.00000000000000e+00 
4.70000000000000e+00 0.00000000000000e+00 
4.71000000000000e+00 0.00000000000000e+00 
4.72000000000000e+00 0.00000000000000e+00 
4.73000000000000e+00 0.00000000000000e+00 
4.74000000000000e+00 0.00000000000000e+00 
4.75000000000000e+00 0.00000000000000e+00 
4.76000000000000e+00 0.00000000000000e+00 
4.77000000000000e+00 0.00000000000000e+00 
4.78000000000000e+00 0.00000000000000e+00 
4.79000000000000e+00 0.00000000000000e+00 
4.80000000000000e+00 0.00000000000000e+00 
4.81000000000000e+00 0.00000000000000e+00 
4.82000000000000e+00 0.00000000000000e+00 
4.83000000000000e+00 0.00000000000000e+00 
4.84000000000000e+00 0.00000000000000e+00 
4.85000000000000e+00 0.00000000000000e+00 
4.86000000000000e+00 0.00000000000000e+00 
4.87000000000000e+00 0.00000000000000e+00 
4.88000000000000e+00 0.00000000000000e+00 
4.89000000000000e+00 0.00000000000000e+00 
4.90000000000000e+00 0.00000000000000e+00 
4.91000000000000e+00 0.00000000000000e+00 
4.92000000000000e+00 0.00000000000000e+00 
4.93000000000000e+00 0.00000000000000e+00 
4.94000000000000e+00 0.00000000000000e+00 
4.95000000000000e+00 0.00000000000000e+00 
4.96000000000000e+00 0.00000000000000e+00 
4.97000000000000e+00 0.00000000000000e+00 
4.98000000000000e+00 0.00000000000000e+00 
4.99000000000000e+00 0.00000000000000e+00 
5.00000000000000e+00 0.00000000000000e+00 
5.01000000000000e+00 0.00000000000000e+00 
5.02000000000000e+00 0.00000000000000e+00 
5.03000000000000e+00 0.00000000000000e+00 
5.04000000000000e+00 0.00000000000000e+00 
5.05000000000000e+00 0.00000000000000e+00 
5.06000000000000e+00 0.00000000000000e+00 
5.07000000000000e+00 0.00000000000000e+00 
5.08000000000000e+00 0.00000000000000e+00 
5.09000000000000e+00 0.00000000000000e+00 
5.10000000000000e+00 0.00000000000000e+00 
5.11000000000000e+00 0.00000000000000e+00 
5.12000000000000e+00 0.00000000000000e+00 
5.13000000000000e+00 0.00000000000000e+00 
5.14000000000000e+00 0.00000000000000e+00 
5.15000000000000e+00 0.00000000000000e+00 
5.16000000000000e+00 0.00000000000000e+00 
5.17000000000000e+00 0.00000000000000e+00 
5.18000000000000e+00 0.00000000000000e+00 
5.19000000000000e+00 0.00000000000000e+00 
5.20000000000000e+00 0.00000000000000e+00 
5.21000000000000e+00 0.00000000000000e+00 
5.22000000000000e+00 0.00000000000000e+00 
5.23000000000000e+00 0.00000000000000e+00 
5.24000000000000e+00 0.00000000000000e+00 
5.25000000000000e+00 0.00000000000000e+00 
5.26000000000000e+00 0.00000000000000e+00 
5.27000000000000e+00 0.00000000000000e+00 
5.28000000000000e+00 0.00000000000000e+00 
5.29000000000000e+00 0.00000000000000e+00 
5.30000000000000e+00 0.00000000000000e+00 
5.31000000000000e+00 0.00000000000000e+00 
5.32000000000000e+00 0.00000000000000e+00 
5.33000000000000e+00 0.00000000000000e+00 
5.34000000000000e+00 0.00000000000000e+00 
5.35000000000000e+00 0.00000000000000e+00 
5.36000000000000e+00 0.00000000000000e+00 
5.37000000000000e+00 0.00000000000000e+00 
5.38000000000000e+00 0.00000000000000e+00 
5.39000000000000e+00 0.00000000000000e+00 
5.40000000000000e+00 0.00000000000000e+00 
5.41000000000000e+00 0.00000000000000e+00 
5.42000000000000e+00 0.00000000000000e+00 
5.43000000000000e+00 0.00000000000000e+00 
5.44000000000000e+00 0.00000000000000e+00 
5.45000000000000e+00 0.00000000000000e+00 
5.46000000000000e+00 0.00000000000000e+00 
5.47000000000000e+00 0.00000000000000e+00 
5.48000000000000e+00 0.00000000000000e+00 
5.49000000000000e+00 0.00000000000000e+00 
5.50000000000000e+00 0.00000000000000e+00 
5.51000000000000e+00 0.00000000000000e+00 
5.52000000000000e+00 0.00000000000000e+00 
5.53000000000000e+00 0.00000000000000e+00 
5.54000000000000e+00 0.00000000000000e+00 
5.55000000000000e+00 0.00000000000000e+00 
5.56000000000000e+00 0.00000000000000e+00 
5.57000000000000e+00 0.00000000000000e+00 
5.58000000000000e+00 0.00000000000000e+00 
5.59000000000000e+00 0.00000000000000e+00 
5.60000000000000e+00 0.00000000000000e+00 
5.61000000000000e+00 0.00000000000000e+00 
5.62000000000000e+00 0.00000000000000e+00 
5.63000000000000e+00 0.00000000000000e+00 
5.64000000000000e+00 0.00000000000000e+00 
5.65000000000000e+00 0.00000000000000e+00 
5.66000000000000e+00 0.00000000000000e+00 
5.67000000000000e+00 0.00000000000000e+00 
5.68000000000000e+00 0.00000000000000e+00 
5.69000000000000e+00 0.00000000000000e+00 
5.70000000000000e+00 0.00000000000000e+00 
5.71000000000000e+00 0.00000000000000e+00 
5.72000000000000e+00 0.00000000000000e+00 
5.73000000000000e+00 0.00000000000000e+00 
5.74000000000000e+00 0.00000000000000e+00 
5.75000000000000e+00 0.00000000000000e+00 
5.76000000000000e+00 0.00000000000000e+00 
5.77000000000000e+00 0.00000000000000e+00 
5.78000000000000e+00 0.00000000000000e+00 
5.79000000000000e+00 0.00000000000000e+00 
5.80000000000000e+00 0.00000000000000e+00 
5.81000000000000e+00 0.00000000000000e+00 
5.82000000000000e+00 0.00000000000000e+00 
5.83000000000000e+00 0.00000000000000e+00 
5.84000000000000e+00 0.00000000000000e+00 
5.85000000000000e+00 0.00000000000000e+00 
5.86000000000000e+00 0.00000000000000e+00 
5.87000000000000e+00 0.00000000000000e+00 
5.88000000000000e+00 0.00000000000000e+00 
5.89000000000000e+00 0.00000000000000e+00 
5.90000000000000e+00 0.00000000000000e+00 
5.91000000000000e+00 0.00000000000000e+00 
5.92000000000000e+00 0.00000000000000e+00 
5.93000000000000e+00 0.00000000000000e+00 
5.94000000000000e+00 0.00000000000000e+00 
5.95000000000000e+00 0.00000000000000e+00 
5.96000000000000e+00 0.00000000000000e+00 
5.97000000000000e+00 0.00000000000000e+00 
5.98000000000000e+00 0.00000000000000e+00 
5.99000000000000e+00 0.00000000000000e+00 
6.00000000000000e+00 0.00000000000000e+00 
6.01000000000000e+00 0.00000000000000e+00 
6.02000000000000e+00 0.00000000000000e+00 
6.03000000000000e+00 0.00000000000000e+00 
6.04000000000000e+00 0.00000000000000e+00 
6.05000000000000e+00 0.00000000000000e+00 
6.06000000000000e+00 0.00000000000000e+00 
6.07000000000000e+00 0.00000000000000e+00 
6.08000000000000e+00 0.00000000000000e+00 
6.09000000000000e+00 0.00000000000000e+00 
6.10000000000000e+00 0.00000000000000e+00 
6.11000000000000e+00 0.00000000000000e+00 
6.12000000000000e+00 0.00000000000000e+00 
6.13000000000000e+00 0.00000000000000e+00 
6.14000000000000e+00 0.00000000000000e+00 
6.15000000000000e+00 0.00000000000000e+00 
6.16000000000000e+00 0.00000000000000e+00 
6.17000000000000e+00 0.00000000000000e+00 
6.18000000000000e+00 0.00000000000000e+00 
6.19000000000000e+00 0.00000000000000e+00 
6.20000000000000e+00 0.00000000000000e+00 
6.21000000000000e+00 0.00000000000000e+00 
6.22000000000000e+00 0.00000000000000e+00 
6.23000000000000e+00 0.00000000000000e+00 
6.24000000000000e+00 0.00000000000000e+00 
6.25000000000000e+00 0.00000000000000e+00 
6.26000000000000e+00 0.00000000000000e+00 
6.27000000000000e+00 0.00000000000000e+00 
6.28000000000000e+00 0.00000000000000e+00 
6.29000000000000e+00 0.00000000000000e+00 
6.30000000000000e+00 0.00000000000000e+00 
6.31000000000000e+00 0.00000000000000e+00 
6.32000000000000e+00 0.00000000000000e+00 
6.33000000000000e+00 0.00000000000000e+00 
6.34000000000000e+00 0.00000000000000e+00 
6.35000000000000e+00 0.00000000000000e+00 
6.36000000000000e+00 0.00000000000000e+00 
6.37000000000000e+00 0.00000000000000e+00 
6.38000000000000e+00 0.00000000000000e+00 
6.39000000000000e+00 0.00000000000000e+00 
6.40000000000000e+00 0.00000000000000e+00 
6.41000000000000e+00 0.00000000000000e+00 
6.42000000000000e+00 0.00000000000000e+00 
6.43000000000000e+00 0.00000000000000e+00 
6.44000000000000e+00 0.00000000000000e+00 
6.45000000000000e+00 0.00000000000000e+00 
6.46000000000000e+00 0.00000000000000e+00 
6.47000000000000e+00 0.00000000000000e+00 
6.48000000000000e+00 0.00000000000000e+00 
6.49000000000000e+00 0.00000000000000e+00 
6.50000000000000e+00 0.00000000000000e+00 
6.51000000000000e+00 0.00000000000000e+00 
6.52000000000000e+00 0.00000000000000e+00 
6.53000000000000e+00 0.00000000000000e+00 
6.54000000000000e+00 0.00000000000000e+00 
6.55000000000000e+00 0.00000000000000e+00 
6.56000000000000e+00 0.00000000000000e+00 
6.57000000000000e+00 0.00000000000000e+00 
6.58000000000000e+00 0.00000000000000e+00 
6.59000000000000e+00 0.00000000000000e+00 
6.60000000000000e+00 0.00000000000000e+00 
6.61000000000000e+00 0.00000000000000e+00 
6.62000000000000e+00 0.00000000000000e+00 
6.63000000000000e+00 0.00000000000000e+00 
6.64000000000000e+00 0.00000000000000e+00 
6.65000000000000e+00 0.00000000000000e+00 
6.66000000000000e+00 0.00000000000000e+00 
6.67000000000000e+00 0.00000000000000e+00 
6.68000000000000e+00 0.00000000000000e+00 
6.69000000000000e+00 0.00000000000000e+00 
6.70000000000000e+00 0.00000000000000e+00 
6.71000000000000e+00 0.00000000000000e+00 
6.72000000000000e+00 0.00000000000000e+00 
6.73000000000000e+00 0.00000000000000e+00 
6.74000000000000e+00 0.00000000000000e+00 
6.75000000000000e+00 0.00000000000000e+00 
6.76000000000000e+00 0.00000000000000e+00 
6.77000000000000e+00 0.00000000000000e+00 
6.78000000000000e+00 0.00000000000000e+00 
6.79000000000000e+00 0.00000000000000e+00 
6.80000000000000e+00 0.00000000000000e+00 
6.81000000000000e+00 0.00000000000000e+00 
6.82000000000000e+00 0.00000000000000e+00 
6.83000000000000e+00 0.00000000000000e+00 
6.84000000000000e+00 0.00000000000000e+00 
6.85000000000000e+00 0.00000000000000e+00 
6.86000000000000e+00 0.00000000000000e+00 
6.87000000000000e+00 0.00000000000000e+00 
6.88000000000000e+00 0.00000000000000e+00 
6.89000000000000e+00 0.00000000000000e+00 
6.90000000000000e+00 0.00000000000000e+00 
6.91000000000000e+00 0.00000000000000e+00 
6.92000000000000e+00 0.00000000000000e+00 
6.93000000000000e+00 0.00000000000000e+00 
6.94000000000000e+00 0.00000000000000e+00 
6.95000000000000e+00 0.00000000000000e+00 
6.96000000000000e+00 0.00000000000000e+00 
6.97000000000000e+00 0.00000000000000e+00 
6.98000000000000e+00 0.00000000000000e+00 
6.99000000000000e+00 0.00000000000000e+00 
7.00000000000000e+00 0.00000000000000e+00 
7.01000000000000e+00 0.00000000000000e+00 
7.02000000000000e+00 0.00000000000000e+00 
7.03000000000000e+00 0.00000000000000e+00 
7.04000000000000e+00 0.00000000000000e+00 
7.05000000000000e+00 0.00000000000000e+00 
7.06000000000000e+00 0.00000000000000e+00 
7.07000000000000e+00 0.00000000000000e+00 
7.08000000000000e+00 0.00000000000000e+00 
7.09000000000000e+00 0.00000000000000e+00 
7.10000000000000e+00 0.00000000000000e+00 
7.11000000000000e+00 0.00000000000000e+00 
7.12000000000000e+00 0.00000000000000e+00 
7.13000000000000e+00 0.00000000000000e+00 
7.14000000000000e+00 0.00000000000000e+00 
7.15000000000000e+00 0.00000000000000e+00 
7.16000000000000e+00 0.00000000000000e+00 
7.17000000000000e+00 0.00000000000000e+00 
7.18000000000000e+00 0.00000000000000e+00 
7.19000000000000e+00 0.00000000000000e+00 
7.20000000000000e+00 0.00000000000000e+00 
7.21000000000000e+00 0.00000000000000e+00 
7.22000000000000e+00 0.00000000000000e+00 
7.23000000000000e+00 0.00000000000000e+00 
7.24000000000000e+00 0.00000000000000e+00 
7.25000000000000e+00 0.00000000000000e+00 
7.26000000000000e+00 0.00000000000000e+00 
7.27000000000000e+00 0.00000000000000e+00 
7.28000000000000e+00 0.00000000000000e+00 
7.29000000000000e+00 0.00000000000000e+00 
7.30000000000000e+00 0.00000000000000e+00 
7.31000000000000e+00 0.00000000000000e+00 
7.32000000000000e+00 0.00000000000000e+00 
7.33000000000000e+00 0.00000000000000e+00 
7.34000000000000e+00 0.00000000000000e+00 
7.35000000000000e+00 0.00000000000000e+00 
7.36000000000000e+00 0.00000000000000e+00 
7.37000000000000e+00 0.00000000000000e+00 
7.38000000000000e+00 0.00000000000000e+00 
7.39000000000000e+00 0.00000000000000e+00 
7.40000000000000e+00 0.00000000000000e+00 
7.41000000000000e+00 0.00000000000000e+00 
7.42000000000000e+00 0.00000000000000e+00 
7.43000000000000e+00 0.00000000000000e+00 
7.44000000000000e+00 0.00000000000000e+00 
7.45000000000000e+00 0.00000000000000e+00 
7.46000000000000e+00 0.00000000000000e+00 
7.47000000000000e+00 0.00000000000000e+00 
7.48000000000000e+00 0.00000000000000e+00 
7.49000000000000e+00 0.00000000000000e+00 
7.50000000000000e+00 0.00000000000000e+00 
7.51000000000000e+00 0.00000000000000e+00 
7.52000000000000e+00 0.00000000000000e+00 
7.53000000000000e+00 0.00000000000000e+00 
7.54000000000000e+00 0.00000000000000e+00 
7.55000000000000e+00 0.00000000000000e+00 
7.56000000000000e+00 0.00000000000000e+00 
7.57000000000000e+00 0.00000000000000e+00 
7.58000000000000e+00 0.00000000000000e+00 
7.59000000000000e+00 0.00000000000000e+00 
7.60000000000000e+00 0.00000000000000e+00 
7.61000000000000e+00 0.00000000000000e+00 
7.62000000000000e+00 0.00000000000000e+00 
7.63000000000000e+00 0.00000000000000e+00 
7.64000000000000e+00 0.00000000000000e+00 
7.65000000000000e+00 0.00000000000000e+00 
7.66000000000000e+00 0.00000000000000e+00 
7.67000000000000e+00 0.00000000000000e+00 
7.68000000000000e+00 0.00000000000000e+00 
7.69000000000000e+00 0.00000000000000e+00 
7.70000000000000e+00 0.00000000000000e+00 
7.71000000000000e+00 0.00000000000000e+00 
7.72000000000000e+00 0.00000000000000e+00 
7.73000000000000e+00 0.00000000000000e+00 
7.74000000000000e+00 0.00000000000000e+00 
7.75000000000000e+00 0.00000000000000e+00 
7.76000000000000e+00 0.00000000000000e+00 
7.77000000000000e+00 0.00000000000000e+00 
7.78000000000000e+00 0.00000000000000e+00 
7.79000000000000e+00 0.00000000000000e+00 
7.80000000000000e+00 0.00000000000000e+00 
7.81000000000000e+00 0.00000000000000e+00 
7.82000000000000e+00 0.00000000000000e+00 
7.83000000000000e+00 0.00000000000000e+00 
7.84000000000000e+00 0.00000000000000e+00 
7.85000000000000e+00 0.00000000000000e+00 
7.86000000000000e+00 0.00000000000000e+00 
7.87000000000000e+00 0.00000000000000e+00 
7.88000000000000e+00 0.00000000000000e+00 
7.89000000000000e+00 0.00000000000000e+00 
7.90000000000000e+00 0.00000000000000e+00 
7.91000000000000e+00 0.00000000000000e+00 
7.92000000000000e+00 0.00000000000000e+00 
7.93000000000000e+00 0.00000000000000e+00 
7.94000000000000e+00 0.00000000000000e+00 
7.95000000000000e+00 0.00000000000000e+00 
7.96000000000000e+00 0.00000000000000e+00 
7.97000000000000e+00 0.00000000000000e+00 
7.98000000000000e+00 0.00000000000000e+00 
7.99000000000000e+00 0.00000000000000e+00 
8.00000000000000e+00 0.00000000000000e+00 
8.01000000000000e+00 0.00000000000000e+00 
8.02000000000000e+00 0.00000000000000e+00 
8.03000000000000e+00 0.00000000000000e+00 
8.04000000000000e+00 0.00000000000000e+00 
8.05000000000000e+00 0.00000000000000e+00 
8.06000000000000e+00 0.00000000000000e+00 
8.07000000000000e+00 0.00000000000000e+00 
8.08000000000000e+00 0.00000000000000e+00 
8.09000000000000e+00 0.00000000000000e+00 
8.10000000000000e+00 0.00000000000000e+00 
8.11000000000000e+00 0.00000000000000e+00 
8.12000000000000e+00 0.00000000000000e+00 
8.13000000000000e+00 0.00000000000000e+00 
8.14000000000000e+00 0.00000000000000e+00 
8.15000000000000e+00 0.00000000000000e+00 
8.16000000000000e+00 0.00000000000000e+00 
8.17000000000000e+00 0.00000000000000e+00 
8.18000000000000e+00 0.00000000000000e+00 
8.19000000000000e+00 0.00000000000000e+00 
8.20000000000000e+00 0.00000000000000e+00 
8.21000000000000e+00 0.00000000000000e+00 
8.22000000000000e+00 0.00000000000000e+00 
8.23000000000000e+00 0.00000000000000e+00 
8.24000000000000e+00 0.00000000000000e+00 
8.25000000000000e+00 0.00000000000000e+00 
8.26000000000000e+00 0.00000000000000e+00 
8.27000000000000e+00 0.00000000000000e+00 
8.28000000000000e+00 0.00000000000000e+00 
8.29000000000000e+00 0.00000000000000e+00 
8.30000000000000e+00 0.00000000000000e+00 
8.31000000000000e+00 0.00000000000000e+00 
8.32000000000000e+00 0.00000000000000e+00 
8.33000000000000e+00 0.00000000000000e+00 
8.34000000000000e+00 0.00000000000000e+00 
8.35000000000000e+00 0.00000000000000e+00 
8.36000000000000e+00 0.00000000000000e+00 
8.37000000000000e+00 0.00000000000000e+00 
8.38000000000000e+00 0.00000000000000e+00 
8.39000000000000e+00 0.00000000000000e+00 
8.40000000000000e+00 0.00000000000000e+00 
8.41000000000000e+00 0.00000000000000e+00 
8.42000000000000e+00 0.00000000000000e+00 
8.43000000000000e+00 0.00000000000000e+00 
8.44000000000000e+00 0.00000000000000e+00 
8.45000000000000e+00 0.00000000000000e+00 
8.46000000000000e+00 0.00000000000000e+00 
8.47000000000000e+00 0.00000000000000e+00 
8.48000000000000e+00 0.00000000000000e+00 
8.49000000000000e+00 0.00000000000000e+00 
8.50000000000000e+00 0.00000000000000e+00 
8.51000000000000e+00 0.00000000000000e+00 
8.52000000000000e+00 0.00000000000000e+00 
8.53000000000000e+00 0.00000000000000e+00 
8.54000000000000e+00 0.00000000000000e+00 
8.55000000000000e+00 0.00000000000000e+00 
8.56000000000000e+00 0.00000000000000e+00 
8.57000000000000e+00 0.00000000000000e+00 
8.58000000000000e+00 0.00000000000000e+00 
8.59000000000000e+00 0.00000000000000e+00 
8.60000000000000e+00 0.00000000000000e+00 
8.61000000000000e+00 0.00000000000000e+00 
8.62000000000000e+00 0.00000000000000e+00 
8.63000000000000e+00 0.00000000000000e+00 
8.64000000000000e+00 0.00000000000000e+00 
8.65000000000000e+00 0.00000000000000e+00 
8.66000000000000e+00 0.00000000000000e+00 
8.67000000000000e+00 0.00000000000000e+00 
8.68000000000000e+00 0.00000000000000e+00 
8.69000000000000e+00 0.00000000000000e+00 
8.70000000000000e+00 0.00000000000000e+00 
8.71000000000000e+00 0.00000000000000e+00 
8.72000000000000e+00 0.00000000000000e+00 
8.73000000000000e+00 0.00000000000000e+00 
8.74000000000000e+00 0.00000000000000e+00 
8.75000000000000e+00 0.00000000000000e+00 
8.76000000000000e+00 0.00000000000000e+00 
8.77000000000000e+00 0.00000000000000e+00 
8.78000000000000e+00 0.00000000000000e+00 
8.79000000000000e+00 0.00000000000000e+00 
8.80000000000000e+00 0.00000000000000e+00 
8.81000000000000e+00 0.00000000000000e+00 
8.82000000000000e+00 0.00000000000000e+00 
8.83000000000000e+00 0.00000000000000e+00 
8.84000000000000e+00 0.00000000000000e+00 
8.85000000000000e+00 0.00000000000000e+00 
8.86000000000000e+00 0.00000000000000e+00 
8.87000000000000e+00 0.00000000000000e+00 
8.88000000000000e+00 0.00000000000000e+00 
8.89000000000000e+00 0.00000000000000e+00 
8.90000000000000e+00 0.00000000000000e+00 
8.91000000000000e+00 0.00000000000000e+00 
8.92000000000000e+00 0.00000000000000e+00 
8.93000000000000e+00 0.00000000000000e+00 
8.94000000000000e+00 0.00000000000000e+00 
8.95000000000000e+00 0.00000000000000e+00 
8.96000000000000e+00 0.00000000000000e+00 
8.97000000000000e+00 0.00000000000000e+00 
8.98000000000000e+00 0.00000000000000e+00 
8.99000000000000e+00 0.00000000000000e+00 
9.00000000000000e+00 0.00000000000000e+00 
9.01000000000000e+00 0.00000000000000e+00 
9.02000000000000e+00 0.00000000000000e+00 
9.03000000000000e+00 0.00000000000000e+00 
9.04000000000000e+00 0.00000000000000e+00 
9.05000000000000e+00 0.00000000000000e+00 
9.06000000000000e+00 0.00000000000000e+00 
9.07000000000000e+00 0.00000000000000e+00 
9.08000000000000e+00 0.00000000000000e+00 
9.09000000000000e+00 0.00000000000000e+00 
9.10000000000000e+00 0.00000000000000e+00 
9.11000000000000e+00 0.00000000000000e+00 
9.12000000000000e+00 0.00000000000000e+00 
9.13000000000000e+00 0.00000000000000e+00 
9.14000000000000e+00 0.00000000000000e+00 
9.15000000000000e+00 0.00000000000000e+00 
9.16000000000000e+00 0.00000000000000e+00 
9.17000000000000e+00 0.00000000000000e+00 
9.18000000000000e+00 0.00000000000000e+00 
9.19000000000000e+00 0.00000000000000e+00 
9.20000000000000e+00 0.00000000000000e+00 
9.21000000000000e+00 0.00000000000000e+00 
9.22000000000000e+00 0.00000000000000e+00 
9.23000000000000e+00 0.00000000000000e+00 
9.24000000000000e+00 0.00000000000000e+00 
9.25000000000000e+00 0.00000000000000e+00 
9.26000000000000e+00 0.00000000000000e+00 
9.27000000000000e+00 0.00000000000000e+00 
9.28000000000000e+00 0.00000000000000e+00 
9.29000000000000e+00 0.00000000000000e+00 
9.30000000000000e+00 0.00000000000000e+00 
9.31000000000000e+00 0.00000000000000e+00 
9.32000000000000e+00 0.00000000000000e+00 
9.33000000000000e+00 0.00000000000000e+00 
9.34000000000000e+00 0.00000000000000e+00 
9.35000000000000e+00 0.00000000000000e+00 
9.36000000000000e+00 0.00000000000000e+00 
9.37000000000000e+00 0.00000000000000e+00 
9.38000000000000e+00 0.00000000000000e+00 
9.39000000000000e+00 0.00000000000000e+00 
9.40000000000000e+00 0.00000000000000e+00 
9.41000000000000e+00 0.00000000000000e+00 
9.42000000000000e+00 0.00000000000000e+00 
9.43000000000000e+00 0.00000000000000e+00 
9.44000000000000e+00 0.00000000000000e+00 
9.45000000000000e+00 0.00000000000000e+00 
9.46000000000000e+00 0.00000000000000e+00 
9.47000000000000e+00 0.00000000000000e+00 
9.48000000000000e+00 0.00000000000000e+00 
9.49000000000000e+00 0.00000000000000e+00 
9.50000000000000e+00 0.00000000000000e+00 
9.51000000000000e+00 0.00000000000000e+00 
9.52000000000000e+00 0.00000000000000e+00 
9.53000000000000e+00 0.00000000000000e+00 
9.54000000000000e+00 0.00000000000000e+00 
9.55000000000000e+00 0.00000000000000e+00 
9.56000000000000e+00 0.00000000000000e+00 
9.57000000000000e+00 0.00000000000000e+00 
9.58000000000000e+00 0.00000000000000e+00 
9.59000000000000e+00 0.00000000000000e+00 
9.60000000000000e+00 0.00000000000000e+00 
9.61000000000000e+00 0.00000000000000e+00 
9.62000000000000e+00 0.00000000000000e+00 
9.63000000000000e+00 0.00000000000000e+00 
9.64000000000000e+00 0.00000000000000e+00 
9.65000000000000e+00 0.00000000000000e+00 
9.66000000000000e+00 0.00000000000000e+00 
9.67000000000000e+00 0.00000000000000e+00 
9.68000000000000e+00 0.00000000000000e+00 
9.69000000000000e+00 0.00000000000000e+00 
9.70000000000000e+00 0.00000000000000e+00 
9.71000000000000e+00 0.00000000000000e+00 
9.72000000000000e+00 0.00000000000000e+00 
9.73000000000000e+00 0.00000000000000e+00 
9.74000000000000e+00 0.00000000000000e+00 
9.75000000000000e+00 0.00000000000000e+00 
9.76000000000000e+00 0.00000000000000e+00 
9.77000000000000e+00 0.00000000000000e+00 
9.78000000000000e+00 0.00000000000000e+00 
9.79000000000000e+00 0.00000000000000e+00 
9.80000000000000e+00 0.00000000000000e+00 
9.81000000000000e+00 0.00000000000000e+00 
9.82000000000000e+00 0.00000000000000e+00 
9.83000000000000e+00 0.00000000000000e+00 
9.84000000000000e+00 0.00000000000000e+00 
9.85000000000000e+00 0.00000000000000e+00 
9.86000000000000e+00 0.00000000000000e+00 
9.87000000000000e+00 0.00000000000000e+00 
9.88000000000000e+00 0.00000000000000e+00 
9.89000000000000e+00 0.00000000000000e+00 
9.90000000000000e+00 0.00000000000000e+00 
9.91000000000000e+00 0.00000000000000e+00 
9.92000000000000e+00 0.00000000000000e+00 
9.93000000000000e+00 0.00000000000000e+00 
9.94000000000000e+00 0.00000000000000e+00 
9.95000000000000e+00 0.00000000000000e+00 
9.96000000000000e+00 0.00000000000000e+00 
9.97000000000000e+00 0.00000000000000e+00 
9.98000000000000e+00 0.00000000000000e+00 
9.99000000000000e+00 0.00000000000000e+00 
1.00000000000000e+01 0.00000000000000e+00 
1.00100000000000e+01 0.00000000000000e+00 
1.00200000000000e+01 0.00000000000000e+00 
1.00300000000000e+01 0.00000000000000e+00 
1.00400000000000e+01 0.00000000000000e+00 
1.00500000000000e+01 0.00000000000000e+00 
1.00600000000000e+01 0.00000000000000e+00 
1.00700000000000e+01 0.00000000000000e+00 
1.00800000000000e+01 0.00000000000000e+00 
1.00900000000000e+01 0.00000000000000e+00 
1.01000000000000e+01 0.00000000000000e+00 
1.01100000000000e+01 0.00000000000000e+00 
1.01200000000000e+01 0.00000000000000e+00 
1.01300000000000e+01 0.00000000000000e+00 
1.01400000000000e+01 0.00000000000000e+00 
1.01500000000000e+01 0.00000000000000e+00 
1.01600000000000e+01 0.00000000000000e+00 
1.01700000000000e+01 0.00000000000000e+00 
1.01800000000000e+01 0.00000000000000e+00 
1.01900000000000e+01 0.00000000000000e+00 
1.02000000000000e+01 0.00000000000000e+00 
1.02100000000000e+01 0.00000000000000e+00 
1.02200000000000e+01 0.00000000000000e+00 
1.02300000000000e+01 0.00000000000000e+00 
1.02400000000000e+01 0.00000000000000e+00 
1.02500000000000e+01 0.00000000000000e+00 
1.02600000000000e+01 0.00000000000000e+00 
1.02700000000000e+01 0.00000000000000e+00 
1.02800000000000e+01 0.00000000000000e+00 
1.02900000000000e+01 0.00000000000000e+00 
1.03000000000000e+01 0.00000000000000e+00 
1.03100000000000e+01 0.00000000000000e+00 
1.03200000000000e+01 0.00000000000000e+00 
1.03300000000000e+01 0.00000000000000e+00 
1.03400000000000e+01 0.00000000000000e+00 
1.03500000000000e+01 0.00000000000000e+00 
1.03600000000000e+01 0.00000000000000e+00 
1.03700000000000e+01 0.00000000000000e+00 
1.03800000000000e+01 0.00000000000000e+00 
1.03900000000000e+01 0.00000000000000e+00 
1.04000000000000e+01 0.00000000000000e+00 
1.04100000000000e+01 0.00000000000000e+00 
1.04200000000000e+01 0.00000000000000e+00 
1.04300000000000e+01 0.00000000000000e+00 
1.04400000000000e+01 0.00000000000000e+00 
1.04500000000000e+01 0.00000000000000e+00 
1.04600000000000e+01 0.00000000000000e+00 
1.04700000000000e+01 0.00000000000000e+00 
1.04800000000000e+01 0.00000000000000e+00 
1.04900000000000e+01 0.00000000000000e+00 
1.05000000000000e+01 0.00000000000000e+00 
1.05100000000000e+01 0.00000000000000e+00 
1.05200000000000e+01 0.00000000000000e+00 
1.05300000000000e+01 0.00000000000000e+00 
1.05400000000000e+01 0.00000000000000e+00 
1.05500000000000e+01 0.00000000000000e+00 
1.05600000000000e+01 0.00000000000000e+00 
1.05700000000000e+01 0.00000000000000e+00 
1.05800000000000e+01 0.00000000000000e+00 
1.05900000000000e+01 0.00000000000000e+00 
1.06000000000000e+01 0.00000000000000e+00 
1.06100000000000e+01 0.00000000000000e+00 
1.06200000000000e+01 0.00000000000000e+00 
1.06300000000000e+01 0.00000000000000e+00 
1.06400000000000e+01 0.00000000000000e+00 
1.06500000000000e+01 0.00000000000000e+00 
1.06600000000000e+01 0.00000000000000e+00 
1.06700000000000e+01 0.00000000000000e+00 
1.06800000000000e+01 0.00000000000000e+00 
1.06900000000000e+01 0.00000000000000e+00 
1.07000000000000e+01 0.00000000000000e+00 
1.07100000000000e+01 0.00000000000000e+00 
1.07200000000000e+01 0.00000000000000e+00 
1.07300000000000e+01 0.00000000000000e+00 
1.07400000000000e+01 0.00000000000000e+00 
1.07500000000000e+01 0.00000000000000e+00 
1.07600000000000e+01 0.00000000000000e+00 
1.07700000000000e+01 0.00000000000000e+00 
1.07800000000000e+01 0.00000000000000e+00 
1.07900000000000e+01 0.00000000000000e+00 
1.08000000000000e+01 0.00000000000000e+00 
1.08100000000000e+01 0.00000000000000e+00 
1.08200000000000e+01 0.00000000000000e+00 
1.08300000000000e+01 0.00000000000000e+00 
1.08400000000000e+01 0.00000000000000e+00 
1.08500000000000e+01 0.00000000000000e+00 
1.08600000000000e+01 0.00000000000000e+00 
1.08700000000000e+01 0.00000000000000e+00 
1.08800000000000e+01 0.00000000000000e+00 
1.08900000000000e+01 0.00000000000000e+00 
1.09000000000000e+01 0.00000000000000e+00 
1.09100000000000e+01 0.00000000000000e+00 
1.09200000000000e+01 0.00000000000000e+00 
1.09300000000000e+01 0.00000000000000e+00 
1.09400000000000e+01 0.00000000000000e+00 
1.09500000000000e+01 0.00000000000000e+00 
1.09600000000000e+01 0.00000000000000e+00 
1.09700000000000e+01 0.00000000000000e+00 
1.09800000000000e+01 0.00000000000000e+00 
1.09900000000000e+01 0.00000000000000e+00 
1.10000000000000e+01 0.00000000000000e+00 
1.10100000000000e+01 0.00000000000000e+00 
1.10200000000000e+01 0.00000000000000e+00 
1.10300000000000e+01 0.00000000000000e+00 
1.10400000000000e+01 0.00000000000000e+00 
1.10500000000000e+01 0.00000000000000e+00 
1.10600000000000e+01 0.00000000000000e+00 
1.10700000000000e+01 0.00000000000000e+00 
1.10800000000000e+01 0.00000000000000e+00 
1.10900000000000e+01 0.00000000000000e+00 
1.11000000000000e+01 0.00000000000000e+00 
1.11100000000000e+01 0.00000000000000e+00 
1.11200000000000e+01 0.00000000000000e+00 
1.11300000000000e+01 0.00000000000000e+00 
1.11400000000000e+01 0.00000000000000e+00 
1.11500000000000e+01 0.00000000000000e+00 
1.11600000000000e+01 0.00000000000000e+00 
1.11700000000000e+01 0.00000000000000e+00 
1.11800000000000e+01 0.00000000000000e+00 
1.11900000000000e+01 0.00000000000000e+00 
1.12000000000000e+01 0.00000000000000e+00 
1.12100000000000e+01 0.00000000000000e+00 
1.12200000000000e+01 0.00000000000000e+00 
1.12300000000000e+01 0.00000000000000e+00 
1.12400000000000e+01 0.00000000000000e+00 
1.12500000000000e+01 0.00000000000000e+00 
1.12600000000000e+01 0.00000000000000e+00 
1.12700000000000e+01 0.00000000000000e+00 
1.12800000000000e+01 0.00000000000000e+00 
1.12900000000000e+01 0.00000000000000e+00 
1.13000000000000e+01 0.00000000000000e+00 
1.13100000000000e+01 0.00000000000000e+00 
1.13200000000000e+01 0.00000000000000e+00 
1.13300000000000e+01 0.00000000000000e+00 
1.13400000000000e+01 0.00000000000000e+00 
1.13500000000000e+01 0.00000000000000e+00 
1.13600000000000e+01 0.00000000000000e+00 
1.13700000000000e+01 0.00000000000000e+00 
1.13800000000000e+01 0.00000000000000e+00 
1.13900000000000e+01 0.00000000000000e+00 
1.14000000000000e+01 0.00000000000000e+00 
1.14100000000000e+01 0.00000000000000e+00 
1.14200000000000e+01 0.00000000000000e+00 
1.14300000000000e+01 0.00000000000000e+00 
1.14400000000000e+01 0.00000000000000e+00 
1.14500000000000e+01 0.00000000000000e+00 
1.14600000000000e+01 0.00000000000000e+00 
1.14700000000000e+01 0.00000000000000e+00 
1.14800000000000e+01 0.00000000000000e+00 
1.14900000000000e+01 0.00000000000000e+00 
1.15000000000000e+01 0.00000000000000e+00 
1.15100000000000e+01 0.00000000000000e+00 
1.15200000000000e+01 0.00000000000000e+00 
1.15300000000000e+01 0.00000000000000e+00 
1.15400000000000e+01 0.00000000000000e+00 
1.15500000000000e+01 0.00000000000000e+00 
1.15600000000000e+01 0.00000000000000e+00 
1.15700000000000e+01 0.00000000000000e+00 
1.15800000000000e+01 0.00000000000000e+00 
1.15900000000000e+01 0.00000000000000e+00 
1.16000000000000e+01 0.00000000000000e+00 
1.16100000000000e+01 0.00000000000000e+00 
1.16200000000000e+01 0.00000000000000e+00 
1.16300000000000e+01 0.00000000000000e+00 
1.16400000000000e+01 0.00000000000000e+00 
1.16500000000000e+01 0.00000000000000e+00 
