6.0521878308E-12    3.6624939571E-05    1.4645122572E-04    3.2933352975E-04
5.8503054311E-04    9.1320632660E-04    1.3134321756E-03    1.7851889786E-03
2.3278700410E-03    2.9407843386E-03    3.6231601638E-03    4.3741491186E-03
5.1928304103E-03    6.0782153970E-03    7.0292523336E-03    8.0448312630E-03
9.1237890001E-03    1.0264914154E-02    1.1466952139E-02    1.2728610115E-02
1.4048561830E-02    1.5425452291E-02    1.6857902252E-02    1.8344512466E-02
1.9883867676E-02    2.1474540324E-02    2.3115093950E-02    2.4804086280E-02
2.6540071990E-02    2.8321605144E-02    3.0147241317E-02    3.2015539415E-02
3.3925063206E-02    3.5874382583E-02    3.7862074599E-02    3.9886724289E-02
4.1946925328E-02    4.4041280553E-02    4.6168402397E-02    4.8326913271E-02
5.0515445944E-02    5.2732643947E-02    5.4977162058E-02    5.7247666900E-02
5.9542837681E-02    6.1861367121E-02    6.4201962579E-02    6.6563347420E-02
6.8944262621E-02    7.1343468645E-02    7.3759747579E-02    7.6191905532E-02
7.8638775304E-02    8.1099219287E-02    8.3572132605E-02    8.6056446442E-02
8.8551131543E-02    9.1055201853E-02    9.3567718229E-02    9.6087792207E-02
9.8614589760E-02    1.0114733499E-01    1.0368531370E-01    1.0622787682E-01
1.0877444358E-01    1.1132450440E-01    1.1387762345E-01    1.1643344085E-01
1.1899167439E-01    1.2155212077E-01    1.2411465638E-01    1.2667923748E-01
1.2924589980E-01    1.3181475758E-01    1.3438600201E-01    1.3695989898E-01
1.3953678634E-01    1.4211707049E-01    1.4470122241E-01    1.4728977317E-01
1.4988330895E-01    1.5248246552E-01    1.5508792240E-01    1.5770039662E-01
1.6032063618E-01    1.6294941333E-01    1.6558751763E-01    1.6823574901E-01
1.7089491073E-01    1.7356580253E-01    1.7624921377E-01    1.7894591695E-01
1.8165666142E-01    1.8438216744E-01    1.8712312075E-01    1.8988016754E-01
1.9265390992E-01    1.9544490210E-01    1.9825364699E-01    2.0108059359E-01
2.0392613495E-01    2.0679060678E-01    2.0967428678E-01    2.1257739456E-01
2.1550009218E-01    2.1844248536E-01    2.2140462517E-01    2.2438651027E-01
2.2738808961E-01    2.3040926551E-01    2.3344989708E-01    2.3650980393E-01
2.3958877003E-01    2.4268654767E-01    2.4580286153E-01    2.4893741256E-01
2.5208988190E-01    2.5525993445E-01    2.5844722225E-01    2.6165138750E-01
2.6487206517E-01    2.6810888512E-01    2.7136147377E-01    2.7462945520E-01
2.7791245164E-01    2.8121008342E-01    2.8452196826E-01    2.8784772003E-01
2.9118694685E-01    2.9453924865E-01    2.9790421422E-01    3.0128141772E-01
3.0467041478E-01    3.0807073827E-01    3.1148189368E-01    3.1490335431E-01
3.1833455640E-01    3.2177489404E-01    3.2522371430E-01    3.2868031235E-01
3.3214392692E-01    3.3561373600E-01    3.3908885305E-01    3.4256832365E-01
3.4605112279E-01    3.4953615283E-01    3.5302224219E-01    3.5650814491E-01
3.5999254102E-01    3.6347403789E-01    3.6695117249E-01    3.7042241459E-01
3.7388617105E-01    3.7734079096E-01    3.8078457182E-01    3.8421576662E-01
3.8763259181E-01    3.9103323610E-01    3.9441587003E-01    3.9777865620E-01
4.0111976012E-01    4.0443736156E-01    4.0772966627E-01    4.1099491801E-01
4.1423141066E-01    4.1743750050E-01    4.2061161825E-01    4.2375228103E-01
4.2685810385E-01    4.2992781079E-01    4.3296024542E-01    4.3595438095E-01
4.3890932825E-01    4.4182434470E-01    4.4469884224E-01    4.4753239087E-01
4.5032472785E-01    4.5307575370E-01    4.5578549704E-01    4.5845409146E-01
4.6108171725E-01    4.6366853329E-01    4.6621469826E-01    4.6872036276E-01
4.7118567538E-01    4.7361080927E-01    4.7599595239E-01    4.7834129327E-01
4.8064702059E-01    4.8291332883E-01    4.8514041884E-01    4.8732849555E-01
4.8947776766E-01    4.9158844780E-01    4.9366075222E-01    4.9569490061E-01
4.9769111586E-01    4.9964962393E-01    5.0157065358E-01    5.0345443633E-01
5.0530120618E-01    5.0711119955E-01    5.0888465511E-01    5.1062181364E-01
5.1232291790E-01    5.1398821256E-01    5.1561794402E-01    5.1721236033E-01
5.1877171108E-01    5.2029624734E-01    5.2178622148E-01    5.2324188717E-01
5.2466349921E-01    5.2605131351E-01    5.2740558695E-01    5.2872657735E-01
5.3001454335E-01    5.3126974436E-01    5.3249244046E-01    5.3368289238E-01
5.3484136136E-01    5.3596810913E-01    5.3706339783E-01    5.3812748993E-01
5.3916064820E-01    5.4016313562E-01    5.4113521533E-01    5.4207715056E-01
5.4298920459E-01    5.4387164070E-01    5.4472472207E-01    5.4554871178E-01
5.4634387272E-01    5.4711046757E-01    5.4784875873E-01    5.4855900828E-01
5.4924147791E-01    5.4989642891E-01    5.5052412212E-01    5.5112481787E-01
5.5169877592E-01    5.5224625548E-01    5.5276751510E-01    5.5326281271E-01
5.5373240549E-01    5.5417654992E-01    5.5459550167E-01    5.5498951565E-01
5.5535884589E-01    5.5570374557E-01    5.5602446696E-01    5.5632126141E-01
5.5659437929E-01    5.5684407000E-01    5.5707058191E-01    5.5727416238E-01
5.5745505768E-01    5.5761351300E-01    5.5774977242E-01    5.5786407888E-01
5.5795667419E-01    5.5802779896E-01    5.5807769264E-01    5.5810659343E-01
5.5811473834E-01    5.5810236311E-01    5.5806970223E-01    5.5801698893E-01
5.5794445512E-01    5.5785233144E-01    5.5774084718E-01    5.5761023033E-01
5.5746070752E-01    5.5729250405E-01    5.5710584384E-01    5.5690094945E-01
5.5667804207E-01    5.5643734147E-01    5.5617906606E-01    5.5590343282E-01
5.5561065734E-01    5.5530095377E-01    5.5497453487E-01    5.5463161194E-01
5.5427239486E-01    5.5389709209E-01    5.5350591062E-01    5.5309905601E-01
5.5267673237E-01    5.5223914236E-01    5.5178648718E-01    5.5131896659E-01
5.5083677889E-01    5.5034012090E-01    5.4982918801E-01    5.4930417412E-01
5.4876527171E-01    5.4821267175E-01    5.4764656380E-01    5.4706713591E-01
5.4647457472E-01    5.4586906537E-01    5.4525079157E-01    5.4461993557E-01
5.4397667814E-01    5.4332119864E-01    5.4265367495E-01    5.4197428352E-01
5.4128319933E-01    5.4058059594E-01    5.3986664546E-01    5.3914151858E-01
5.3840538452E-01    5.3765841111E-01    5.3690076473E-01    5.3613261034E-01
5.3535411148E-01    5.3456543028E-01    5.3376672744E-01    5.3295816229E-01
5.3213989272E-01    5.3131207524E-01    5.3047486496E-01    5.2962841559E-01
5.2877287947E-01    5.2790840755E-01    5.2703514942E-01    5.2615325328E-01
5.2526286597E-01    5.2436413298E-01    5.2345719843E-01    5.2254220509E-01
5.2161929440E-01    5.2068860646E-01    5.1975028001E-01    5.1880445249E-01
5.1785126001E-01    5.1689083736E-01    5.1592331801E-01    5.1494883415E-01
5.1396751666E-01    5.1297949510E-01    5.1198489778E-01    5.1098385172E-01
5.0997648264E-01    5.0896291503E-01    5.0794327208E-01    5.0691767576E-01
5.0588624675E-01    5.0484910453E-01    5.0380636730E-01    5.0275815205E-01
5.0170457455E-01    5.0064574935E-01    4.9958178978E-01    4.9851280798E-01
4.9743891487E-01    4.9636022019E-01    4.9527683251E-01    4.9418885920E-01
4.9309640646E-01    4.9199957936E-01    4.9089848176E-01    4.8979321641E-01
4.8868388490E-01    4.8757058769E-01    4.8645342411E-01    4.8533249236E-01
4.8420788953E-01    4.8307971161E-01    4.8194805347E-01    4.8081300892E-01
4.7967467063E-01    4.7853313025E-01    4.7738847832E-01    4.7624080433E-01
4.7509019670E-01    4.7393674282E-01    4.7278052902E-01    4.7162164060E-01
4.7046016184E-01    4.6929617598E-01    4.6812976527E-01    4.6696101094E-01
4.6578999323E-01    4.6461679138E-01    4.6344148366E-01    4.6226414734E-01
4.6108485876E-01    4.5990369326E-01    4.5872072525E-01    4.5753602820E-01
4.5634967462E-01    4.5516173610E-01    4.5397228332E-01    4.5278138602E-01
4.5158911306E-01    4.5039553238E-01    4.4920071103E-01    4.4800471518E-01
4.4680761012E-01    4.4560946028E-01    4.4441032922E-01    4.4321027964E-01
4.4200937340E-01    4.4080767152E-01    4.3960523419E-01    4.3840212076E-01
4.3719838980E-01    4.3599409904E-01    4.3478930541E-01    4.3358406506E-01
4.3237843334E-01    4.3117246482E-01    4.2996621333E-01    4.2875973189E-01
4.2755307278E-01    4.2634628756E-01    4.2513942700E-01    4.2393254117E-01
4.2272567939E-01    4.2151889029E-01    4.2031222175E-01    4.1910572098E-01
4.1789943446E-01    4.1669340801E-01    4.1548768674E-01    4.1428231509E-01
4.1307733684E-01    4.1187279511E-01    4.1066873234E-01    4.0946519035E-01
4.0826221030E-01    4.0705983272E-01    4.0585809754E-01    4.0465704401E-01
4.0345671083E-01    4.0225713605E-01    4.0105835713E-01    3.9986041095E-01
3.9866333380E-01    3.9746716137E-01    3.9627192880E-01    3.9507767064E-01
3.9388442092E-01    3.9269221306E-01    3.9150107999E-01    3.9031105405E-01
3.8912216708E-01    3.8793445038E-01    3.8674793472E-01    3.8556265036E-01
3.8437862705E-01    3.8319589404E-01    3.8201448009E-01    3.8083441345E-01
3.7965572190E-01    3.7847843272E-01    3.7730257275E-01    3.7612816833E-01
3.7495524536E-01    3.7378382926E-01    3.7261394504E-01    3.7144561721E-01
3.7027886990E-01    3.6911372676E-01    3.6795021103E-01    3.6678834553E-01
3.6562815266E-01    3.6446965441E-01    3.6331287236E-01    3.6215782768E-01
3.6100454116E-01    3.5985303320E-01    3.5870332380E-01    3.5755543259E-01
3.5640937881E-01    3.5526518135E-01    3.5412285871E-01    3.5298242907E-01
3.5184391020E-01    3.5070731955E-01    3.4957267423E-01    3.4843999099E-01
3.4730928624E-01    3.4618057608E-01    3.4505387626E-01    3.4392920222E-01
3.4280656907E-01    3.4168599161E-01    3.4056748432E-01    3.3945106140E-01
3.3833673671E-01    3.3722452385E-01    3.3611443609E-01    3.3500648645E-01
3.3390068762E-01    3.3279705205E-01    3.3169559188E-01    3.3059631899E-01
3.2949924499E-01    3.2840438123E-01    3.2731173878E-01    3.2622132847E-01
3.2513316085E-01    3.2404724626E-01    3.2296359474E-01    3.2188221614E-01
3.2080312002E-01    3.1972631574E-01    3.1865181240E-01    3.1757961888E-01
3.1650974384E-01    3.1544219571E-01    3.1437698269E-01    3.1331411278E-01
3.1225359376E-01    3.1119543318E-01    3.1013963842E-01    3.0908621661E-01
3.0803517472E-01    3.0698651949E-01    3.0594025749E-01    3.0489639507E-01
3.0385493840E-01    3.0281589348E-01    3.0177926611E-01    3.0074506189E-01
2.9971328628E-01    2.9868394454E-01    2.9765704176E-01    2.9663258285E-01
2.9561057256E-01    2.9459101549E-01    2.9357391604E-01    2.9255927849E-01
2.9154710692E-01    2.9053740528E-01    2.8953017737E-01    2.8852542683E-01
2.8752315713E-01    2.8652337164E-01    2.8552607353E-01    2.8453126588E-01
2.8353895159E-01    2.8254913344E-01    2.8156181407E-01    2.8057699600E-01
2.7959468159E-01    2.7861487309E-01    2.7763757262E-01    2.7666278218E-01
2.7569050362E-01    2.7472073870E-01    2.7375348905E-01    2.7278875616E-01
2.7182654144E-01    2.7086684616E-01    2.6990967148E-01    2.6895501847E-01
2.6800288806E-01    2.6705328109E-01    2.6610619829E-01    2.6516164029E-01
2.6421960763E-01    2.6328010071E-01    2.6234311986E-01    2.6140866533E-01
2.6047673722E-01    2.5954733559E-01    2.5862046038E-01    2.5769611143E-01
2.5677428852E-01    2.5585499131E-01    2.5493821940E-01    2.5402397227E-01
2.5311224936E-01    2.5220304999E-01    2.5129637342E-01    2.5039221881E-01
2.4949058526E-01    2.4859147179E-01    2.4769487733E-01    2.4680080075E-01
2.4590924083E-01    2.4502019629E-01    2.4413366578E-01    2.4324964787E-01
2.4236814106E-01    2.4148914379E-01    2.4061265444E-01    2.3973867130E-01
2.3886719262E-01    2.3799821657E-01    2.3713174126E-01    2.3626776475E-01
2.3540628502E-01    2.3454730001E-01    2.3369080758E-01    2.3283680557E-01
2.3198529171E-01    2.3113626372E-01    2.3028971924E-01    2.2944565587E-01
2.2860407115E-01    2.2776496257E-01    2.2692832756E-01    2.2609416352E-01
2.2526246779E-01    2.2443323765E-01    2.2360647034E-01    2.2278216307E-01
2.2196031298E-01    2.2114091717E-01    2.2032397272E-01    2.1950947663E-01
2.1869742587E-01    2.1788781739E-01    2.1708064806E-01    2.1627591474E-01
2.1547361424E-01    2.1467374332E-01    2.1387629873E-01    2.1308127715E-01
2.1228867524E-01    2.1149848961E-01    2.1071071686E-01    2.0992535354E-01
2.0914239615E-01    2.0836184117E-01    2.0758368507E-01    2.0680792424E-01
2.0603455507E-01    2.0526357391E-01    2.0449497708E-01    2.0372876087E-01
2.0296492154E-01    2.0220345532E-01    2.0144435842E-01    2.0068762699E-01
1.9993325720E-01    1.9918124515E-01    1.9843158695E-01    1.9768427865E-01
1.9693931630E-01    1.9619669591E-01    1.9545641347E-01    1.9471846495E-01
1.9398284629E-01    1.9324955341E-01    1.9251858220E-01    1.9178992855E-01
1.9106358830E-01    1.9033955729E-01    1.8961783132E-01    1.8889840619E-01
1.8818127766E-01    1.8746644148E-01    1.8675389339E-01    1.8604362909E-01
1.8533564428E-01    1.8462993464E-01    1.8392649581E-01    1.8322532345E-01
1.8252641316E-01    1.8182976057E-01    1.8113536125E-01    1.8044321079E-01
1.7975330473E-01    1.7906563862E-01    1.7838020800E-01    1.7769700837E-01
1.7701603523E-01    1.7633728407E-01    1.7566075037E-01    1.7498642956E-01
1.7431431712E-01    1.7364440845E-01    1.7297669900E-01    1.7231118416E-01
1.7164785933E-01    1.7098671990E-01    1.7032776123E-01    1.6967097870E-01
1.6901636766E-01    1.6836392344E-01    1.6771364139E-01    1.6706551681E-01
1.6641954502E-01    1.6577572134E-01    1.6513404104E-01    1.6449449942E-01
1.6385709175E-01    1.6322181330E-01    1.6258865933E-01    1.6195762509E-01
1.6132870583E-01    1.6070189679E-01    1.6007719318E-01    1.5945459025E-01
1.5883408320E-01    1.5821566725E-01    1.5759933759E-01    1.5698508943E-01
1.5637291796E-01    1.5576281836E-01    1.5515478581E-01    1.5454881549E-01
1.5394490256E-01    1.5334304221E-01    1.5274322957E-01    1.5214545982E-01
1.5154972810E-01    1.5095602956E-01    1.5036435934E-01    1.4977471258E-01
1.4918708442E-01    1.4860146999E-01    1.4801786443E-01    1.4743626285E-01
1.4685666038E-01    1.4627905215E-01    1.4570343326E-01    1.4512979884E-01
1.4455814399E-01    1.4398846384E-01    1.4342075348E-01    1.4285500803E-01
1.4229122259E-01    1.4172939226E-01    1.4116951215E-01    1.4061157736E-01
1.4005558299E-01    1.3950152414E-01    1.3894939591E-01    1.3839919339E-01
1.3785091168E-01    1.3730454588E-01    1.3676009109E-01    1.3621754240E-01
1.3567689490E-01    1.3513814370E-01    1.3460128389E-01    1.3406631057E-01
1.3353321883E-01    1.3300200377E-01    1.3247266050E-01    1.3194518410E-01
1.3141956968E-01    1.3089581234E-01    1.3037390719E-01    1.2985384932E-01
1.2933563384E-01    1.2881925586E-01    1.2830471049E-01    1.2779199283E-01
1.2728109799E-01    1.2677202110E-01    1.2626475726E-01    1.2575930159E-01
1.2525564921E-01    1.2475379525E-01    1.2425373482E-01    1.2375546305E-01
1.2325897507E-01    1.2276426602E-01    1.2227133102E-01    1.2178016522E-01
1.2129076376E-01    1.2080312177E-01    1.2031723440E-01    1.1983309681E-01
1.1935070414E-01    1.1887005156E-01    1.1839113421E-01    1.1791394727E-01
1.1743848590E-01    1.1696474527E-01    1.1649272055E-01    1.1602240692E-01
1.1555379956E-01    1.1508689366E-01    1.1462168441E-01    1.1415816700E-01
1.1369633663E-01    1.1323618850E-01    1.1277771782E-01    1.1232091979E-01
1.1186578964E-01    1.1141232258E-01    1.1096051384E-01    1.1051035865E-01
1.1006185224E-01    1.0961498984E-01    1.0916976671E-01    1.0872617809E-01
1.0828421924E-01    1.0784388541E-01    1.0740517187E-01    1.0696807388E-01
1.0653258673E-01    1.0609870568E-01    1.0566642603E-01    1.0523574307E-01
1.0480665209E-01    1.0437914839E-01    1.0395322728E-01    1.0352888408E-01
1.0310611409E-01    1.0268491265E-01    1.0226527509E-01    1.0184719674E-01
1.0143067294E-01    1.0101569904E-01    1.0060227040E-01    1.0019038237E-01
9.9780030322E-02    9.9371209629E-02    9.8963915668E-02    9.8558143825E-02
9.8153889489E-02    9.7751148059E-02    9.7349914940E-02    9.6950185541E-02
9.6551955279E-02    9.6155219579E-02    9.5759973870E-02    9.5366213589E-02
9.4973934181E-02    9.4583131096E-02    9.4193799790E-02    9.3805935728E-02
9.3419534380E-02    9.3034591226E-02    9.2651101748E-02    9.2269061440E-02
9.1888465801E-02    9.1509310335E-02    9.1131590556E-02    9.0755301985E-02
9.0380440149E-02    9.0007000582E-02    8.9634978827E-02    8.9264370433E-02
8.8895170956E-02    8.8527375961E-02    8.8160981018E-02    8.7795981708E-02
8.7432373616E-02    8.7070152336E-02    8.6709313469E-02    8.6349852625E-02
8.5991765421E-02    8.5635047480E-02    8.5279694436E-02    8.4925701926E-02
8.4573065600E-02    8.4221781112E-02    8.3871844126E-02    8.3523250312E-02
8.3175995350E-02    8.2830074926E-02    8.2485484734E-02    8.2142220478E-02
8.1800277868E-02    8.1459652623E-02    8.1120340469E-02    8.0782337141E-02
8.0445638382E-02    8.0110239943E-02    7.9776137583E-02    7.9443327070E-02
7.9111804179E-02    7.8781564694E-02    7.8452604406E-02    7.8124919116E-02
7.7798504633E-02    7.7473356774E-02    7.7149471363E-02    7.6826844234E-02
7.6505471230E-02    7.6185348200E-02    7.5866471004E-02    7.5548835509E-02
7.5232437591E-02    7.4917273133E-02    7.4603338029E-02    7.4290628180E-02
7.3979139496E-02    7.3668867895E-02    7.3359809305E-02    7.3051959660E-02
7.2745314906E-02    7.2439870996E-02    7.2135623890E-02    7.1832569559E-02
7.1530703982E-02    7.1230023147E-02    7.0930523051E-02    7.0632199698E-02
7.0335049102E-02    7.0039067287E-02    6.9744250283E-02    6.9450594132E-02
6.9158094881E-02    6.8866748590E-02    6.8576551325E-02    6.8287499162E-02
6.7999588186E-02    6.7712814489E-02    6.7427174175E-02    6.7142663355E-02
6.6859278149E-02    6.6577014686E-02    6.6295869104E-02    6.6015837551E-02
6.5736916183E-02    6.5459101165E-02    6.5182388670E-02    6.4906774883E-02
6.4632255994E-02    6.4358828207E-02    6.4086487729E-02    6.3815230782E-02
6.3545053592E-02    6.3275952399E-02    6.3007923447E-02    6.2740962992E-02
6.2475067300E-02    6.2210232644E-02    6.1946455306E-02    6.1683731579E-02
6.1422057763E-02    6.1161430170E-02    6.0901845117E-02    6.0643298934E-02
6.0385787959E-02    6.0129308537E-02    5.9873857025E-02    5.9619429788E-02
5.9366023200E-02    5.9113633645E-02    5.8862257514E-02    5.8611891211E-02
5.8362531145E-02    5.8114173737E-02    5.7866815416E-02    5.7620452620E-02
5.7375081798E-02    5.7130699406E-02    5.6887301910E-02    5.6644885786E-02
5.6403447517E-02    5.6162983599E-02    5.5923490532E-02    5.5684964830E-02
5.5447403014E-02    5.5210801615E-02    5.4975157171E-02    5.4740466233E-02
5.4506725358E-02    5.4273931113E-02    5.4042080075E-02    5.3811168830E-02
5.3581193973E-02    5.3352152109E-02    5.3124039849E-02    5.2896853817E-02
5.2670590646E-02    5.2445246975E-02    5.2220819455E-02    5.1997304745E-02
5.1774699515E-02    5.1553000441E-02    5.1332204212E-02    5.1112307522E-02
5.0893307078E-02    5.0675199594E-02    5.0457981793E-02    5.0241650409E-02
5.0026202184E-02    4.9811633868E-02    4.9597942223E-02    4.9385124017E-02
4.9173176031E-02    4.8962095051E-02    4.8751877874E-02    4.8542521307E-02
4.8334022164E-02    4.8126377272E-02    4.7919583462E-02    4.7713637577E-02
4.7508536470E-02    4.7304277002E-02    4.7100856041E-02    4.6898270468E-02
4.6696517170E-02    4.6495593044E-02    4.6295494998E-02    4.6096219946E-02
4.5897764813E-02    4.5700126532E-02    4.5503302047E-02    4.5307288307E-02
4.5112082274E-02    4.4917680918E-02    4.4724081218E-02    4.4531280160E-02
4.4339274741E-02    4.4148061968E-02    4.3957638854E-02    4.3768002424E-02
4.3579149709E-02    4.3391077751E-02    4.3203783601E-02    4.3017264319E-02
4.2831516971E-02    4.2646538635E-02    4.2462326399E-02    4.2278877355E-02
4.2096188609E-02    4.1914257273E-02    4.1733080468E-02    4.1552655326E-02
4.1372978984E-02    4.1194048592E-02    4.1015861306E-02    4.0838414293E-02
4.0661704725E-02    4.0485729788E-02    4.0310486672E-02    4.0135972580E-02
3.9962184719E-02    3.9789120309E-02    3.9616776577E-02    3.9445150758E-02
3.9274240098E-02    3.9104041848E-02    3.8934553271E-02    3.8765771638E-02
3.8597694227E-02    3.8430318326E-02    3.8263641232E-02    3.8097660250E-02
3.7932372693E-02    3.7767775884E-02    3.7603867153E-02    3.7440643840E-02
3.7278103293E-02    3.7116242867E-02    3.6955059929E-02    3.6794551851E-02
3.6634716015E-02    3.6475549812E-02    3.6317050641E-02    3.6159215909E-02
3.6002043032E-02    3.5845529434E-02    3.5689672547E-02    3.5534469814E-02
3.5379918682E-02    3.5226016610E-02    3.5072761063E-02    3.4920149517E-02
3.4768179454E-02    3.4616848366E-02    3.4466153750E-02    3.4316093116E-02
3.4166663978E-02    3.4017863862E-02    3.3869690299E-02    3.3722140830E-02
3.3575213003E-02    3.3428904377E-02    3.3283212515E-02    3.3138134991E-02
3.2993669386E-02    3.2849813291E-02    3.2706564302E-02    3.2563920025E-02
3.2421878075E-02    3.2280436072E-02    3.2139591647E-02    3.1999342438E-02
3.1859686090E-02    3.1720620258E-02    3.1582142603E-02    3.1444250796E-02
3.1306942513E-02    3.1170215441E-02    3.1034067274E-02    3.0898495712E-02
3.0763498465E-02    3.0629073250E-02    3.0495217793E-02    3.0361929827E-02
3.0229207091E-02    3.0097047335E-02    2.9965448314E-02    2.9834407794E-02
2.9703923545E-02    2.9573993347E-02    2.9444614987E-02    2.9315786261E-02
2.9187504970E-02    2.9059768925E-02    2.8932575943E-02    2.8805923851E-02
2.8679810481E-02    2.8554233674E-02    2.8429191278E-02    2.8304681149E-02
2.8180701150E-02    2.8057249151E-02    2.7934323032E-02    2.7811920678E-02
2.7690039982E-02    2.7568678845E-02    2.7447835174E-02    2.7327506886E-02
2.7207691904E-02    2.7088388157E-02    2.6969593583E-02    2.6851306127E-02
2.6733523742E-02    2.6616244386E-02    2.6499466028E-02    2.6383186640E-02
2.6267404205E-02    2.6152116710E-02    2.6037322152E-02    2.5923018533E-02
2.5809203865E-02    2.5695876163E-02    2.5583033453E-02    2.5470673765E-02
2.5358795140E-02    2.5247395622E-02    2.5136473264E-02    2.5026026126E-02
2.4916052275E-02    2.4806549785E-02    2.4697516736E-02    2.4588951217E-02
2.4480851322E-02    2.4373215154E-02    2.4266040819E-02    2.4159326436E-02
2.4053070124E-02    2.3947270015E-02    2.3841924244E-02    2.3737030953E-02
2.3632588293E-02    2.3528594421E-02    2.3425047499E-02    2.3321945698E-02
2.3219287194E-02    2.3117070171E-02    2.3015292819E-02    2.2913953336E-02
2.2813049923E-02    2.2712580793E-02    2.2612544161E-02    2.2512938251E-02
2.2413761293E-02    2.2315011523E-02    2.2216687185E-02    2.2118786528E-02
2.2021307808E-02    2.1924249288E-02    2.1827609238E-02    2.1731385932E-02
2.1635577652E-02    2.1540182688E-02    2.1445199333E-02    2.1350625889E-02
2.1256460664E-02    2.1162701972E-02    2.1069348132E-02    2.0976397471E-02
2.0883848323E-02    2.0791699026E-02    2.0699947925E-02    2.0608593372E-02
2.0517633725E-02    2.0427067349E-02    2.0336892612E-02    2.0247107892E-02
2.0157711570E-02    2.0068702036E-02    1.9980077685E-02    1.9891836916E-02
1.9803978138E-02    1.9716499762E-02    1.9629400208E-02    1.9542677901E-02
1.9456331271E-02    1.9370358756E-02    1.9284758799E-02    1.9199529848E-02
1.9114670358E-02    1.9030178790E-02    1.8946053611E-02    1.8862293292E-02
1.8778896312E-02    1.8695861156E-02    1.8613186313E-02    1.8530870279E-02
1.8448911555E-02    1.8367308649E-02    1.8286060073E-02    1.8205164347E-02
1.8124619995E-02    1.8044425547E-02    1.7964579538E-02    1.7885080511E-02
1.7805927012E-02    1.7727117595E-02    1.7648650817E-02    1.7570525242E-02
1.7492739439E-02    1.7415291985E-02    1.7338181459E-02    1.7261406447E-02
1.7184965541E-02    1.7108857338E-02    1.7033080440E-02    1.6957633456E-02
1.6882514998E-02    1.6807723686E-02    1.6733258143E-02    1.6659116999E-02
1.6585298889E-02    1.6511802453E-02    1.6438626337E-02    1.6365769191E-02
1.6293229672E-02    1.6221006440E-02    1.6149098164E-02    1.6077503513E-02
1.6006221166E-02    1.5935249804E-02    1.5864588116E-02    1.5794234793E-02
1.5724188534E-02    1.5654448041E-02    1.5585012023E-02    1.5515879192E-02
1.5447048266E-02    1.5378517970E-02    1.5310287030E-02    1.5242354181E-02
1.5174718161E-02    1.5107377712E-02    1.5040331584E-02    1.4973578529E-02
1.4907117306E-02    1.4840946678E-02    1.4775065413E-02    1.4709472283E-02
1.4644166067E-02    1.4579145546E-02    1.4514409510E-02    1.4449956749E-02
1.4385786062E-02    1.4321896249E-02    1.4258286119E-02    1.4194954481E-02
1.4131900152E-02    1.4069121954E-02    1.4006618712E-02    1.3944389256E-02
1.3882432421E-02    1.3820747047E-02    1.3759331979E-02    1.3698186064E-02
1.3637308158E-02    1.3576697117E-02    1.3516351805E-02    1.3456271089E-02
1.3396453841E-02    1.3336898937E-02    1.3277605258E-02    1.3218571690E-02
1.3159797122E-02    1.3101280449E-02    1.3043020570E-02    1.2985016388E-02
1.2927266811E-02    1.2869770750E-02    1.2812527123E-02    1.2755534850E-02
1.2698792857E-02    1.2642300072E-02    1.2586055431E-02    1.2530057870E-02
1.2474306334E-02    1.2418799768E-02    1.2363537123E-02    1.2308517356E-02
1.2253739425E-02    1.2199202295E-02    1.2144904932E-02    1.2090846311E-02
1.2037025406E-02    1.1983441199E-02    1.1930092675E-02    1.1876978821E-02
1.1824098631E-02    1.1771451103E-02    1.1719035236E-02    1.1666850037E-02
1.1614894515E-02    1.1563167683E-02    1.1511668558E-02    1.1460396161E-02
1.1409349519E-02    1.1358527661E-02    1.1307929619E-02    1.1257554431E-02
1.1207401139E-02    1.1157468787E-02    1.1107756424E-02    1.1058263104E-02
1.1008987883E-02    1.0959929822E-02    1.0911087986E-02    1.0862461443E-02
1.0814049265E-02    1.0765850528E-02    1.0717864312E-02    1.0670089702E-02
1.0622525783E-02    1.0575171648E-02    1.0528026391E-02    1.0481089111E-02
1.0434358910E-02    1.0387834895E-02    1.0341516175E-02    1.0295401863E-02
1.0249491077E-02    1.0203782937E-02    1.0158276568E-02    1.0112971097E-02
1.0067865657E-02    1.0022959382E-02    9.9782514117E-03    9.9337408877E-03
9.8894269561E-03    9.8453087663E-03    9.8013854713E-03    9.7576562276E-03
9.7141201950E-03    9.6707765371E-03    9.6276244207E-03    9.5846630162E-03
9.5418914974E-03    9.4993090417E-03    9.4569148296E-03    9.4147080453E-03
9.3726878761E-03    9.3308535131E-03    9.2892041503E-03    9.2477389855E-03
9.2064572195E-03    9.1653580565E-03    9.1244407042E-03    9.0837043734E-03
9.0431482783E-03    9.0027716363E-03    8.9625736682E-03    8.9225535979E-03
8.8827106527E-03    8.8430440629E-03    8.8035530623E-03    8.7642368878E-03
8.7250947793E-03    8.6861259801E-03    8.6473297367E-03    8.6087052986E-03
8.5702519185E-03    8.5319688522E-03    8.4938553587E-03    8.4559107000E-03
8.4181341414E-03    8.3805249511E-03    8.3430824004E-03    8.3058057636E-03
8.2686943183E-03    8.2317473447E-03    8.1949641266E-03    8.1583439502E-03
8.1218861052E-03    8.0855898840E-03    8.0494545821E-03    8.0134794979E-03
7.9776639328E-03    7.9420071911E-03    7.9065085801E-03    7.8711674099E-03
7.8359829937E-03    7.8009546474E-03    7.7660816899E-03    7.7313634429E-03
7.6967992310E-03    7.6623883817E-03    7.6281302254E-03    7.5940240950E-03
7.5600693265E-03    7.5262652588E-03    7.4926112333E-03    7.4591065944E-03
7.4257506892E-03    7.3925428676E-03    7.3594824821E-03    7.3265688882E-03
7.2938014438E-03    7.2611795100E-03    7.2287024500E-03    7.1963696303E-03
7.1641804197E-03    7.1321341897E-03    7.1002303146E-03    7.0684681714E-03
7.0368471395E-03    7.0053666012E-03    6.9740259413E-03    6.9428245471E-03
6.9117618088E-03    6.8808371189E-03    6.8500498726E-03    6.8193994677E-03
6.7888853046E-03    6.7585067860E-03    6.7282633176E-03    6.6981543071E-03
6.6681791651E-03    6.6383373047E-03    6.6086281411E-03    6.5790510926E-03
6.5496055794E-03    6.5202910246E-03    6.4911068536E-03    6.4620524941E-03
6.4331273766E-03    6.4043309336E-03    6.3756626004E-03    6.3471218146E-03
6.3187080159E-03    6.2904206469E-03    6.2622591522E-03    6.2342229790E-03
6.2063115767E-03    6.1785243971E-03    6.1508608945E-03    6.1233205252E-03
6.0959027483E-03    6.0686070247E-03    6.0414328179E-03    6.0143795938E-03
5.9874468203E-03    5.9606339677E-03    5.9339405087E-03    5.9073659181E-03
5.8809096730E-03    5.8545712528E-03    5.8283501389E-03    5.8022458153E-03
5.7762577680E-03    5.7503854850E-03    5.7246284570E-03    5.6989861765E-03
5.6734581382E-03    5.6480438392E-03    5.6227427785E-03    5.5975544574E-03
5.5724783794E-03    5.5475140500E-03    5.5226609769E-03    5.4979186698E-03
5.4732866407E-03    5.4487644036E-03    5.4243514745E-03    5.4000473717E-03
5.3758516154E-03    5.3517637279E-03    5.3277832337E-03    5.3039096591E-03
5.2801425325E-03    5.2564813846E-03    5.2329257479E-03    5.2094751568E-03
5.1861291479E-03    5.1628872599E-03    5.1397490331E-03    5.1167140102E-03
5.0937817356E-03    5.0709517558E-03    5.0482236193E-03    5.0255968763E-03
5.0030710793E-03    4.9806457824E-03    4.9583205419E-03    4.9360949159E-03
4.9139684642E-03    4.8919407489E-03    4.8700113338E-03    4.8481797846E-03
4.8264456687E-03    4.8048085557E-03    4.7832680169E-03    4.7618236253E-03
4.7404749562E-03    4.7192215861E-03    4.6980630940E-03    4.6769990602E-03
4.6560290671E-03    4.6351526989E-03    4.6143695413E-03    4.5936791823E-03
4.5730812113E-03    4.5525752196E-03    4.5321608004E-03    4.5118375483E-03
4.4916050600E-03    4.4714629339E-03    4.4514107701E-03    4.4314481704E-03
4.4115747383E-03    4.3917900791E-03    4.3720937998E-03    4.3524855091E-03
4.3329648175E-03    4.3135313369E-03    4.2941846813E-03    4.2749244659E-03
4.2557503081E-03    4.2366618265E-03    4.2176586416E-03    4.1987403755E-03
4.1799066520E-03    4.1611570964E-03    4.1424913359E-03    4.1239089989E-03
4.1054097158E-03    4.0869931184E-03    4.0686588402E-03    4.0504065163E-03
4.0322357833E-03    4.0141462795E-03    3.9961376447E-03    3.9782095202E-03
3.9603615490E-03    3.9425933756E-03    3.9249046462E-03    3.9072950081E-03
3.8897641107E-03    3.8723116046E-03    3.8549371419E-03    3.8376403764E-03
3.8204209633E-03    3.8032785594E-03    3.7862128227E-03    3.7692234131E-03
3.7523099918E-03    3.7354722215E-03    3.7187097662E-03    3.7020222917E-03
3.6854094649E-03    3.6688709545E-03    3.6524064305E-03    3.6360155642E-03
3.6196980285E-03    3.6034534978E-03    3.5872816477E-03    3.5711821554E-03
3.5551546994E-03    3.5391989598E-03    3.5233146178E-03    3.5075013562E-03
3.4917588592E-03    3.4760868123E-03    3.4604849023E-03    3.4449528176E-03
3.4294902478E-03    3.4140968839E-03    3.3987724183E-03    3.3835165445E-03
3.3683289578E-03    3.3532093544E-03    3.3381574321E-03    3.3231728899E-03
3.3082554281E-03    3.2934047485E-03    3.2786205539E-03    3.2639025487E-03
3.2492504385E-03    3.2346639301E-03    3.2201427316E-03    3.2056865526E-03
3.1912951036E-03    3.1769680967E-03    3.1627052452E-03    3.1485062635E-03
3.1343708673E-03    3.1202987737E-03    3.1062897010E-03    3.0923433685E-03
3.0784594971E-03    3.0646378086E-03    3.0508780263E-03    3.0371798745E-03
3.0235430787E-03    3.0099673659E-03    2.9964524639E-03    2.9829981021E-03
2.9696040107E-03    2.9562699213E-03    2.9429955668E-03    2.9297806810E-03
2.9166249989E-03    2.9035282570E-03    2.8904901926E-03    2.8775105442E-03
2.8645890517E-03    2.8517254558E-03    2.8389194986E-03    2.8261709233E-03
2.8134794741E-03    2.8008448965E-03    2.7882669369E-03    2.7757453430E-03
2.7632798636E-03    2.7508702485E-03    2.7385162488E-03    2.7262176163E-03
2.7139741044E-03    2.7017854673E-03    2.6896514602E-03    2.6775718397E-03
2.6655463631E-03    2.6535747890E-03    2.6416568770E-03    2.6297923879E-03
2.6179810833E-03    2.6062227260E-03    2.5945170798E-03    2.5828639096E-03
2.5712629814E-03    2.5597140620E-03    2.5482169194E-03    2.5367713226E-03
2.5253770417E-03    2.5140338475E-03    2.5027415123E-03    2.4914998090E-03
2.4803085116E-03    2.4691673953E-03    2.4580762360E-03    2.4470348108E-03
2.4360428977E-03    2.4251002756E-03    2.4142067247E-03    2.4033620256E-03
2.3925659605E-03    2.3818183122E-03    2.3711188644E-03    2.3604674021E-03
2.3498637108E-03    2.3393075774E-03    2.3287987894E-03    2.3183371355E-03
2.3079224050E-03    2.2975543885E-03    2.2872328773E-03    2.2769576637E-03
2.2667285409E-03    2.2565453030E-03    2.2464077451E-03    2.2363156630E-03
2.2262688537E-03    2.2162671148E-03    2.2063102450E-03    2.1963980439E-03
2.1865303117E-03    2.1767068499E-03    2.1669274606E-03    2.1571919469E-03
2.1475001126E-03    2.1378517626E-03    2.1282467026E-03    2.1186847390E-03
2.1091656792E-03    2.0996893314E-03    2.0902555048E-03    2.0808640093E-03
2.0715146556E-03    2.0622072553E-03    2.0529416209E-03    2.0437175656E-03
2.0345349035E-03    2.0253934497E-03    2.0162930197E-03    2.0072334302E-03
1.9982144986E-03    1.9892360429E-03    1.9802978823E-03    1.9713998366E-03
1.9625417262E-03    1.9537233726E-03    1.9449445980E-03    1.9362052253E-03
1.9275050784E-03    1.9188439817E-03    1.9102217605E-03    1.9016382411E-03
1.8930932501E-03    1.8845866152E-03    1.8761181650E-03    1.8676877284E-03
1.8592951354E-03    1.8509402167E-03    1.8426228038E-03    1.8343427287E-03
1.8260998245E-03    1.8178939247E-03    1.8097248638E-03    1.8015924769E-03
1.7934965999E-03    1.7854370694E-03    1.7774137226E-03    1.7694263977E-03
1.7614749334E-03    1.7535591692E-03    1.7456789452E-03    1.7378341025E-03
1.7300244825E-03    1.7222499277E-03    1.7145102809E-03    1.7068053861E-03
1.6991350875E-03    1.6914992302E-03    1.6838976601E-03    1.6763302237E-03
1.6687967680E-03    1.6612971409E-03    1.6538311910E-03    1.6463987674E-03
1.6389997200E-03    1.6316338994E-03    1.6243011566E-03    1.6170013436E-03
1.6097343129E-03    1.6024999176E-03    1.5952980116E-03    1.5881284494E-03
1.5809910860E-03    1.5738857773E-03    1.5668123796E-03    1.5597707500E-03
1.5527607462E-03    1.5457822265E-03    1.5388350499E-03    1.5319190759E-03
1.5250341647E-03    1.5181801772E-03    1.5113569747E-03    1.5045644194E-03
1.4978023740E-03    1.4910707017E-03    1.4843692663E-03    1.4776979326E-03
1.4710565654E-03    1.4644450306E-03    1.4578631944E-03    1.4513109238E-03
1.4447880862E-03    1.4382945497E-03    1.4318301830E-03    1.4253948554E-03
1.4189884366E-03    1.4126107972E-03    1.4062618081E-03    1.3999413409E-03
1.3936492677E-03    1.3873854613E-03    1.3811497949E-03    1.3749421423E-03
1.3687623781E-03    1.3626103771E-03    1.3564860149E-03    1.3503891676E-03
1.3443197118E-03    1.3382775247E-03    1.3322624840E-03    1.3262744680E-03
1.3203133555E-03    1.3143790260E-03    1.3084713592E-03    1.3025902357E-03
1.2967355364E-03    1.2909071428E-03    1.2851049369E-03    1.2793288013E-03
1.2735786190E-03    1.2678542738E-03    1.2621556496E-03    1.2564826312E-03
1.2508351037E-03    1.2452129527E-03    1.2396160644E-03    1.2340443256E-03
1.2284976233E-03    1.2229758454E-03    1.2174788799E-03    1.2120066157E-03
1.2065589418E-03    1.2011357480E-03    1.1957369245E-03    1.1903623618E-03
1.1850119513E-03    1.1796855845E-03    1.1743831535E-03    1.1691045510E-03
1.1638496700E-03    1.1586184041E-03    1.1534106474E-03    1.1482262944E-03
1.1430652400E-03    1.1379273798E-03    1.1328126096E-03    1.1277208258E-03
1.1226519253E-03    1.1176058054E-03    1.1125823638E-03    1.1075814989E-03
1.1026031092E-03    1.0976470939E-03    1.0927133527E-03    1.0878017854E-03
1.0829122927E-03    1.0780447754E-03    1.0731991349E-03    1.0683752731E-03
1.0635730921E-03    1.0587924946E-03    1.0540333839E-03    1.0492956634E-03
1.0445792371E-03    1.0398840094E-03    1.0352098852E-03    1.0305567698E-03
1.0259245687E-03    1.0213131883E-03    1.0167225349E-03    1.0121525156E-03
1.0076030376E-03    1.0030740089E-03    9.9856533750E-04    9.9407693211E-04
9.8960870172E-04    9.8516055575E-04    9.8073240403E-04    9.7632415678E-04
9.7193572464E-04    9.6756701864E-04    9.6321795021E-04    9.5888843117E-04
9.5457837374E-04    9.5028769054E-04    9.4601629457E-04    9.4176409922E-04
9.3753101828E-04    9.3331696591E-04    9.2912185666E-04    9.2494560546E-04