-1.3800089543E-12    1.2942076768E-03    2.5897803538E-03    3.8880836789E-03
5.1904845794E-03    6.4983518521E-03    7.8130566957E-03    9.1359731674E-03
1.0468478546E-02    1.1811953589E-02    1.3167782658E-02    1.4537353724E-02
1.5922058210E-02    1.7323290691E-02    1.8742448425E-02    2.0180930726E-02
2.1640138161E-02    2.3121471589E-02    2.4626331029E-02    2.6156114371E-02
2.7712215939E-02    2.9296024900E-02    3.0908923556E-02    3.2552285507E-02
3.4227473710E-02    3.5935838460E-02    3.7678715286E-02    3.9457422807E-02
4.1273260549E-02    4.3127506745E-02    4.5021416148E-02    4.6956217860E-02
4.8933113212E-02    5.0953273701E-02    5.3017839007E-02    5.5127915111E-02
5.7284572514E-02    5.9488844584E-02    6.1741726048E-02    6.4044171607E-02
6.6397094727E-02    6.8801366570E-02    7.1257815096E-02    7.3767224325E-02
7.6330333751E-02    7.8947837926E-02    8.1620386185E-02    8.4348582519E-02
8.7132985575E-02    8.9974108785E-02    9.2872420595E-02    9.5828344795E-02
9.8842260920E-02    1.0191450471E-01    1.0504536862E-01    1.0823510236E-01
1.1148391341E-01    1.1479196754E-01    1.1815938935E-01    1.2158626269E-01
1.2507263101E-01    1.2861849775E-01    1.3222382649E-01    1.3588854111E-01
1.3961252578E-01    1.4339562485E-01    1.4723764261E-01    1.5113834294E-01
1.5509744882E-01    1.5911464170E-01    1.6318956078E-01    1.6732180213E-01
1.7151091780E-01    1.7575641470E-01    1.8005775351E-01    1.8441434747E-01
1.8882556118E-01    1.9329070931E-01    1.9780905533E-01    2.0237981027E-01
2.0700213150E-01    2.1167512160E-01    2.1639782728E-01    2.2116923841E-01
2.2598828724E-01    2.3085384768E-01    2.3576473486E-01    2.4071970477E-01
2.4571745423E-01    2.5075662099E-01    2.5583578413E-01    2.6095346470E-01
2.6610812660E-01    2.7129817776E-01    2.7652197158E-01    2.8177780863E-01
2.8706393862E-01    2.9237856265E-01    2.9771983569E-01    3.0308586930E-01
3.0847473461E-01    3.1388446545E-01    3.1931306172E-01    3.2475849289E-01
3.3021870164E-01    3.3569160765E-01    3.4117511139E-01    3.4666709810E-01
3.5216544164E-01    3.5766800846E-01    3.6317266144E-01    3.6867726373E-01
3.7417968247E-01    3.7967779237E-01    3.8516947916E-01    3.9065264283E-01
3.9612520071E-01    4.0158509030E-01    4.0703027186E-01    4.1245873075E-01
4.1786847952E-01    4.2325755964E-01    4.2862404309E-01    4.3396603352E-01
4.3928166719E-01    4.4456911366E-01    4.4982657616E-01    4.5505229170E-01
4.6024453097E-01    4.6540159801E-01    4.7052182962E-01    4.7560359469E-01
4.8064529329E-01    4.8564535567E-01    4.9060224114E-01    4.9551443696E-01
5.0038045710E-01    5.0519884106E-01    5.0996815275E-01    5.1468697933E-01
5.1935393029E-01    5.2396763656E-01    5.2852674983E-01    5.3302994201E-01
5.3747590497E-01    5.4186335047E-01    5.4619101035E-01    5.5045763698E-01
5.5466200405E-01    5.5880290756E-01    5.6287916721E-01    5.6688962801E-01
5.7083316226E-01    5.7470867173E-01    5.7851509020E-01    5.8225138624E-01
5.8591656626E-01    5.8950967772E-01    5.9302981267E-01    5.9647611132E-01
5.9984776586E-01    6.0314402437E-01    6.0636419480E-01    6.0950764899E-01
6.1257382672E-01    6.1556223970E-01    6.1847247551E-01    6.2130420143E-01
6.2405716812E-01    6.2673121312E-01    6.2932626414E-01    6.3184234225E-01
6.3427956409E-01    6.3663814468E-01    6.3891840020E-01    6.4112074813E-01
6.4324571125E-01    6.4529391398E-01    6.4726606046E-01    6.4916291996E-01
6.5098529156E-01    6.5273396301E-01    6.5440972294E-01    6.5601335575E-01
6.5754564481E-01    6.5900738788E-01    6.6039939092E-01    6.6172245921E-01
6.6297739669E-01    6.6416500912E-01    6.6528610400E-01    6.6634148898E-01
6.6733197139E-01    6.6825835806E-01    6.6912145495E-01    6.6992206678E-01
6.7066099670E-01    6.7133904602E-01    6.7195701389E-01    6.7251569708E-01
6.7301588971E-01    6.7345838306E-01    6.7384396530E-01    6.7417342134E-01
6.7444753262E-01    6.7466707696E-01    6.7483282836E-01    6.7494555690E-01
6.7500602854E-01    6.7501500502E-01    6.7497324374E-01    6.7488149762E-01
6.7474051499E-01    6.7455103949E-01    6.7431381000E-01    6.7402956048E-01
6.7369901995E-01    6.7332291236E-01    6.7290195655E-01    6.7243686614E-01
6.7192834950E-01    6.7137710963E-01    6.7078384416E-01    6.7014924527E-01
6.6947399963E-01    6.6875878833E-01    6.6800428688E-01    6.6721116515E-01
6.6638008731E-01    6.6551171182E-01    6.6460669136E-01    6.6366567285E-01
6.6268929740E-01    6.6167820024E-01    6.6063301077E-01    6.5955435251E-01
6.5844284306E-01    6.5729909411E-01    6.5612371143E-01    6.5491729484E-01
6.5368043821E-01    6.5241372947E-01    6.5111775057E-01    6.4979307753E-01
6.4844028039E-01    6.4705992323E-01    6.4565256419E-01    6.4421875544E-01
6.4275904324E-01    6.4127396788E-01    6.3976406376E-01    6.3822985937E-01
6.3667187728E-01    6.3509063421E-01    6.3348664100E-01    6.3186040265E-01
6.3021241835E-01    6.2854318146E-01    6.2685317958E-01    6.2514289455E-01
6.2341280248E-01    6.2166337376E-01    6.1989507310E-01    6.1810835959E-01
6.1630368665E-01    6.1448150214E-01    6.1264224834E-01    6.1078636200E-01
6.0891427439E-01    6.0702641127E-01    6.0512319302E-01    6.0320503459E-01
6.0127234556E-01    5.9932553020E-01    5.9736498748E-01    5.9539111112E-01
5.9340428963E-01    5.9140490631E-01    5.8939333934E-01    5.8736996181E-01
5.8533514172E-01    5.8328924205E-01    5.8123262080E-01    5.7916563103E-01
5.7708862088E-01    5.7500193364E-01    5.7290590776E-01    5.7080087693E-01
5.6868717006E-01    5.6656511140E-01    5.6443502052E-01    5.6229721236E-01
5.6015199731E-01    5.5799968120E-01    5.5584056537E-01    5.5367494672E-01
5.5150311773E-01    5.4932536651E-01    5.4714197685E-01    5.4495322825E-01
5.4275939595E-01    5.4056075102E-01    5.3835756033E-01    5.3615008665E-01
5.3393858869E-01    5.3172332107E-01    5.2950453447E-01    5.2728247558E-01
5.2505738717E-01    5.2282950816E-01    5.2059907361E-01    5.1836631481E-01
5.1613145928E-01    5.1389473082E-01    5.1165634957E-01    5.0941653203E-01
5.0717549109E-01    5.0493343610E-01    5.0269057290E-01    5.0044710382E-01
4.9820322777E-01    4.9595914025E-01    4.9371503341E-01    4.9147109605E-01
4.8922751369E-01    4.8698446860E-01    4.8474213984E-01    4.8250070327E-01
4.8026033162E-01    4.7802119454E-01    4.7578345856E-01    4.7354728722E-01
4.7131284102E-01    4.6908027754E-01    4.6684975141E-01    4.6462141435E-01
4.6239541525E-01    4.6017190016E-01    4.5795101234E-01    4.5573289230E-01
4.5351767781E-01    4.5130550396E-01    4.4909650318E-01    4.4689080528E-01
4.4468853746E-01    4.4248982439E-01    4.4029478818E-01    4.3810354845E-01
4.3591622237E-01    4.3373292465E-01    4.3155376761E-01    4.2937886121E-01
4.2720831303E-01    4.2504222837E-01    4.2288071023E-01    4.2072385937E-01
4.1857177430E-01    4.1642455135E-01    4.1428228469E-01    4.1214506634E-01
4.1001298622E-01    4.0788613214E-01    4.0576458990E-01    4.0364844324E-01
4.0153777390E-01    3.9943266167E-01    3.9733318437E-01    3.9523941792E-01
3.9315143633E-01    3.9106931176E-01    3.8899311452E-01    3.8692291310E-01
3.8485877420E-01    3.8280076277E-01    3.8074894200E-01    3.7870337338E-01
3.7666411671E-01    3.7463123010E-01    3.7260477004E-01    3.7058479139E-01
3.6857134742E-01    3.6656448983E-01    3.6456426877E-01    3.6257073285E-01
3.6058392919E-01    3.5860390342E-01    3.5663069972E-01    3.5466436083E-01
3.5270492807E-01    3.5075244136E-01    3.4880693927E-01    3.4686845899E-01
3.4493703641E-01    3.4301270607E-01    3.4109550126E-01    3.3918545398E-01
3.3728259498E-01    3.3538695378E-01    3.3349855870E-01    3.3161743686E-01
3.2974361421E-01    3.2787711556E-01    3.2601796456E-01    3.2416618377E-01
3.2232179464E-01    3.2048481755E-01    3.1865527180E-01    3.1683317567E-01
3.1501854640E-01    3.1321140023E-01    3.1141175242E-01    3.0961961722E-01
3.0783500795E-01    3.0605793700E-01    3.0428841581E-01    3.0252645492E-01
3.0077206399E-01    2.9902525179E-01    2.9728602623E-01    2.9555439439E-01
2.9383036250E-01    2.9211393600E-01    2.9040511950E-01    2.8870391686E-01
2.8701033113E-01    2.8532436463E-01    2.8364601894E-01    2.8197529490E-01
2.8031219265E-01    2.7865671160E-01    2.7700885051E-01    2.7536860745E-01
2.7373597982E-01    2.7211096439E-01    2.7049355729E-01    2.6888375401E-01
2.6728154945E-01    2.6568693792E-01    2.6409991313E-01    2.6252046820E-01
2.6094859574E-01    2.5938428775E-01    2.5782753573E-01    2.5627833065E-01
2.5473666294E-01    2.5320252256E-01    2.5167589895E-01    2.5015678108E-01
2.4864515743E-01    2.4714101604E-01    2.4564434449E-01    2.4415512990E-01
2.4267335900E-01    2.4119901805E-01    2.3973209292E-01    2.3827256909E-01
2.3682043162E-01    2.3537566521E-01    2.3393825416E-01    2.3250818243E-01
2.3108543360E-01    2.2966999091E-01    2.2826183727E-01    2.2686095524E-01
2.2546732707E-01    2.2408093469E-01    2.2270175973E-01    2.2132978350E-01
2.1996498705E-01    2.1860735111E-01    2.1725685617E-01    2.1591348243E-01
2.1457720983E-01    2.1324801806E-01    2.1192588657E-01    2.1061079455E-01
2.0930272098E-01    2.0800164460E-01    2.0670754392E-01    2.0542039727E-01
2.0414018274E-01    2.0286687823E-01    2.0160046146E-01    2.0034090994E-01
1.9908820101E-01    1.9784231184E-01    1.9660321940E-01    1.9537090053E-01
1.9414533190E-01    1.9292649002E-01    1.9171435125E-01    1.9050889181E-01
1.8931008779E-01    1.8811791514E-01    1.8693234968E-01    1.8575336711E-01
1.8458094302E-01    1.8341505288E-01    1.8225567205E-01    1.8110277579E-01
1.7995633925E-01    1.7881633750E-01    1.7768274551E-01    1.7655553817E-01
1.7543469029E-01    1.7432017660E-01    1.7321197174E-01    1.7211005030E-01
1.7101438681E-01    1.6992495570E-01    1.6884173139E-01    1.6776468822E-01
1.6669380047E-01    1.6562904239E-01    1.6457038818E-01    1.6351781201E-01
1.6247128798E-01    1.6143079018E-01    1.6039629269E-01    1.5936776951E-01
1.5834519466E-01    1.5732854211E-01    1.5631778584E-01    1.5531289978E-01
1.5431385788E-01    1.5332063405E-01    1.5233320221E-01    1.5135153627E-01
1.5037561014E-01    1.4940539773E-01    1.4844087295E-01    1.4748200971E-01
1.4652878195E-01    1.4558116359E-01    1.4463912858E-01    1.4370265088E-01
1.4277170446E-01    1.4184626333E-01    1.4092630149E-01    1.4001179299E-01
1.3910271190E-01    1.3819903229E-01    1.3730072829E-01    1.3640777406E-01
1.3552014376E-01    1.3463781163E-01    1.3376075191E-01    1.3288893888E-01
1.3202234689E-01    1.3116095030E-01    1.3030472352E-01    1.2945364100E-01
1.2860767726E-01    1.2776680684E-01    1.2693100434E-01    1.2610024440E-01
1.2527450172E-01    1.2445375106E-01    1.2363796722E-01    1.2282712506E-01
1.2202119950E-01    1.2122016550E-01    1.2042399811E-01    1.1963267241E-01
1.1884616356E-01    1.1806444678E-01    1.1728749734E-01    1.1651529058E-01
1.1574780192E-01    1.1498500683E-01    1.1422688084E-01    1.1347339957E-01
1.1272453870E-01    1.1198027397E-01    1.1124058120E-01    1.1050543628E-01
1.0977481517E-01    1.0904869391E-01    1.0832704859E-01    1.0760985542E-01
1.0689709063E-01    1.0618873057E-01    1.0548475165E-01    1.0478513034E-01
1.0408984322E-01    1.0339886693E-01    1.0271217818E-01    1.0202975377E-01
1.0135157059E-01    1.0067760560E-01    1.0000783584E-01    9.9342238419E-02
9.8680790553E-02    9.8023469525E-02    9.7370252704E-02    9.6721117540E-02
9.6076041568E-02    9.5435002407E-02    9.4797977760E-02    9.4164945413E-02
9.3535883239E-02    9.2910769193E-02    9.2289581318E-02    9.1672297741E-02
9.1058896677E-02    9.0449356425E-02    8.9843655370E-02    8.9241771986E-02
8.8643684832E-02    8.8049372555E-02    8.7458813887E-02    8.6871987650E-02
8.6288872752E-02    8.5709448189E-02    8.5133693046E-02    8.4561586493E-02
8.3993107791E-02    8.3428236287E-02    8.2866951418E-02    8.2309232708E-02
8.1755059769E-02    8.1204412304E-02    8.0657270101E-02    8.0113613038E-02
7.9573421084E-02    7.9036674292E-02    7.8503352807E-02    7.7973436862E-02
7.7446906777E-02    7.6923742962E-02    7.6403925916E-02    7.5887436226E-02
7.5374254566E-02    7.4864361700E-02    7.4357738482E-02    7.3854365851E-02
7.3354224836E-02    7.2857296555E-02    7.2363562212E-02    7.1873003101E-02
7.1385600604E-02    7.0901336189E-02    7.0420191413E-02    6.9942147921E-02
6.9467187445E-02    6.8995291805E-02    6.8526442907E-02    6.8060622746E-02
6.7597813402E-02    6.7137997043E-02    6.6681155924E-02    6.6227272386E-02
6.5776328857E-02    6.5328307850E-02    6.4883191965E-02    6.4440963889E-02
6.4001606393E-02    6.3565102333E-02    6.3131434653E-02    6.2700586381E-02
6.2272540628E-02    6.1847280592E-02    6.1424789556E-02    6.1005050885E-02
6.0588048031E-02    6.0173764528E-02    5.9762183994E-02    5.9353290131E-02
5.8947066724E-02    5.8543497642E-02    5.8142566835E-02    5.7744258337E-02
5.7348556265E-02    5.6955444817E-02    5.6564908272E-02    5.6176930994E-02
5.5791497424E-02    5.5408592088E-02    5.5028199590E-02    5.4650304618E-02
5.4274891937E-02    5.3901946395E-02    5.3531452918E-02    5.3163396512E-02
5.2797762263E-02    5.2434535336E-02    5.2073700974E-02    5.1715244501E-02
5.1359151316E-02    5.1005406899E-02    5.0653996806E-02    5.0304906672E-02
4.9958122206E-02    4.9613629199E-02    4.9271413514E-02    4.8931461094E-02
4.8593757956E-02    4.8258290193E-02    4.7925043975E-02    4.7594005545E-02
4.7265161224E-02    4.6938497405E-02    4.6614000557E-02    4.6291657223E-02
4.5971454019E-02    4.5653377635E-02    4.5337414835E-02    4.5023552456E-02
4.4711777405E-02    4.4402076667E-02    4.4094437293E-02    4.3788846410E-02
4.3485291214E-02    4.3183758975E-02    4.2884237031E-02    4.2586712793E-02
4.2291173741E-02    4.1997607426E-02    4.1706001468E-02    4.1416343557E-02
4.1128621452E-02    4.0842822981E-02    4.0558936040E-02    4.0276948595E-02
3.9996848678E-02    3.9718624390E-02    3.9442263899E-02    3.9167755441E-02
3.8895087317E-02    3.8624247896E-02    3.8355225613E-02    3.8088008968E-02
3.7822586530E-02    3.7558946928E-02    3.7297078860E-02    3.7036971089E-02
3.6778612439E-02    3.6521991802E-02    3.6267098132E-02    3.6013920447E-02
3.5762447828E-02    3.5512669419E-02    3.5264574428E-02    3.5018152123E-02
3.4773391837E-02    3.4530282963E-02    3.4288814955E-02    3.4048977331E-02
3.3810759667E-02    3.3574151602E-02    3.3339142833E-02    3.3105723120E-02
3.2873882281E-02    3.2643610193E-02    3.2414896793E-02    3.2187732079E-02
3.1962106104E-02    3.1738008981E-02    3.1515430883E-02    3.1294362039E-02
3.1074792734E-02    3.0856713313E-02    3.0640114177E-02    3.0424985784E-02
3.0211318648E-02    2.9999103338E-02    2.9788330481E-02    2.9578990760E-02
2.9371074910E-02    2.9164573724E-02    2.8959478048E-02    2.8755778785E-02
2.8553466889E-02    2.8352533370E-02    2.8152969291E-02    2.7954765769E-02
2.7757913972E-02    2.7562405125E-02    2.7368230501E-02    2.7175381428E-02
2.6983849285E-02    2.6793625504E-02    2.6604701567E-02    2.6417069008E-02
2.6230719413E-02    2.6045644416E-02    2.5861835704E-02    2.5679285013E-02
2.5497984129E-02    2.5317924888E-02    2.5139099175E-02    2.4961498925E-02
2.4785116121E-02    2.4609942795E-02    2.4435971027E-02    2.4263192946E-02
2.4091600727E-02    2.3921186596E-02    2.3751942822E-02    2.3583861725E-02
2.3416935669E-02    2.3251157068E-02    2.3086518377E-02    2.2923012103E-02
2.2760630796E-02    2.2599367050E-02    2.2439213507E-02    2.2280162854E-02
2.2122207822E-02    2.1965341186E-02    2.1809555767E-02    2.1654844430E-02
2.1501200082E-02    2.1348615675E-02    2.1197084206E-02    2.1046598712E-02
2.0897152276E-02    2.0748738022E-02    2.0601349117E-02    2.0454978769E-02
2.0309620231E-02    2.0165266794E-02    2.0021911795E-02    1.9879548608E-02
1.9738170651E-02    1.9597771382E-02    1.9458344300E-02    1.9319882943E-02
1.9182380891E-02    1.9045831764E-02    1.8910229220E-02    1.8775566958E-02
1.8641838716E-02    1.8509038271E-02    1.8377159440E-02    1.8246196076E-02
1.8116142074E-02    1.7986991364E-02    1.7858737915E-02    1.7731375736E-02
1.7604898871E-02    1.7479301402E-02    1.7354577449E-02    1.7230721168E-02
1.7107726752E-02    1.6985588430E-02    1.6864300470E-02    1.6743857173E-02
1.6624252878E-02    1.6505481957E-02    1.6387538821E-02    1.6270417915E-02
1.6154113717E-02    1.6038620744E-02    1.5923933544E-02    1.5810046702E-02
1.5696954835E-02    1.5584652597E-02    1.5473134673E-02    1.5362395784E-02
1.5252430684E-02    1.5143234160E-02    1.5034801031E-02    1.4927126151E-02
1.4820204407E-02    1.4714030715E-02    1.4608600029E-02    1.4503907329E-02
1.4399947633E-02    1.4296715986E-02    1.4194207468E-02    1.4092417189E-02
1.3991340289E-02    1.3890971942E-02    1.3791307351E-02    1.3692341750E-02
1.3594070404E-02    1.3496488608E-02    1.3399591687E-02    1.3303374997E-02
1.3207833923E-02    1.3112963879E-02    1.3018760311E-02    1.2925218692E-02
1.2832334524E-02    1.2740103340E-02    1.2648520700E-02    1.2557582193E-02
1.2467283438E-02    1.2377620080E-02    1.2288587794E-02    1.2200182281E-02
1.2112399272E-02    1.2025234524E-02    1.1938683822E-02    1.1852742980E-02
1.1767407835E-02    1.1682674255E-02    1.1598538133E-02    1.1514995389E-02
1.1432041970E-02    1.1349673848E-02    1.1267887023E-02    1.1186677519E-02
1.1106041387E-02    1.1025974705E-02    1.0946473574E-02    1.0867534121E-02
1.0789152501E-02    1.0711324890E-02    1.0634047492E-02    1.0557316535E-02
1.0481128271E-02    1.0405478976E-02    1.0330364952E-02    1.0255782525E-02
1.0181728044E-02    1.0108197883E-02    1.0035188438E-02    9.9626961306E-03
9.8907174053E-03    9.8192487295E-03    9.7482865942E-03    9.6778275132E-03
9.6078680234E-03    9.5384046845E-03    9.4694340786E-03    9.4009528106E-03
9.3329575075E-03    9.2654448187E-03    9.1984114156E-03    9.1318539916E-03
9.0657692619E-03    9.0001539635E-03    8.9350048546E-03    8.8703187152E-03
8.8060923465E-03    8.7423225707E-03    8.6790062312E-03    8.6161401921E-03
8.5537213385E-03    8.4917465761E-03    8.4302128309E-03    8.3691170494E-03
8.3084561986E-03    8.2482272652E-03    8.1884272562E-03    8.1290531985E-03
8.0701021385E-03    8.0115711425E-03    7.9534572963E-03    7.8957577050E-03
7.8384694929E-03    7.7815898036E-03    7.7251157997E-03    7.6690446627E-03
7.6133735929E-03    7.5580998092E-03    7.5032205493E-03    7.4487330691E-03
7.3946346430E-03    7.3409225634E-03    7.2875941411E-03    7.2346467047E-03
7.1820776006E-03    7.1298841933E-03    7.0780638645E-03    7.0266140138E-03
6.9755320581E-03    6.9248154316E-03    6.8744615858E-03    6.8244679892E-03
6.7748321274E-03    6.7255515027E-03    6.6766236345E-03    6.6280460586E-03
6.5798163275E-03    6.5319320101E-03    6.4843906917E-03    6.4371899739E-03
6.3903274743E-03    6.3438008268E-03    6.2976076810E-03    6.2517457026E-03
6.2062125728E-03    6.1610059886E-03    6.1161236626E-03    6.0715633226E-03
6.0273227120E-03    5.9833995894E-03    5.9397917285E-03    5.8964969181E-03
5.8535129619E-03    5.8108376786E-03    5.7684689016E-03    5.7264044788E-03
5.6846422731E-03    5.6431801615E-03    5.6020160356E-03    5.5611478012E-03
5.5205733785E-03    5.4802907015E-03    5.4402977186E-03    5.4005923919E-03
5.3611726974E-03    5.3220366249E-03    5.2831821779E-03    5.2446073734E-03
5.2063102419E-03    5.1682888274E-03    5.1305411873E-03    5.0930653919E-03
5.0558595250E-03    5.0189216834E-03    4.9822499767E-03    4.9458425277E-03
4.9096974716E-03    4.8738129568E-03    4.8381871440E-03    4.8028182067E-03
4.7677043307E-03    4.7328437144E-03    4.6982345683E-03    4.6638751154E-03
4.6297635905E-03    4.5958982410E-03    4.5622773259E-03    4.5288991162E-03
4.4957618949E-03    4.4628639567E-03    4.4302036079E-03    4.3977791666E-03
4.3655889622E-03    4.3336313359E-03    4.3019046400E-03    4.2704072383E-03
4.2391375058E-03    4.2080938286E-03    4.1772746039E-03    4.1466782402E-03
4.1163031565E-03    4.0861477830E-03    4.0562105608E-03    4.0264899413E-03
3.9969843871E-03    3.9676923709E-03    3.9386123764E-03    3.9097428974E-03
3.8810824383E-03    3.8526295137E-03    3.8243826485E-03    3.7963403779E-03
3.7685012470E-03    3.7408638111E-03    3.7134266354E-03    3.6861882952E-03
3.6591473754E-03    3.6323024709E-03    3.6056521863E-03    3.5791951357E-03
3.5529299430E-03    3.5268552414E-03    3.5009696739E-03    3.4752718926E-03
3.4497605591E-03    3.4244343442E-03    3.3992919280E-03    3.3743319998E-03
3.3495532578E-03    3.3249544095E-03    3.3005341711E-03    3.2762912680E-03
3.2522244342E-03    3.2283324128E-03    3.2046139553E-03    3.1810678221E-03
3.1576927822E-03    3.1344876131E-03    3.1114511009E-03    3.0885820401E-03
3.0658792336E-03    3.0433414927E-03    3.0209676368E-03    2.9987564938E-03
2.9767068996E-03    2.9548176981E-03    2.9330877417E-03    2.9115158903E-03
2.8901010122E-03    2.8688419832E-03    2.8477376872E-03    2.8267870159E-03
2.8059888687E-03    2.7853421526E-03    2.7648457824E-03    2.7444986805E-03
2.7242997766E-03    2.7042480081E-03    2.6843423198E-03    2.6645816638E-03
2.6449649998E-03    2.6254912945E-03    2.6061595219E-03    2.5869686633E-03
2.5679177070E-03    2.5490056486E-03    2.5302314905E-03    2.5115942423E-03
2.4930929204E-03    2.4747265483E-03    2.4564941560E-03    2.4383947807E-03
2.4204274663E-03    2.4025912631E-03    2.3848852284E-03    2.3673084261E-03
2.3498599265E-03    2.3325388066E-03    2.3153441499E-03    2.2982750462E-03
2.2813305919E-03    2.2645098895E-03    2.2478120482E-03    2.2312361831E-03
2.2147814157E-03    2.1984468738E-03    2.1822316911E-03    2.1661350076E-03
2.1501559694E-03    2.1342937284E-03    2.1185474426E-03    2.1029162761E-03
2.0873993986E-03    2.0719959859E-03    2.0567052196E-03    2.0415262869E-03
2.0264583809E-03    2.0115007005E-03    1.9966524500E-03    1.9819128394E-03
1.9672810845E-03    1.9527564064E-03    1.9383380319E-03    1.9240251931E-03
1.9098171275E-03    1.8957130783E-03    1.8817122938E-03    1.8678140277E-03
1.8540175389E-03    1.8403220918E-03    1.8267269557E-03    1.8132314053E-03
1.7998347203E-03    1.7865361856E-03    1.7733350912E-03    1.7602307321E-03
1.7472224082E-03    1.7343094246E-03    1.7214910911E-03    1.7087667225E-03
1.6961356384E-03    1.6835971635E-03    1.6711506269E-03    1.6587953628E-03
1.6465307099E-03    1.6343560118E-03    1.6222706166E-03    1.6102738771E-03
1.5983651507E-03    1.5865437994E-03    1.5748091898E-03    1.5631606929E-03
1.5515976841E-03    1.5401195435E-03    1.5287256555E-03    1.5174154087E-03
1.5061881964E-03    1.4950434159E-03    1.4839804690E-03    1.4729987618E-03
1.4620977043E-03    1.4512767112E-03    1.4405352011E-03    1.4298725966E-03
1.4192883248E-03    1.4087818165E-03    1.3983525069E-03    1.3879998351E-03
1.3777232440E-03    1.3675221809E-03    1.3573960967E-03    1.3473444463E-03
1.3373666887E-03    1.3274622864E-03    1.3176307061E-03    1.3078714182E-03
1.2981838968E-03    1.2885676197E-03    1.2790220688E-03    1.2695467293E-03
1.2601410902E-03    1.2508046444E-03    1.2415368880E-03    1.2323373212E-03
1.2232054473E-03    1.2141407736E-03    1.2051428105E-03    1.1962110724E-03
1.1873450766E-03    1.1785443444E-03    1.1698084002E-03    1.1611367719E-03
1.1525289909E-03    1.1439845918E-03    1.1355031126E-03    1.1270840946E-03
1.1187270825E-03    1.1104316241E-03    1.1021972706E-03    1.0940235762E-03
1.0859100986E-03    1.0778563986E-03    1.0698620399E-03    1.0619265896E-03
1.0540496178E-03    1.0462306979E-03    1.0384694060E-03    1.0307653215E-03
1.0231180268E-03    1.0155271073E-03    1.0079921513E-03    1.0005127501E-03
9.9308849804E-04    9.8571899225E-04    9.7840383283E-04    9.7114262273E-04
9.6393496779E-04    9.5678047665E-04    9.4967876082E-04    9.4262943455E-04
9.3563211493E-04    9.2868642177E-04    9.2179197763E-04    9.1494840779E-04
9.0815534025E-04    9.0141240567E-04    8.9471923738E-04    8.8807547137E-04
8.8148074623E-04    8.7493470319E-04    8.6843698604E-04    8.6198724117E-04
8.5558511748E-04    8.4923026646E-04    8.4292234209E-04    8.3666100083E-04
8.3044590166E-04    8.2427670601E-04    8.1815307773E-04    8.1207468314E-04
8.0604119095E-04    8.0005227227E-04    7.9410760058E-04    7.8820685174E-04
7.8234970394E-04    7.7653583770E-04    7.7076493584E-04    7.6503668351E-04
7.5935076810E-04    7.5370687928E-04    7.4810470897E-04    7.4254395132E-04
7.3702430268E-04    7.3154546162E-04    7.2610712888E-04    7.2070900737E-04
7.1535080215E-04    7.1003222042E-04    7.0475297150E-04    6.9951276683E-04
6.9431131991E-04    6.8914834636E-04    6.8402356382E-04    6.7893669201E-04
6.7388745266E-04    6.6887556954E-04    6.6390076841E-04    6.5896277701E-04
6.5406132509E-04    6.4919614431E-04    6.4436696833E-04    6.3957353272E-04
6.3481557495E-04    6.3009283444E-04    6.2540505246E-04    6.2075197219E-04
6.1613333866E-04    6.1154889874E-04    6.0699840118E-04    6.0248159651E-04
5.9799823711E-04    5.9354807714E-04    5.8913087254E-04    5.8474638105E-04
5.8039436215E-04    5.7607457707E-04    5.7178678879E-04    5.6753076200E-04
5.6330626311E-04    5.5911306024E-04    5.5495092317E-04    5.5081962337E-04
5.4671893398E-04    5.4264862977E-04    5.3860848718E-04    5.3459828427E-04
5.3061780069E-04    5.2666681772E-04    5.2274511822E-04    5.1885248665E-04
5.1498870903E-04    5.1115357292E-04    5.0734686746E-04    5.0356838330E-04
4.9981791264E-04    4.9609524917E-04    4.9240018810E-04    4.8873252614E-04
4.8509206145E-04    4.8147859370E-04    4.7789192400E-04    4.7433185491E-04
4.7079819045E-04    4.6729073604E-04    4.6380929854E-04    4.6035368622E-04
4.5692370874E-04    4.5351917716E-04    4.5013990390E-04    4.4678570277E-04
4.4345638893E-04    4.4015177889E-04    4.3687169050E-04    4.3361594294E-04
4.3038435672E-04    4.2717675363E-04    4.2399295681E-04    4.2083279067E-04
4.1769608088E-04    4.1458265442E-04    4.1149233951E-04    4.0842496564E-04
4.0538036355E-04    4.0235836519E-04    3.9935880377E-04    3.9638151371E-04
3.9342633064E-04    3.9049309137E-04    3.8758163395E-04    3.8469179757E-04
3.8182342262E-04    3.7897635066E-04    3.7615042440E-04    3.7334548770E-04
3.7056138557E-04    3.6779796415E-04    3.6505507072E-04    3.6233255365E-04
3.5963026244E-04    3.5694804769E-04    3.5428576110E-04    3.5164325544E-04
3.4902038456E-04    3.4641700341E-04    3.4383296795E-04    3.4126813526E-04
3.3872236340E-04    3.3619551152E-04    3.3368743978E-04    3.3119800938E-04
3.2872708251E-04    3.2627452241E-04    3.2384019329E-04    3.2142396037E-04
3.1902568985E-04    3.1664524892E-04    3.1428250574E-04    3.1193732944E-04
3.0960959010E-04    3.0729915876E-04    3.0500590742E-04    3.0272970900E-04
3.0047043735E-04    2.9822796725E-04    2.9600217442E-04    2.9379293547E-04
2.9160012791E-04    2.8942363018E-04    2.8726332158E-04    2.8511908232E-04
2.8299079347E-04    2.8087833698E-04    2.7878159569E-04    2.7670045325E-04
2.7463479422E-04    2.7258450397E-04    2.7054946873E-04    2.6852957556E-04
2.6652471235E-04    2.6453476781E-04    2.6255963148E-04    2.6059919370E-04
2.5865334563E-04    2.5672197921E-04    2.5480498720E-04    2.5290226311E-04
2.5101370129E-04    2.4913919680E-04    2.4727864553E-04    2.4543194411E-04
2.4359898992E-04    2.4177968111E-04    2.3997391658E-04    2.3818159597E-04
2.3640261966E-04    2.3463688875E-04    2.3288430509E-04    2.3114477123E-04
2.2941819047E-04    2.2770446677E-04    2.2600350486E-04    2.2431521012E-04
2.2263948865E-04    2.2097624723E-04    2.1932539335E-04    2.1768683515E-04
2.1606048147E-04    2.1444624180E-04    2.1284402633E-04    2.1125374587E-04
2.0967531192E-04    2.0810863662E-04    2.0655363275E-04    2.0501021374E-04
2.0347829366E-04    2.0195778721E-04    2.0044860972E-04    1.9895067715E-04
1.9746390607E-04    1.9598821367E-04    1.9452351774E-04    1.9306973670E-04
1.9162678954E-04    1.9019459587E-04    1.8877307590E-04    1.8736215040E-04
1.8596174074E-04    1.8457176887E-04    1.8319215732E-04    1.8182282919E-04
1.8046370813E-04    1.7911471837E-04    1.7777578471E-04    1.7644683247E-04
1.7512778756E-04    1.7381857642E-04    1.7251912602E-04    1.7122936389E-04
1.6994921808E-04    1.6867861718E-04    1.6741749030E-04    1.6616576709E-04
1.6492337770E-04    1.6369025279E-04    1.6246632356E-04    1.6125152170E-04
1.6004577941E-04    1.5884902938E-04    1.5766120481E-04    1.5648223938E-04
1.5531206728E-04    1.5415062317E-04    1.5299784220E-04    1.5185365999E-04
1.5071801265E-04    1.4959083676E-04    1.4847206935E-04    1.4736164793E-04
1.4625951048E-04    1.4516559542E-04    1.4407984163E-04    1.4300218846E-04
1.4193257569E-04    1.4087094354E-04    1.3981723269E-04    1.3877138424E-04
1.3773333975E-04    1.3670304118E-04    1.3568043095E-04    1.3466545189E-04
1.3365804726E-04    1.3265816072E-04    1.3166573638E-04    1.3068071874E-04
1.2970305270E-04    1.2873268361E-04    1.2776955718E-04    1.2681361955E-04
1.2586481724E-04    1.2492309718E-04    1.2398840668E-04    1.2306069345E-04
1.2213990559E-04    1.2122599157E-04    1.2031890024E-04    1.1941858086E-04
1.1852498303E-04    1.1763805673E-04    1.1675775234E-04    1.1588402056E-04
1.1501681250E-04    1.1415607960E-04    1.1330177367E-04    1.1245384688E-04
1.1161225176E-04    1.1077694117E-04    1.0994786834E-04    1.0912498685E-04
1.0830825060E-04    1.0749761384E-04    1.0669303118E-04    1.0589445754E-04
1.0510184818E-04    1.0431515871E-04    1.0353434504E-04    1.0275936342E-04
1.0199017044E-04    1.0122672299E-04    1.0046897829E-04    9.9716893869E-05
9.8970427577E-05    9.8229537577E-05    9.7494182339E-05    9.6764320642E-05
9.6039911572E-05    9.5320914516E-05    9.4607289164E-05    9.3898995504E-05
9.3195993820E-05    9.2498244693E-05    9.1805708993E-05    9.1118347880E-05
9.0436122805E-05    8.9758995507E-05    8.9086928004E-05    8.8419882599E-05
8.7757821872E-05    8.7100708682E-05    8.6448506164E-05    8.5801177726E-05
8.5158687046E-05    8.4520998075E-05    8.3888075027E-05    8.3259882386E-05
8.2636384896E-05    8.2017547566E-05    8.1403335661E-05    8.0793714706E-05
8.0188650482E-05    7.9588109023E-05    7.8992056613E-05    7.8400459792E-05
7.7813285346E-05    7.7230500306E-05    7.6652071951E-05    7.6077967798E-05
7.5508155610E-05    7.4942603387E-05    7.4381279367E-05    7.3824152023E-05
7.3271190063E-05    7.2722362429E-05    7.2177638290E-05    7.1636987048E-05
7.1100378329E-05    7.0567781986E-05    7.0039168096E-05    6.9514506959E-05
6.8993769091E-05    6.8476925233E-05    6.7963946343E-05    6.7454803591E-05
6.6949468366E-05    6.6447912265E-05    6.5950107099E-05    6.5456024887E-05
6.4965637857E-05    6.4478918443E-05    6.3995839282E-05    6.3516373218E-05
6.3040493293E-05    6.2568172754E-05    6.2099385041E-05    6.1634103797E-05
6.1172302858E-05    6.0713956254E-05    6.0259038210E-05    5.9807523140E-05
5.9359385649E-05    5.8914600535E-05    5.8473142780E-05    5.8034987552E-05
5.7600110203E-05    5.7168486272E-05    5.6740091474E-05    5.6314901711E-05
5.5892893058E-05    5.5474041773E-05    5.5058324288E-05    5.4645717211E-05
5.4236197324E-05    5.3829741581E-05    5.3426327108E-05    5.3025931203E-05
5.2628531329E-05    5.2234105120E-05    5.1842630374E-05    5.1454085053E-05
5.1068447289E-05    5.0685695373E-05    5.0305807758E-05    4.9928763056E-05
4.9554540041E-05    4.9183117642E-05    4.8814474946E-05    4.8448591196E-05
4.8085445790E-05    4.7725018277E-05    4.7367288361E-05    4.7012235895E-05
4.6659840883E-05    4.6310083479E-05    4.5962943981E-05    4.5618402838E-05
4.5276440643E-05    4.4937038132E-05    4.4600176183E-05    4.4265835821E-05
4.3933998212E-05    4.3604644660E-05    4.3277756608E-05    4.2953315639E-05
4.2631303472E-05    4.2311701962E-05    4.1994493100E-05    4.1679659010E-05
4.1367181951E-05    4.1057044311E-05    4.0749228612E-05    4.0443717506E-05
4.0140493772E-05    3.9839540320E-05    3.9540840185E-05    3.9244376530E-05
3.8950132644E-05    3.8658091938E-05    3.8368237945E-05    3.8080554327E-05
3.7795024865E-05    3.7511633460E-05    3.7230364134E-05    3.6951201027E-05
3.6674128396E-05    3.6399130620E-05    3.6126192189E-05    3.5855297711E-05
3.5586431910E-05    3.5319579622E-05    3.5054725796E-05    3.4791855494E-05
3.4530953889E-05    3.4272006265E-05    3.4014998014E-05    3.3759914640E-05
3.3506741752E-05    3.3255465069E-05    3.3006070410E-05    3.2758543709E-05
3.2512871000E-05    3.2269038422E-05    3.2027032218E-05    3.1786838731E-05
3.1548444410E-05    3.1311835800E-05    3.1076999550E-05    3.0843922409E-05
3.0612591221E-05    3.0382992931E-05    3.0155114582E-05    2.9928943312E-05
2.9704466354E-05    2.9481671039E-05    2.9260544791E-05    2.9041075127E-05
2.8823249659E-05    2.8607056090E-05    2.8392482213E-05    2.8179515916E-05
2.7968145176E-05    2.7758358059E-05    2.7550142721E-05    2.7343487405E-05
2.7138380443E-05    2.6934810254E-05    2.6732765341E-05    2.6532234297E-05
2.6333205796E-05    2.6135668599E-05    2.5939611551E-05    2.5745023578E-05
2.5551893691E-05    2.5360210981E-05    2.5169964623E-05    2.4981143870E-05
2.4793738057E-05    2.4607736598E-05    2.4423128986E-05    2.4239904790E-05
2.4058053663E-05    2.3877565330E-05    2.3698429595E-05    2.3520636338E-05
2.3344175513E-05    2.3169037150E-05    2.2995211355E-05    2.2822688305E-05
2.2651458251E-05    2.2481511519E-05    2.2312838504E-05    2.2145429676E-05
2.1979275574E-05    2.1814366807E-05    2.1650694057E-05    2.1488248072E-05
2.1327019672E-05    2.1166999745E-05    2.1008179245E-05    2.0850549195E-05
2.0694100685E-05    2.0538824872E-05    2.0384712980E-05    2.0231756297E-05
2.0079946175E-05    1.9929274033E-05    1.9779731354E-05    1.9631309682E-05
1.9484000626E-05    1.9337795858E-05    1.9192687112E-05    1.9048666183E-05
1.8905724927E-05    1.8763855262E-05    1.8623049167E-05    1.8483298678E-05
1.8344595894E-05    1.8206932970E-05    1.8070302122E-05    1.7934695623E-05
1.7800105802E-05    1.7666525047E-05    1.7533945806E-05    1.7402360579E-05
1.7271761923E-05    1.7142142453E-05    1.7013494836E-05    1.6885811796E-05
1.6759086110E-05    1.6633310609E-05    1.6508478179E-05    1.6384581758E-05
1.6261614336E-05    1.6139568958E-05    1.6018438719E-05    1.5898216765E-05
1.5778896295E-05    1.5660470557E-05    1.5542932852E-05    1.5426276529E-05
1.5310494987E-05    1.5195581674E-05    1.5081530087E-05    1.4968333773E-05
1.4855986328E-05    1.4744481393E-05    1.4633812658E-05    1.4523973861E-05
1.4414958785E-05    1.4306761261E-05    1.4199375164E-05    1.4092794418E-05
1.3987012991E-05    1.3882024894E-05    1.3777824185E-05    1.3674404967E-05
1.3571761385E-05    1.3469887629E-05    1.3368777933E-05    1.3268426573E-05
1.3168827869E-05    1.3069976181E-05    1.2971865914E-05    1.2874491512E-05
1.2777847463E-05    1.2681928297E-05    1.2586728582E-05    1.2492242929E-05
1.2398465988E-05    1.2305392450E-05    1.2213017044E-05    1.2121334540E-05
1.2030339747E-05    1.1940027511E-05    1.1850392720E-05    1.1761430296E-05
1.1673135203E-05    1.1585502440E-05    1.1498527045E-05    1.1412204092E-05
1.1326528691E-05    1.1241495992E-05    1.1157101177E-05    1.1073339468E-05
1.0990206119E-05    1.0907696421E-05    1.0825805702E-05    1.0744529324E-05
1.0663862682E-05    1.0583801208E-05    1.0504340367E-05    1.0425475657E-05
1.0347202611E-05    1.0269516795E-05    1.0192413808E-05    1.0115889281E-05
1.0039938881E-05    9.9645583039E-06    9.8897432790E-06    9.8154895678E-06
9.7417929633E-06    9.6686492901E-06    9.5960544040E-06    9.5240041918E-06
9.4524945710E-06    9.3815214897E-06    9.3110809260E-06    9.2411688876E-06
9.1717814141E-06    9.1029145738E-06    9.0345644640E-06    8.9667272115E-06
8.8993989721E-06    8.8325759302E-06    8.7662542988E-06    8.7004303195E-06
8.6351002616E-06    8.5702604226E-06    8.5059071277E-06    8.4420367296E-06
8.3786456082E-06    8.3157301706E-06    8.2532868507E-06    8.1913121092E-06
8.1298024333E-06    8.0687543364E-06    8.0081643580E-06    7.9480290636E-06