-2.4597469894E-11    1.7358206354E-04    6.9400767328E-04    1.5603154419E-03
2.7709043192E-03    4.3235355528E-03    6.2153355476E-03    8.4427997368E-03
1.1001797600E-02    1.3887578985E-02    1.7094781913E-02    2.0617442034E-02
2.4449003936E-02    2.8582334476E-02    3.3009738303E-02    3.7722975739E-02
4.2713283124E-02    4.7971395748E-02    5.3487573415E-02    5.9251628667E-02
6.5252957658E-02    7.1480573590E-02    7.7923142614E-02    8.4569022029E-02
9.1406300556E-02    9.8422840449E-02    1.0560632113E-01    1.1294428404E-01
1.2042417824E-01    1.2803340658E-01    1.3575937173E-01    1.4358952192E-01
1.5151139581E-01    1.5951266604E-01    1.6758118122E-01    1.7570500580E-01
1.8387245749E-01    1.9207214206E-01    2.0029298498E-01    2.0852425996E-01
2.1675561390E-01    2.2497708848E-01    2.3317913799E-01    2.4135264363E-01
2.4948892424E-01    2.5757974361E-01    2.6561731445E-01    2.7359429937E-01
2.8150380904E-01    2.8933939783E-01    2.9709505730E-01    3.0476520782E-01
3.1234468875E-01    3.1982874752E-01    3.2721302790E-01    3.3449355795E-01
3.4166673782E-01    3.4872932783E-01    3.5567843692E-01    3.6251151187E-01
3.6922632737E-01    3.7582097699E-01    3.8229386526E-01    3.8864370070E-01
3.9486948994E-01    4.0097053264E-01    4.0694641726E-01    4.1279701730E-01
4.1852248792E-01    4.2412326267E-01    4.2960004993E-01    4.3495382898E-01
4.4018584514E-01    4.4529760395E-01    4.5029086389E-01    4.5516762754E-01
4.5993013083E-01    4.6458083028E-01    4.6912238808E-01    4.7355765486E-01
4.7788965019E-01    4.8212154084E-01    4.8625661678E-01    4.9029826532E-01
4.9424994331E-01    4.9811514795E-01    5.0189738635E-01    5.0560014440E-01
5.0922685519E-01    5.1278086766E-01    5.1626541572E-01    5.1968358862E-01
5.2303830282E-01    5.2633227607E-01    5.2956800397E-01    5.3274773971E-01
5.3587347716E-01    5.3894693781E-01    5.4196956178E-01    5.4494250322E-01
5.4786663014E-01    5.5074252878E-01    5.5357051257E-01    5.5635063550E-01
5.5908270968E-01    5.6176632696E-01    5.6440088414E-01    5.6698561134E-01
5.6951960311E-01    5.7200185165E-01    5.7443128160E-01    5.7680678571E-01
5.7912726071E-01    5.8139164275E-01    5.8359894173E-01    5.8574827380E-01
5.8783889139E-01    5.8987021040E-01    5.9184183304E-01    5.9375356831E-01
5.9560544545E-01    5.9739772576E-01    5.9913087015E-01    6.0080547139E-01
6.0242213995E-01    6.0398146832E-01    6.0548403801E-01    6.0693044784E-01
6.0832130718E-01    6.0965722163E-01    6.1093880072E-01    6.1216665692E-01
6.1334140452E-01    6.1446365954E-01    6.1553403944E-01    6.1655316272E-01
6.1752164868E-01    6.1844011705E-01    6.1930918771E-01    6.2012948042E-01
6.2090161448E-01    6.2162620849E-01    6.2230388006E-01    6.2293524557E-01
6.2352091989E-01    6.2406151615E-01    6.2455764550E-01    6.2500991689E-01
6.2541893687E-01    6.2578530935E-01    6.2610963546E-01    6.2639251328E-01
6.2663453776E-01    6.2683630048E-01    6.2699838953E-01    6.2712138937E-01
6.2720588064E-01    6.2725244008E-01    6.2726164038E-01    6.2723405010E-01
6.2717023350E-01    6.2707075051E-01    6.2693615659E-01    6.2676700267E-01
6.2656383507E-01    6.2632719541E-01    6.2605762056E-01    6.2575564261E-01
6.2542178875E-01    6.2505658127E-01    6.2466053753E-01    6.2423416989E-01
6.2377798567E-01    6.2329248717E-01    6.2277817161E-01    6.2223553111E-01
6.2166505271E-01    6.2106721831E-01    6.2044250470E-01    6.1979138354E-01
6.1911432138E-01    6.1841177962E-01    6.1768421456E-01    6.1693207738E-01
6.1615581416E-01    6.1535586590E-01    6.1453266853E-01    6.1368665292E-01
6.1281824490E-01    6.1192786530E-01    6.1101592995E-01    6.1008284972E-01
6.0912903055E-01    6.0815487346E-01    6.0716077459E-01    6.0614712523E-01
6.0511431186E-01    6.0406271615E-01    6.0299271506E-01    6.0190468079E-01
6.0079898087E-01    5.9967597821E-01    5.9853603107E-01    5.9737949317E-01
5.9620671368E-01    5.9501803729E-01    5.9381380421E-01    5.9259435026E-01
5.9136000686E-01    5.9011110111E-01    5.8884795580E-01    5.8757088946E-01
5.8628021643E-01    5.8497624685E-01    5.8365928673E-01    5.8232963799E-01
5.8098759848E-01    5.7963346206E-01    5.7826751861E-01    5.7689005407E-01
5.7550135048E-01    5.7410168606E-01    5.7269133520E-01    5.7127056850E-01
5.6983965286E-01    5.6839885147E-01    5.6694842386E-01    5.6548862597E-01
5.6401971015E-01    5.6254192520E-01    5.6105551645E-01    5.5956072574E-01
5.5805779151E-01    5.5654694880E-01    5.5502842930E-01    5.5350246140E-01
5.5196927019E-01    5.5042907756E-01    5.4888210215E-01    5.4732855946E-01
5.4576866184E-01    5.4420261854E-01    5.4263063577E-01    5.4105291668E-01
5.3946966141E-01    5.3788106718E-01    5.3628732824E-01    5.3468863596E-01
5.3308517882E-01    5.3147714248E-01    5.2986470979E-01    5.2824806084E-01
5.2662737295E-01    5.2500282076E-01    5.2337457620E-01    5.2174280855E-01
5.2010768449E-01    5.1846936807E-01    5.1682802082E-01    5.1518380169E-01
5.1353686714E-01    5.1188737116E-01    5.1023546526E-01    5.0858129856E-01
5.0692501774E-01    5.0526676715E-01    5.0360668876E-01    5.0194492224E-01
5.0028160497E-01    4.9861687205E-01    4.9695085634E-01    4.9528368850E-01
4.9361549698E-01    4.9194640808E-01    4.9027654594E-01    4.8860603259E-01
4.8693498798E-01    4.8526352998E-01    4.8359177441E-01    4.8191983507E-01
4.8024782377E-01    4.7857585034E-01    4.7690402266E-01    4.7523244668E-01
4.7356122643E-01    4.7189046408E-01    4.7022025993E-01    4.6855071242E-01
4.6688191821E-01    4.6521397213E-01    4.6354696725E-01    4.6188099488E-01
4.6021614462E-01    4.5855250433E-01    4.5689016020E-01    4.5522919675E-01
4.5356969685E-01    4.5191174174E-01    4.5025541106E-01    4.4860078285E-01
4.4694793360E-01    4.4529693825E-01    4.4364787021E-01    4.4200080138E-01
4.4035580220E-01    4.3871294160E-01    4.3707228709E-01    4.3543390475E-01
4.3379785925E-01    4.3216421387E-01    4.3053303050E-01    4.2890436971E-01
4.2727829070E-01    4.2565485139E-01    4.2403410838E-01    4.2241611700E-01
4.2080093130E-01    4.1918860412E-01    4.1757918705E-01    4.1597273047E-01
4.1436928359E-01    4.1276889444E-01    4.1117160987E-01    4.0957747563E-01
4.0798653632E-01    4.0639883546E-01    4.0481441544E-01    4.0323331763E-01
4.0165558230E-01    4.0008124872E-01    3.9851035512E-01    3.9694293870E-01
3.9537903571E-01    3.9381868141E-01    3.9226191008E-01    3.9070875508E-01
3.8915924883E-01    3.8761342285E-01    3.8607130775E-01    3.8453293324E-01
3.8299832820E-01    3.8146752062E-01    3.7994053766E-01    3.7841740566E-01
3.7689815015E-01    3.7538279584E-01    3.7387136669E-01    3.7236388586E-01
3.7086037577E-01    3.6936085808E-01    3.6786535374E-01    3.6637388296E-01
3.6488646525E-01    3.6340311946E-01    3.6192386371E-01    3.6044871548E-01
3.5897769160E-01    3.5751080825E-01    3.5604808097E-01    3.5458952469E-01
3.5313515374E-01    3.5168498183E-01    3.5023902211E-01    3.4879728715E-01
3.4735978896E-01    3.4592653898E-01    3.4449754813E-01    3.4307282679E-01
3.4165238483E-01    3.4023623160E-01    3.3882437596E-01    3.3741682626E-01
3.3601359041E-01    3.3461467581E-01    3.3322008943E-01    3.3182983776E-01
3.3044392688E-01    3.2906236242E-01    3.2768514959E-01    3.2631229319E-01
3.2494379760E-01    3.2357966683E-01    3.2221990447E-01    3.2086451377E-01
3.1951349756E-01    3.1816685834E-01    3.1682459825E-01    3.1548671907E-01
3.1415322225E-01    3.1282410891E-01    3.1149937984E-01    3.1017903549E-01
3.0886307605E-01    3.0755150135E-01    3.0624431097E-01    3.0494150417E-01
3.0364307993E-01    3.0234903698E-01    3.0105937374E-01    2.9977408839E-01
2.9849317886E-01    2.9721664279E-01    2.9594447763E-01    2.9467668054E-01
2.9341324847E-01    2.9215417815E-01    2.9089946606E-01    2.8964910848E-01
2.8840310148E-01    2.8716144093E-01    2.8592412247E-01    2.8469114156E-01
2.8346249349E-01    2.8223817332E-01    2.8101817597E-01    2.7980249615E-01
2.7859112841E-01    2.7738406715E-01    2.7618130657E-01    2.7498284074E-01
2.7378866356E-01    2.7259876878E-01    2.7141315001E-01    2.7023180070E-01
2.6905471420E-01    2.6788188367E-01    2.6671330218E-01    2.6554896265E-01
2.6438885789E-01    2.6323298058E-01    2.6208132327E-01    2.6093387843E-01
2.5979063839E-01    2.5865159538E-01    2.5751674152E-01    2.5638606884E-01
2.5525956927E-01    2.5413723463E-01    2.5301905665E-01    2.5190502700E-01
2.5079513721E-01    2.4968937877E-01    2.4858774307E-01    2.4749022142E-01
2.4639680506E-01    2.4530748514E-01    2.4422225275E-01    2.4314109891E-01
2.4206401457E-01    2.4099099061E-01    2.3992201785E-01    2.3885708706E-01
2.3779618893E-01    2.3673931411E-01    2.3568645318E-01    2.3463759668E-01
2.3359273509E-01    2.3255185884E-01    2.3151495833E-01    2.3048202388E-01
2.2945304580E-01    2.2842801434E-01    2.2740691971E-01    2.2638975208E-01
2.2537650158E-01    2.2436715831E-01    2.2336171233E-01    2.2236015368E-01
2.2136247234E-01    2.2036865829E-01    2.1937870145E-01    2.1839259175E-01
2.1741031905E-01    2.1643187321E-01    2.1545724406E-01    2.1448642141E-01
2.1351939505E-01    2.1255615473E-01    2.1159669020E-01    2.1064099119E-01
2.0968904740E-01    2.0874084851E-01    2.0779638420E-01    2.0685564414E-01
2.0591861795E-01    2.0498529528E-01    2.0405566574E-01    2.0312971893E-01
2.0220744445E-01    2.0128883189E-01    2.0037387082E-01    1.9946255081E-01
1.9855486142E-01    1.9765079220E-01    1.9675033270E-01    1.9585347245E-01
1.9496020100E-01    1.9407050788E-01    1.9318438261E-01    1.9230181471E-01
1.9142279372E-01    1.9054730915E-01    1.8967535052E-01    1.8880690734E-01
1.8794196914E-01    1.8708052544E-01    1.8622256575E-01    1.8536807959E-01
1.8451705649E-01    1.8366948597E-01    1.8282535756E-01    1.8198466078E-01
1.8114738518E-01    1.8031352028E-01    1.7948305563E-01    1.7865598078E-01
1.7783228528E-01    1.7701195869E-01    1.7619499056E-01    1.7538137047E-01
1.7457108800E-01    1.7376413273E-01    1.7296049424E-01    1.7216016214E-01
1.7136312603E-01    1.7056937553E-01    1.6977890026E-01    1.6899168984E-01
1.6820773393E-01    1.6742702216E-01    1.6664954420E-01    1.6587528972E-01
1.6510424839E-01    1.6433640990E-01    1.6357176396E-01    1.6281030028E-01
1.6205200857E-01    1.6129687857E-01    1.6054490003E-01    1.5979606269E-01
1.5905035633E-01    1.5830777073E-01    1.5756829568E-01    1.5683192098E-01
1.5609863646E-01    1.5536843193E-01    1.5464129725E-01    1.5391722227E-01
1.5319619686E-01    1.5247821090E-01    1.5176325430E-01    1.5105131695E-01
1.5034238879E-01    1.4963645975E-01    1.4893351979E-01    1.4823355887E-01
1.4753656697E-01    1.4684253410E-01    1.4615145026E-01    1.4546330548E-01
1.4477808980E-01    1.4409579327E-01    1.4341640598E-01    1.4273991800E-01
1.4206631944E-01    1.4139560042E-01    1.4072775107E-01    1.4006276154E-01
1.3940062200E-01    1.3874132263E-01    1.3808485362E-01    1.3743120521E-01
1.3678036760E-01    1.3613233106E-01    1.3548708585E-01    1.3484462224E-01
1.3420493054E-01    1.3356800107E-01    1.3293382414E-01    1.3230239012E-01
1.3167368937E-01    1.3104771226E-01    1.3042444921E-01    1.2980389063E-01
1.2918602696E-01    1.2857084865E-01    1.2795834617E-01    1.2734851000E-01
1.2674133066E-01    1.2613679868E-01    1.2553490458E-01    1.2493563894E-01
1.2433899233E-01    1.2374495535E-01    1.2315351861E-01    1.2256467275E-01
1.2197840841E-01    1.2139471628E-01    1.2081358704E-01    1.2023501139E-01
1.1965898006E-01    1.1908548380E-01    1.1851451337E-01    1.1794605955E-01
1.1738011315E-01    1.1681666498E-01    1.1625570589E-01    1.1569722673E-01
1.1514121838E-01    1.1458767174E-01    1.1403657772E-01    1.1348792726E-01
1.1294171132E-01    1.1239792087E-01    1.1185654691E-01    1.1131758044E-01
1.1078101250E-01    1.1024683415E-01    1.0971503645E-01    1.0918561051E-01
1.0865854742E-01    1.0813383833E-01    1.0761147438E-01    1.0709144676E-01
1.0657374664E-01    1.0605836524E-01    1.0554529380E-01    1.0503452356E-01
1.0452604581E-01    1.0401985182E-01    1.0351593293E-01    1.0301428045E-01
1.0251488574E-01    1.0201774018E-01    1.0152283516E-01    1.0103016210E-01
1.0053971243E-01    1.0005147762E-01    9.9565449125E-02    9.9081618458E-02
9.8599977134E-02    9.8120516692E-02    9.7643228692E-02    9.7168104715E-02
9.6695136362E-02    9.6224315255E-02    9.5755633039E-02    9.5289081378E-02
9.4824651957E-02    9.4362336483E-02    9.3902126682E-02    9.3444014304E-02
9.2987991118E-02    9.2534048915E-02    9.2082179507E-02    9.1632374728E-02
9.1184626431E-02    9.0738926492E-02    9.0295266809E-02    8.9853639299E-02
8.9414035903E-02    8.8976448581E-02    8.8540869316E-02    8.8107290111E-02
8.7675702993E-02    8.7246100006E-02    8.6818473221E-02    8.6392814726E-02
8.5969116633E-02    8.5547371075E-02    8.5127570206E-02    8.4709706202E-02
8.4293771261E-02    8.3879757602E-02    8.3467657465E-02    8.3057463114E-02
8.2649166833E-02    8.2242760927E-02    8.1838237724E-02    8.1435589574E-02
8.1034808848E-02    8.0635887939E-02    8.0238819260E-02    7.9843595249E-02
7.9450208365E-02    7.9058651086E-02    7.8668915915E-02    7.8280995375E-02
7.7894882013E-02    7.7510568394E-02    7.7128047110E-02    7.6747310770E-02
7.6368352007E-02    7.5991163477E-02    7.5615737855E-02    7.5242067842E-02
7.4870146156E-02    7.4499965541E-02    7.4131518761E-02    7.3764798601E-02
7.3399797870E-02    7.3036509398E-02    7.2674926037E-02    7.2315040660E-02
7.1956846163E-02    7.1600335464E-02    7.1245501503E-02    7.0892337239E-02
7.0540835658E-02    7.0190989764E-02    6.9842792584E-02    6.9496237167E-02
6.9151316585E-02    6.8808023928E-02    6.8466352314E-02    6.8126294877E-02
6.7787844776E-02    6.7450995192E-02    6.7115739327E-02    6.6782070403E-02
6.6449981668E-02    6.6119466389E-02    6.5790517854E-02    6.5463129376E-02
6.5137294287E-02    6.4813005941E-02    6.4490257716E-02    6.4169043009E-02
6.3849355241E-02    6.3531187854E-02    6.3214534310E-02    6.2899388094E-02
6.2585742715E-02    6.2273591699E-02    6.1962928598E-02    6.1653746982E-02
6.1346040446E-02    6.1039802604E-02    6.0735027093E-02    6.0431707571E-02
6.0129837718E-02    5.9829411234E-02    5.9530421843E-02    5.9232863288E-02
5.8936729335E-02    5.8642013772E-02    5.8348710407E-02    5.8056813069E-02
5.7766315610E-02    5.7477211903E-02    5.7189495841E-02    5.6903161339E-02
5.6618202335E-02    5.6334612786E-02    5.6052386670E-02    5.5771517989E-02
5.5492000763E-02    5.5213829035E-02    5.4936996868E-02    5.4661498347E-02
5.4387327579E-02    5.4114478689E-02    5.3842945826E-02    5.3572723159E-02
5.3303804876E-02    5.3036185189E-02    5.2769858330E-02    5.2504818550E-02
5.2241060123E-02    5.1978577344E-02    5.1717364526E-02    5.1457416005E-02
5.1198726137E-02    5.0941289300E-02    5.0685099891E-02    5.0430152328E-02
5.0176441049E-02    4.9923960514E-02    4.9672705202E-02    4.9422669614E-02
4.9173848270E-02    4.8926235711E-02    4.8679826498E-02    4.8434615214E-02
4.8190596459E-02    4.7947764855E-02    4.7706115047E-02    4.7465641694E-02
4.7226339482E-02    4.6988203111E-02    4.6751227305E-02    4.6515406806E-02
4.6280736378E-02    4.6047210802E-02    4.5814824882E-02    4.5583573440E-02
4.5353451318E-02    4.5124453378E-02    4.4896574502E-02    4.4669809592E-02
4.4444153567E-02    4.4219601369E-02    4.3996147959E-02    4.3773788316E-02
4.3552517438E-02    4.3332330346E-02    4.3113222076E-02    4.2895187687E-02
4.2678222255E-02    4.2462320876E-02    4.2247478665E-02    4.2033690757E-02
4.1820952305E-02    4.1609258482E-02    4.1398604479E-02    4.1188985508E-02
4.0980396797E-02    4.0772833596E-02    4.0566291171E-02    4.0360764809E-02
4.0156249815E-02    3.9952741513E-02    3.9750235245E-02    3.9548726371E-02
3.9348210273E-02    3.9148682347E-02    3.8950138011E-02    3.8752572699E-02
3.8555981865E-02    3.8360360981E-02    3.8165705538E-02    3.7972011043E-02
3.7779273023E-02    3.7587487023E-02    3.7396648607E-02    3.7206753354E-02
3.7017796864E-02    3.6829774754E-02    3.6642682659E-02    3.6456516232E-02
3.6271271143E-02    3.6086943080E-02    3.5903527751E-02    3.5721020878E-02
3.5539418203E-02    3.5358715485E-02    3.5178908500E-02    3.4999993044E-02
3.4821964926E-02    3.4644819976E-02    3.4468554041E-02    3.4293162983E-02
3.4118642683E-02    3.3944989039E-02    3.3772197967E-02    3.3600265398E-02
3.3429187282E-02    3.3258959584E-02    3.3089578287E-02    3.2921039393E-02
3.2753338916E-02    3.2586472892E-02    3.2420437370E-02    3.2255228417E-02
3.2090842116E-02    3.1927274569E-02    3.1764521892E-02    3.1602580217E-02
3.1441445695E-02    3.1281114492E-02    3.1121582789E-02    3.0962846786E-02
3.0804902697E-02    3.0647746754E-02    3.0491375202E-02    3.0335784307E-02
3.0180970347E-02    3.0026929616E-02    2.9873658427E-02    2.9721153106E-02
2.9569409996E-02    2.9418425455E-02    2.9268195858E-02    2.9118717595E-02
2.8969987071E-02    2.8822000707E-02    2.8674754941E-02    2.8528246224E-02
2.8382471023E-02    2.8237425821E-02    2.8093107118E-02    2.7949511425E-02
2.7806635272E-02    2.7664475202E-02    2.7523027774E-02    2.7382289563E-02
2.7242257156E-02    2.7102927159E-02    2.6964296189E-02    2.6826360880E-02
2.6689117881E-02    2.6552563855E-02    2.6416695480E-02    2.6281509448E-02
2.6147002465E-02    2.6013171255E-02    2.5880012553E-02    2.5747523109E-02
2.5615699688E-02    2.5484539071E-02    2.5354038049E-02    2.5224193432E-02
2.5095002040E-02    2.4966460711E-02    2.4838566294E-02    2.4711315653E-02
2.4584705668E-02    2.4458733229E-02    2.4333395244E-02    2.4208688631E-02
2.4084610325E-02    2.3961157273E-02    2.3838326436E-02    2.3716114789E-02
2.3594519320E-02    2.3473537032E-02    2.3353164938E-02    2.3233400069E-02
2.3114239466E-02    2.2995680184E-02    2.2877719293E-02    2.2760353875E-02
2.2643581025E-02    2.2527397851E-02    2.2411801474E-02    2.2296789029E-02
2.2182357664E-02    2.2068504539E-02    2.1955226828E-02    2.1842521716E-02
2.1730386402E-02    2.1618818099E-02    2.1507814030E-02    2.1397371433E-02
2.1287487557E-02    2.1178159665E-02    2.1069385031E-02    2.0961160943E-02
2.0853484700E-02    2.0746353614E-02    2.0639765010E-02    2.0533716224E-02
2.0428204604E-02    2.0323227513E-02    2.0218782322E-02    2.0114866418E-02
2.0011477196E-02    1.9908612068E-02    1.9806268453E-02    1.9704443784E-02
1.9603135507E-02    1.9502341079E-02    1.9402057967E-02    1.9302283652E-02
1.9203015625E-02    1.9104251391E-02    1.9005988463E-02    1.8908224369E-02
1.8810956646E-02    1.8714182844E-02    1.8617900523E-02    1.8522107256E-02
1.8426800627E-02    1.8331978229E-02    1.8237637668E-02    1.8143776562E-02
1.8050392539E-02    1.7957483238E-02    1.7865046309E-02    1.7773079413E-02
1.7681580223E-02    1.7590546421E-02    1.7499975702E-02    1.7409865769E-02
1.7320214339E-02    1.7231019137E-02    1.7142277900E-02    1.7053988376E-02
1.6966148323E-02    1.6878755509E-02    1.6791807712E-02    1.6705302724E-02
1.6619238343E-02    1.6533612380E-02    1.6448422655E-02    1.6363666999E-02
1.6279343253E-02    1.6195449268E-02    1.6111982906E-02    1.6028942039E-02
1.5946324547E-02    1.5864128323E-02    1.5782351268E-02    1.5700991293E-02
1.5620046320E-02    1.5539514280E-02    1.5459393115E-02    1.5379680774E-02
1.5300375219E-02    1.5221474420E-02    1.5142976357E-02    1.5064879019E-02
1.4987180406E-02    1.4909878525E-02    1.4832971395E-02    1.4756457044E-02
1.4680333509E-02    1.4604598835E-02    1.4529251079E-02    1.4454288305E-02
1.4379708587E-02    1.4305510009E-02    1.4231690664E-02    1.4158248653E-02
1.4085182086E-02    1.4012489084E-02    1.3940167775E-02    1.3868216297E-02
1.3796632797E-02    1.3725415430E-02    1.3654562361E-02    1.3584071763E-02
1.3513941817E-02    1.3444170716E-02    1.3374756657E-02    1.3305697850E-02
1.3236992510E-02    1.3168638864E-02    1.3100635145E-02    1.3032979596E-02
1.2965670466E-02    1.2898706017E-02    1.2832084515E-02    1.2765804236E-02
1.2699863465E-02    1.2634260494E-02    1.2568993625E-02    1.2504061166E-02
1.2439461435E-02    1.2375192757E-02    1.2311253466E-02    1.2247641903E-02
1.2184356418E-02    1.2121395369E-02    1.2058757122E-02    1.1996440049E-02
1.1934442532E-02    1.1872762961E-02    1.1811399733E-02    1.1750351253E-02
1.1689615932E-02    1.1629192193E-02    1.1569078462E-02    1.1509273176E-02
1.1449774778E-02    1.1390581718E-02    1.1331692456E-02    1.1273105457E-02
1.1214819194E-02    1.1156832150E-02    1.1099142810E-02    1.1041749673E-02
1.0984651240E-02    1.0927846022E-02    1.0871332537E-02    1.0815109309E-02
1.0759174870E-02    1.0703527760E-02    1.0648166526E-02    1.0593089720E-02
1.0538295904E-02    1.0483783644E-02    1.0429551516E-02    1.0375598101E-02
1.0321921989E-02    1.0268521774E-02    1.0215396058E-02    1.0162543452E-02
1.0109962571E-02    1.0057652039E-02    1.0005610484E-02    9.9538365435E-03
9.9023288605E-03    9.8510860848E-03    9.8001068727E-03    9.7493898874E-03
9.6989337983E-03    9.6487372818E-03    9.5987990205E-03    9.5491177036E-03
9.4996920268E-03    9.4505206921E-03    9.4016024080E-03    9.3529358894E-03
9.3045198575E-03    9.2563530398E-03    9.2084341700E-03    9.1607619883E-03
9.1133352408E-03    9.0661526802E-03    9.0192130649E-03    8.9725151598E-03
8.9260577358E-03    8.8798395698E-03    8.8338594449E-03    8.7881161501E-03
8.7426084804E-03    8.6973352369E-03    8.6522952265E-03    8.6074872620E-03
8.5629101624E-03    8.5185627520E-03    8.4744438615E-03    8.4305523270E-03
8.3868869905E-03    8.3434466999E-03    8.3002303087E-03    8.2572366759E-03
8.2144646665E-03    8.1719131510E-03    8.1295810055E-03    8.0874671117E-03
8.0455703569E-03    8.0038896338E-03    7.9624238409E-03    7.9211718818E-03
7.8801326658E-03    7.8393051077E-03    7.7986881275E-03    7.7582806508E-03
7.7180816082E-03    7.6780899361E-03    7.6383045758E-03    7.5987244742E-03
7.5593485832E-03    7.5201758600E-03    7.4812052672E-03    7.4424357723E-03
7.4038663481E-03    7.3654959725E-03    7.3273236285E-03    7.2893483042E-03
7.2515689928E-03    7.2139846925E-03    7.1765944065E-03    7.1393971429E-03
7.1023919149E-03    7.0655777406E-03    7.0289536431E-03    6.9925186501E-03
6.9562717944E-03    6.9202121138E-03    6.8843386506E-03    6.8486504520E-03
6.8131465700E-03    6.7778260614E-03    6.7426879878E-03    6.7077314152E-03
6.6729554146E-03    6.6383590615E-03    6.6039414361E-03    6.5697016232E-03
6.5356387122E-03    6.5017517971E-03    6.4680399764E-03    6.4345023531E-03
6.4011380349E-03    6.3679461337E-03    6.3349257661E-03    6.3020760530E-03
6.2693961198E-03    6.2368850962E-03    6.2045421165E-03    6.1723663191E-03
6.1403568469E-03    6.1085128470E-03    6.0768334709E-03    6.0453178743E-03
6.0139652173E-03    5.9827746639E-03    5.9517453827E-03    5.9208765463E-03
5.8901673315E-03    5.8596169192E-03    5.8292244944E-03    5.7989892464E-03
5.7689103684E-03    5.7389870579E-03    5.7092185160E-03    5.6796039484E-03
5.6501425645E-03    5.6208335776E-03    5.5916762051E-03    5.5626696686E-03
5.5338131931E-03    5.5051060080E-03    5.4765473463E-03    5.4481364450E-03
5.4198725449E-03    5.3917548908E-03    5.3637827311E-03    5.3359553182E-03
5.3082719080E-03    5.2807317605E-03    5.2533341392E-03    5.2260783115E-03
5.1989635483E-03    5.1719891245E-03    5.1451543183E-03    5.1184584120E-03
5.0919006910E-03    5.0654804448E-03    5.0391969663E-03    5.0130495518E-03
4.9870375016E-03    4.9611601192E-03    4.9354167118E-03    4.9098065899E-03
4.8843290678E-03    4.8589834630E-03    4.8337690968E-03    4.8086852935E-03
4.7837313812E-03    4.7589066913E-03    4.7342105585E-03    4.7096423210E-03
4.6852013202E-03    4.6608869012E-03    4.6366984119E-03    4.6126352040E-03
4.5886966321E-03    4.5648820545E-03    4.5411908324E-03    4.5176223305E-03
4.4941759164E-03    4.4708509614E-03    4.4476468395E-03    4.4245629282E-03
4.4015986081E-03    4.3787532629E-03    4.3560262794E-03    4.3334170478E-03
4.3109249610E-03    4.2885494152E-03    4.2662898097E-03    4.2441455469E-03
4.2221160320E-03    4.2002006735E-03    4.1783988828E-03    4.1567100743E-03
4.1351336653E-03    4.1136690762E-03    4.0923157304E-03    4.0710730541E-03
4.0499404764E-03    4.0289174295E-03    4.0080033484E-03    3.9871976708E-03
3.9664998376E-03    3.9459092923E-03    3.9254254814E-03    3.9050478541E-03
3.8847758624E-03    3.8646089613E-03    3.8445466084E-03    3.8245882640E-03
3.8047333914E-03    3.7849814564E-03    3.7653319277E-03    3.7457842767E-03
3.7263379774E-03    3.7069925065E-03    3.6877473434E-03    3.6686019703E-03
3.6495558718E-03    3.6306085352E-03    3.6117594507E-03    3.5930081107E-03
3.5743540104E-03    3.5557966476E-03    3.5373355226E-03    3.5189701383E-03
3.5007000002E-03    3.4825246160E-03    3.4644434965E-03    3.4464561545E-03
3.4285621054E-03    3.4107608673E-03    3.3930519606E-03    3.3754349081E-03
3.3579092352E-03    3.3404744696E-03    3.3231301415E-03    3.3058757834E-03
3.2887109303E-03    3.2716351196E-03    3.2546478909E-03    3.2377487865E-03
3.2209373506E-03    3.2042131300E-03    3.1875756739E-03    3.1710245335E-03
3.1545592627E-03    3.1381794174E-03    3.1218845558E-03    3.1056742385E-03
3.0895480283E-03    3.0735054901E-03    3.0575461912E-03    3.0416697011E-03
3.0258755915E-03    3.0101634362E-03    2.9945328113E-03    2.9789832950E-03
2.9635144678E-03    2.9481259122E-03    2.9328172128E-03    2.9175879566E-03
2.9024377325E-03    2.8873661316E-03    2.8723727469E-03    2.8574571738E-03
2.8426190096E-03    2.8278578536E-03    2.8131733074E-03    2.7985649745E-03
2.7840324603E-03    2.7695753725E-03    2.7551933206E-03    2.7408859163E-03
2.7266527730E-03    2.7124935065E-03    2.6984077342E-03    2.6843950756E-03
2.6704551523E-03    2.6565875876E-03    2.6427920069E-03    2.6290680375E-03
2.6154153085E-03    2.6018334511E-03    2.5883220983E-03    2.5748808849E-03
2.5615094478E-03    2.5482074255E-03    2.5349744586E-03    2.5218101894E-03
2.5087142620E-03    2.4956863226E-03    2.4827260189E-03    2.4698330007E-03
2.4570069192E-03    2.4442474279E-03    2.4315541817E-03    2.4189268374E-03
2.4063650537E-03    2.3938684908E-03    2.3814368108E-03    2.3690696776E-03
2.3567667568E-03    2.3445277155E-03    2.3323522228E-03    2.3202399494E-03
2.3081905677E-03    2.2962037517E-03    2.2842791773E-03    2.2724165218E-03
2.2606154644E-03    2.2488756858E-03    2.2371968684E-03    2.2255786962E-03
2.2140208549E-03    2.2025230317E-03    2.1910849157E-03    2.1797061971E-03
2.1683865682E-03    2.1571257227E-03    2.1459233557E-03    2.1347791642E-03
2.1236928464E-03    2.1126641025E-03    2.1016926338E-03    2.0907781433E-03
2.0799203358E-03    2.0691189172E-03    2.0583735952E-03    2.0476840789E-03
2.0370500789E-03    2.0264713073E-03    2.0159474778E-03    2.0054783053E-03
1.9950635065E-03    1.9847027994E-03    1.9743959033E-03    1.9641425394E-03
1.9539424298E-03    1.9437952984E-03    1.9337008704E-03    1.9236588724E-03
1.9136690325E-03    1.9037310801E-03    1.8938447461E-03    1.8840097627E-03
1.8742258635E-03    1.8644927836E-03    1.8548102592E-03    1.8451780282E-03
1.8355958295E-03    1.8260634037E-03    1.8165804924E-03    1.8071468389E-03
1.7977621875E-03    1.7884262839E-03    1.7791388753E-03    1.7698997101E-03
1.7607085378E-03    1.7515651094E-03    1.7424691773E-03    1.7334204950E-03
1.7244188171E-03    1.7154639000E-03    1.7065555007E-03    1.6976933781E-03
1.6888772918E-03    1.6801070031E-03    1.6713822741E-03    1.6627028685E-03
1.6540685510E-03    1.6454790876E-03    1.6369342455E-03    1.6284337930E-03
1.6199774999E-03    1.6115651369E-03    1.6031964759E-03    1.5948712901E-03
1.5865893539E-03    1.5783504427E-03    1.5701543332E-03    1.5620008032E-03
1.5538896316E-03    1.5458205986E-03    1.5377934855E-03    1.5298080745E-03
1.5218641492E-03    1.5139614942E-03    1.5060998953E-03    1.4982791393E-03
1.4904990141E-03    1.4827593088E-03    1.4750598135E-03    1.4674003195E-03
1.4597806190E-03    1.4522005055E-03    1.4446597733E-03    1.4371582181E-03
1.4296956363E-03    1.4222718257E-03    1.4148865848E-03    1.4075397134E-03
1.4002310122E-03    1.3929602831E-03    1.3857273288E-03    1.3785319532E-03
1.3713739611E-03    1.3642531584E-03    1.3571693520E-03    1.3501223496E-03
1.3431119603E-03    1.3361379938E-03    1.3292002609E-03    1.3222985735E-03
1.3154327444E-03    1.3086025873E-03    1.3018079170E-03    1.2950485492E-03
1.2883243004E-03    1.2816349883E-03    1.2749804314E-03    1.2683604492E-03
1.2617748621E-03    1.2552234914E-03    1.2487061595E-03    1.2422226894E-03
1.2357729054E-03    1.2293566324E-03    1.2229736963E-03    1.2166239240E-03
1.2103071432E-03    1.2040231825E-03    1.1977718715E-03    1.1915530404E-03
1.1853665207E-03    1.1792121443E-03    1.1730897445E-03    1.1669991549E-03
1.1609402104E-03    1.1549127465E-03    1.1489165997E-03    1.1429516074E-03
1.1370176076E-03    1.1311144393E-03    1.1252419424E-03    1.1193999575E-03
1.1135883260E-03    1.1078068903E-03    1.1020554934E-03    1.0963339794E-03
1.0906421929E-03    1.0849799795E-03    1.0793471855E-03    1.0737436581E-03
1.0681692451E-03    1.0626237954E-03    1.0571071584E-03    1.0516191844E-03
1.0461597244E-03    1.0407286304E-03    1.0353257549E-03    1.0299509513E-03
1.0246040737E-03    1.0192849770E-03    1.0139935169E-03    1.0087295496E-03
1.0034929325E-03    9.9828352328E-04    -999999         -999999