1.2941703265E-11    2.8865607854E-03    5.7784736051E-03    8.6810726125E-03
1.1599656404E-02    1.4539470717E-02    1.7505691686E-02    2.0503409842E-02
2.3537614990E-02    2.6613182120E-02    2.9734858459E-02    3.2907251767E-02
3.6134819945E-02    3.9421861999E-02    4.2772510392E-02    4.6190724762E-02
4.9680286990E-02    5.3244797555E-02    5.6887673096E-02    6.0612145086E-02
6.4421259493E-02    6.8317877301E-02    7.2304675734E-02    7.6384150034E-02
8.0558615632E-02    8.4830210534E-02    8.9200897781E-02    9.3672467809E-02
9.8246540572E-02    1.0292456729E-01    1.0770783172E-01    1.1259745079E-01
1.1759437464E-01    1.2269938589E-01    1.2791309814E-01    1.3323595378E-01
1.3866822102E-01    1.4420999023E-01    1.4986116970E-01    1.5562148086E-01
1.6149045307E-01    1.6746741823E-01    1.7355150520E-01    1.7974163429E-01
1.8603651198E-01    1.9243462608E-01    1.9893424141E-01    2.0553339632E-01
2.1222990007E-01    2.1902133136E-01    2.2590503812E-01    2.3287813859E-01
2.3993752397E-01    2.4707986258E-01    2.5430160564E-01    2.6159899469E-01
2.6896807069E-01    2.7640468468E-01    2.8390450998E-01    2.9146305589E-01
2.9907568270E-01    3.0673761784E-01    3.1444397308E-01    3.2218976256E-01
3.2996992135E-01    3.3777932448E-01    3.4561280602E-01    3.5346517810E-01
3.6133124959E-01    3.6920584418E-01    3.7708381762E-01    3.8496007397E-01
3.9282958058E-01    4.0068738166E-01    4.0852861028E-01    4.1634849867E-01
4.2414238673E-01    4.3190572867E-01    4.3963409781E-01    4.4732318941E-01
4.5496882179E-01    4.6256693558E-01    4.7011359140E-01    4.7760496599E-01
4.8503734709E-01    4.9240712710E-01    4.9971079587E-01    5.0694493290E-01
5.1410619898E-01    5.2119132785E-01    5.2819711785E-01    5.3512042404E-01
5.4195815092E-01    5.4870724611E-01    5.5536469506E-01    5.6192751722E-01
5.6839276363E-01    5.7475751626E-01    5.8101888912E-01    5.8717403130E-01
5.9322013191E-01    5.9915442701E-01    6.0497420848E-01    6.1067683471E-01
6.1625974313E-01    6.2172046428E-01    6.2705663738E-01    6.3226602714E-01
6.3734654158E-01    6.4229625055E-01    6.4711340483E-01    6.5179645534E-01
6.5634407226E-01    6.6075516376E-01    6.6502889397E-01    6.6916470007E-01
6.7316230793E-01    6.7702174653E-01    6.8074335951E-01    6.8432781731E-01
6.8777612316E-01    6.9108962177E-01    6.9426994711E-01    6.9731892179E-01
7.0023839041E-01    7.0303016727E-01    7.0569604609E-01    7.0823783951E-01
7.1065736904E-01    7.1295644432E-01    7.1513687351E-01    7.1720046165E-01
7.1914900857E-01    7.2098430856E-01    7.2270814956E-01    7.2432231240E-01
7.2582857010E-01    7.2722868724E-01    7.2852441923E-01    7.2971751178E-01
7.3080970024E-01    7.3180270909E-01    7.3269825140E-01    7.3349802831E-01
7.3420372857E-01    7.3481702806E-01    7.3533958945E-01    7.3577306170E-01
7.3611907976E-01    7.3637926420E-01    7.3655522090E-01    7.3664854074E-01
7.3666079932E-01    7.3659355674E-01    7.3644835733E-01    7.3622672946E-01
7.3593018534E-01    7.3556022086E-01    7.3511831544E-01    7.3460593187E-01
7.3402451622E-01    7.3337549773E-01    7.3266028871E-01    7.3188028449E-01
7.3103686336E-01    7.3013138653E-01    7.2916519808E-01    7.2813962497E-01
7.2705597702E-01    7.2591554693E-01    7.2471961027E-01    7.2346942555E-01
7.2216623422E-01    7.2081126074E-01    7.1940571261E-01    7.1795078047E-01
7.1644763813E-01    7.1489744269E-01    7.1330133459E-01    7.1166043772E-01
7.0997585950E-01    7.0824869102E-01    7.0648000711E-01    7.0467086646E-01
7.0282231177E-01    7.0093536981E-01    6.9901105163E-01    6.9705035259E-01
6.9505425259E-01    6.9302371614E-01    6.9095969253E-01    6.8886311595E-01
6.8673490565E-01    6.8457596608E-01    6.8238718705E-01    6.8016944385E-01
6.7792359744E-01    6.7565049454E-01    6.7335096788E-01    6.7102583624E-01
6.6867590471E-01    6.6630196478E-01    6.6390479449E-01    6.6148515865E-01
6.5904380893E-01    6.5658148405E-01    6.5409890994E-01    6.5159679987E-01
6.4907585463E-01    6.4653676269E-01    6.4398020032E-01    6.4140683179E-01
6.3881730951E-01    6.3621227414E-01    6.3359235483E-01    6.3095816929E-01
6.2831032398E-01    6.2564941427E-01    6.2297602457E-01    6.2029072847E-01
6.1759408891E-01    6.1488665833E-01    6.1216897880E-01    6.0944158214E-01
6.0670499013E-01    6.0395971459E-01    6.0120625755E-01    5.9844511137E-01
5.9567675892E-01    5.9290167365E-01    5.9012031979E-01    5.8733315244E-01
5.8454061774E-01    5.8174315294E-01    5.7894118661E-01    5.7613513871E-01
5.7332542073E-01    5.7051243584E-01    5.6769657896E-01    5.6487823696E-01
5.6205778870E-01    5.5923560522E-01    5.5641204980E-01    5.5358747811E-01
5.5076223834E-01    5.4793667127E-01    5.4511111042E-01    5.4228588213E-01
5.3946130570E-01    5.3663769350E-01    5.3381535104E-01    5.3099457712E-01
5.2817566390E-01    5.2535889702E-01    5.2254455571E-01    5.1973291286E-01
5.1692423517E-01    5.1411878319E-01    5.1131681147E-01    5.0851856859E-01
5.0572429735E-01    5.0293423476E-01    5.0014861221E-01    4.9736765551E-01
4.9459158502E-01    4.9182061569E-01    4.8905495721E-01    4.8629481404E-01
4.8354038551E-01    4.8079186593E-01    4.7804944465E-01    4.7531330612E-01
4.7258363002E-01    4.6986059130E-01    4.6714436029E-01    4.6443510274E-01
4.6173297993E-01    4.5903814871E-01    4.5635076163E-01    4.5367096695E-01
4.5099890875E-01    4.4833472700E-01    4.4567855762E-01    4.4303053253E-01
4.4039077978E-01    4.3775942356E-01    4.3513658427E-01    4.3252237863E-01
4.2991691970E-01    4.2732031695E-01    4.2473267637E-01    4.2215410046E-01
4.1958468834E-01    4.1702453581E-01    4.1447373538E-01    4.1193237636E-01
4.0940054489E-01    4.0687832405E-01    4.0436579384E-01    4.0186303129E-01
3.9937011051E-01    3.9688710273E-01    3.9441407636E-01    3.9195109705E-01
3.8949822771E-01    3.8705552862E-01    3.8462305743E-01    3.8220086923E-01
3.7978901659E-01    3.7738754963E-01    3.7499651605E-01    3.7261596118E-01
3.7024592802E-01    3.6788645731E-01    3.6553758754E-01    3.6319935504E-01
3.6087179398E-01    3.5855493643E-01    3.5624881242E-01    3.5395344996E-01
3.5166887508E-01    3.4939511190E-01    3.4713218263E-01    3.4488010764E-01
3.4263890549E-01    3.4040859297E-01    3.3818918513E-01    3.3598069532E-01
3.3378313525E-01    3.3159651499E-01    3.2942084303E-01    3.2725612630E-01
3.2510237021E-01    3.2295957871E-01    3.2082775428E-01    3.1870689799E-01
3.1659700953E-01    3.1449808722E-01    3.1241012808E-01    3.1033312784E-01
3.0826708096E-01    3.0621198068E-01    3.0416781904E-01    3.0213458691E-01
3.0011227400E-01    2.9810086894E-01    2.9610035926E-01    2.9411073142E-01
2.9213197086E-01    2.9016406201E-01    2.8820698832E-01    2.8626073230E-01
2.8432527551E-01    2.8240059861E-01    2.8048668138E-01    2.7858350275E-01
2.7669104082E-01    2.7480927285E-01    2.7293817533E-01    2.7107772400E-01
2.6922789383E-01    2.6738865906E-01    2.6555999325E-01    2.6374186926E-01
2.6193425930E-01    2.6013713493E-01    2.5835046707E-01    2.5657422606E-01
2.5480838164E-01    2.5305290298E-01    2.5130775871E-01    2.4957291692E-01
2.4784834517E-01    2.4613401055E-01    2.4442987964E-01    2.4273591856E-01
2.4105209300E-01    2.3937836819E-01    2.3771470895E-01    2.3606107969E-01
2.3441744443E-01    2.3278376682E-01    2.3116001014E-01    2.2954613733E-01
2.2794211098E-01    2.2634789338E-01    2.2476344650E-01    2.2318873200E-01
2.2162371128E-01    2.2006834545E-01    2.1852259537E-01    2.1698642164E-01
2.1545978463E-01    2.1394264450E-01    2.1243496115E-01    2.1093669433E-01
2.0944780356E-01    2.0796824817E-01    2.0649798735E-01    2.0503698009E-01
2.0358518525E-01    2.0214256153E-01    2.0070906749E-01    1.9928466157E-01
1.9786930208E-01    1.9646294725E-01    1.9506555516E-01    1.9367708382E-01
1.9229749117E-01    1.9092673503E-01    1.8956477318E-01    1.8821156331E-01
1.8686706309E-01    1.8553123009E-01    1.8420402188E-01    1.8288539597E-01
1.8157530983E-01    1.8027372094E-01    1.7898058671E-01    1.7769586459E-01
1.7641951200E-01    1.7515148634E-01    1.7389174504E-01    1.7264024554E-01
1.7139694528E-01    1.7016180172E-01    1.6893477237E-01    1.6771581473E-01
1.6650488637E-01    1.6530194488E-01    1.6410694791E-01    1.6291985312E-01
1.6174061827E-01    1.6056920114E-01    1.5940555960E-01    1.5824965155E-01
1.5710143499E-01    1.5596086797E-01    1.5482790863E-01    1.5370251517E-01
1.5258464588E-01    1.5147425914E-01    1.5037131342E-01    1.4927576728E-01
1.4818757935E-01    1.4710670839E-01    1.4603311325E-01    1.4496675288E-01
1.4390758632E-01    1.4285557274E-01    1.4181067142E-01    1.4077284172E-01
1.3974204317E-01    1.3871823536E-01    1.3770137803E-01    1.3669143104E-01
1.3568835437E-01    1.3469210813E-01    1.3370265253E-01    1.3271994794E-01
1.3174395486E-01    1.3077463389E-01    1.2981194580E-01    1.2885585149E-01
1.2790631196E-01    1.2696328840E-01    1.2602674210E-01    1.2509663452E-01
1.2417292723E-01    1.2325558198E-01    1.2234456064E-01    1.2143982522E-01
1.2054133791E-01    1.1964906101E-01    1.1876295699E-01    1.1788298846E-01
1.1700911819E-01    1.1614130910E-01    1.1527952425E-01    1.1442372687E-01
1.1357388033E-01    1.1272994817E-01    1.1189189406E-01    1.1105968185E-01
1.1023327553E-01    1.0941263927E-01    1.0859773736E-01    1.0778853428E-01
1.0698499465E-01    1.0618708326E-01    1.0539476506E-01    1.0460800515E-01
1.0382676878E-01    1.0305102139E-01    1.0228072856E-01    1.0151585603E-01
1.0075636971E-01    1.0000223565E-01    9.9253420094E-02    9.8509889422E-02
9.7771610183E-02    9.7038549087E-02    9.6310673006E-02    9.5587948972E-02
9.4870344178E-02    9.4157825982E-02    9.3450361900E-02    9.2747919610E-02
9.2050466952E-02    9.1357971927E-02    9.0670402698E-02    8.9987727588E-02
8.9309915081E-02    8.8636933822E-02    8.7968752617E-02    8.7305340433E-02
8.6646666395E-02    8.5992699790E-02    8.5343410065E-02    8.4698766826E-02
8.4058739838E-02    8.3423299027E-02    8.2792414474E-02    8.2166056424E-02
8.1544195275E-02    8.0926801586E-02    8.0313846074E-02    7.9705299612E-02
7.9101133229E-02    7.8501318114E-02    7.7905825610E-02    7.7314627215E-02
7.6727694585E-02    7.6144999529E-02    7.5566514013E-02    7.4992210156E-02
7.4422060230E-02    7.3856036663E-02    7.3294112034E-02    7.2736259076E-02
7.2182450674E-02    7.1632659864E-02    7.1086859834E-02    7.0545023924E-02
7.0007125621E-02    6.9473138567E-02    6.8943036548E-02    6.8416793504E-02
6.7894383520E-02    6.7375780830E-02    6.6860959817E-02    6.6349895009E-02
6.5842561081E-02    6.5338932855E-02    6.4838985298E-02    6.4342693522E-02
6.3850032782E-02    6.3360978478E-02    6.2875506155E-02    6.2393591499E-02
6.1915210339E-02    6.1440338644E-02    6.0968952527E-02    6.0501028241E-02
6.0036542177E-02    5.9575470868E-02    5.9117790985E-02    5.8663479338E-02
5.8212512875E-02    5.7764868680E-02    5.7320523975E-02    5.6879456118E-02
5.6441642603E-02    5.6007061059E-02    5.5575689249E-02    5.5147505071E-02
5.4722486554E-02    5.4300611863E-02    5.3881859294E-02    5.3466207274E-02
5.3053634361E-02    5.2644119245E-02    5.2237640744E-02    5.1834177808E-02
5.1433709512E-02    5.1036215064E-02    5.0641673796E-02    5.0250065167E-02
4.9861368765E-02    4.9475564302E-02    4.9092631617E-02    4.8712550670E-02
4.8335301550E-02    4.7960864466E-02    4.7589219752E-02    4.7220347863E-02
4.6854229377E-02    4.6490844993E-02    4.6130175529E-02    4.5772201927E-02
4.5416905244E-02    4.5064266658E-02    4.4714267466E-02    4.4366889083E-02
4.4022113038E-02    4.3679920981E-02    4.3340294675E-02    4.3003215999E-02
4.2668666948E-02    4.2336629631E-02    4.2007086269E-02    4.1680019199E-02
4.1355410869E-02    4.1033243839E-02    4.0713500780E-02    4.0396164475E-02
4.0081217817E-02    3.9768643809E-02    3.9458425562E-02    3.9150546298E-02
3.8844989344E-02    3.8541738137E-02    3.8240776220E-02    3.7942087242E-02
3.7645654959E-02    3.7351463231E-02    3.7059496023E-02    3.6769737405E-02
3.6482171549E-02    3.6196782733E-02    3.5913555334E-02    3.5632473834E-02
3.5353522813E-02    3.5076686956E-02    3.4801951045E-02    3.4529299964E-02
3.4258718694E-02    3.3990192317E-02    3.3723706011E-02    3.3459245054E-02
3.3196794819E-02    3.2936340777E-02    3.2677868494E-02    3.2421363632E-02
3.2166811948E-02    3.1914199294E-02    3.1663511614E-02    3.1414734948E-02
3.1167855427E-02    3.0922859275E-02    3.0679732808E-02    3.0438462433E-02
3.0199034648E-02    2.9961436040E-02    2.9725653289E-02    2.9491673161E-02
2.9259482513E-02    2.9029068288E-02    2.8800417519E-02    2.8573517325E-02
2.8348354912E-02    2.8124917573E-02    2.7903192686E-02    2.7683167713E-02
2.7464830204E-02    2.7248167791E-02    2.7033168189E-02    2.6819819199E-02
2.6608108703E-02    2.6398024666E-02    2.6189555133E-02    2.5982688234E-02
2.5777412177E-02    2.5573715250E-02    2.5371585825E-02    2.5171012348E-02
2.4971983348E-02    2.4774487432E-02    2.4578513282E-02    2.4384049663E-02
2.4191085411E-02    2.3999609444E-02    2.3809610753E-02    2.3621078406E-02
2.3434001546E-02    2.3248369392E-02    2.3064171234E-02    2.2881396441E-02
2.2700034451E-02    2.2520074777E-02    2.2341507005E-02    2.2164320794E-02
2.1988505871E-02    2.1814052039E-02    2.1640949168E-02    2.1469187201E-02
2.1298756150E-02    2.1129646097E-02    2.0961847192E-02    2.0795349655E-02
2.0630143774E-02    2.0466219905E-02    2.0303568472E-02    2.0142179963E-02
1.9982044937E-02    1.9823154016E-02    1.9665497889E-02    1.9509067311E-02
1.9353853101E-02    1.9199846143E-02    1.9047037385E-02    1.8895417839E-02
1.8744978579E-02    1.8595710745E-02    1.8447605538E-02    1.8300654219E-02
1.8154848113E-02    1.8010178608E-02    1.7866637150E-02    1.7724215247E-02
1.7582904467E-02    1.7442696437E-02    1.7303582846E-02    1.7165555440E-02
1.7028606023E-02    1.6892726460E-02    1.6757908672E-02    1.6624144638E-02
1.6491426394E-02    1.6359746034E-02    1.6229095708E-02    1.6099467620E-02
1.5970854034E-02    1.5843247265E-02    1.5716639686E-02    1.5591023723E-02
1.5466391858E-02    1.5342736626E-02    1.5220050616E-02    1.5098326469E-02
1.4977556881E-02    1.4857734598E-02    1.4738852422E-02    1.4620903203E-02
1.4503879844E-02    1.4387775301E-02    1.4272582579E-02    1.4158294734E-02
1.4044904871E-02    1.3932406147E-02    1.3820791768E-02    1.3710054988E-02
1.3600189111E-02    1.3491187490E-02    1.3383043525E-02    1.3275750665E-02
1.3169302406E-02    1.3063692292E-02    1.2958913913E-02    1.2854960906E-02
1.2751826955E-02    1.2649505790E-02    1.2547991186E-02    1.2447276963E-02
1.2347356988E-02    1.2248225172E-02    1.2149875470E-02    1.2052301882E-02
1.1955498450E-02    1.1859459263E-02    1.1764178451E-02    1.1669650188E-02
1.1575868689E-02    1.1482828214E-02    1.1390523063E-02    1.1298947581E-02
1.1208096150E-02    1.1117963198E-02    1.1028543190E-02    1.0939830635E-02
1.0851820081E-02    1.0764506117E-02    1.0677883370E-02    1.0591946509E-02
1.0506690241E-02    1.0422109313E-02    1.0338198510E-02    1.0254952657E-02
1.0172366615E-02    1.0090435285E-02    1.0009153606E-02    9.9285165521E-03
9.8485191379E-03    9.7691564129E-03    9.6904234641E-03    9.6123154149E-03
9.5348274248E-03    9.4579546896E-03    9.3816924407E-03    9.3060359450E-03
9.2309805048E-03    9.1565214573E-03    9.0826541745E-03    9.0093740630E-03
8.9366765637E-03    8.8645571515E-03    8.7930113351E-03    8.7220346568E-03
8.6516226924E-03    8.5817710505E-03    8.5124753730E-03    8.4437313340E-03
8.3755346404E-03    8.3078810310E-03    8.2407662769E-03    8.1741861806E-03
8.1081365764E-03    8.0426133297E-03    7.9776123371E-03    7.9131295260E-03
7.8491608544E-03    7.7857023108E-03    7.7227499140E-03    7.6602997125E-03
7.5983477849E-03    7.5368902392E-03    7.4759232128E-03    7.4154428722E-03
7.3554454130E-03    7.2959270593E-03    7.2368840639E-03    7.1783127080E-03
7.1202093006E-03    7.0625701791E-03    7.0053917083E-03    6.9486702806E-03
6.8924023157E-03    6.8365842605E-03    6.7812125889E-03    6.7262838014E-03
6.6717944251E-03    6.6177410137E-03    6.5641201467E-03    6.5109284298E-03
6.4581624945E-03    6.4058189978E-03    6.3538946224E-03    6.3023860760E-03
6.2512900914E-03    6.2006034264E-03    6.1503228633E-03    6.1004452092E-03
6.0509672953E-03    6.0018859772E-03    5.9531981344E-03    5.9049006700E-03
5.8569905112E-03    5.8094646083E-03    5.7623199351E-03    5.7155534885E-03
5.6691622883E-03    5.6231433773E-03    5.5774938207E-03    5.5322107063E-03
5.4872911442E-03    5.4427322666E-03    5.3985312279E-03    5.3546852039E-03
5.3111913925E-03    5.2680470128E-03    5.2252493055E-03    5.1827955322E-03
5.1406829759E-03    5.0989089401E-03    5.0574707494E-03    5.0163657486E-03
4.9755913033E-03    4.9351447991E-03    4.8950236418E-03    4.8552252573E-03
4.8157470912E-03    4.7765866088E-03    4.7377412949E-03    4.6992086540E-03
4.6609862094E-03    4.6230715038E-03    4.5854620988E-03    4.5481555749E-03
4.5111495311E-03    4.4744415851E-03    4.4380293731E-03    4.4019105493E-03
4.3660827864E-03    4.3305437748E-03    4.2952912229E-03    4.2603228569E-03
4.2256364205E-03    4.1912296750E-03    4.1571003988E-03    4.1232463880E-03
4.0896654552E-03    4.0563554305E-03    4.0233141604E-03    3.9905395084E-03
3.9580293546E-03    3.9257815953E-03    3.8937941433E-03    3.8620649278E-03
3.8305918938E-03    3.7993730024E-03    3.7684062306E-03    3.7376895711E-03
3.7072210322E-03    3.6769986377E-03    3.6470204269E-03    3.6172844543E-03
3.5877887894E-03    3.5585315171E-03    3.5295107368E-03    3.5007245631E-03
3.4721711251E-03    3.4438485665E-03    3.4157550457E-03    3.3878887351E-03
3.3602478218E-03    3.3328305067E-03    3.3056350049E-03    3.2786595456E-03
3.2519023715E-03    3.2253617394E-03    3.1990359194E-03    3.1729231955E-03
3.1470218648E-03    3.1213302380E-03    3.0958466388E-03    3.0705694041E-03
3.0454968839E-03    3.0206274410E-03    2.9959594513E-03    2.9714913030E-03
2.9472213974E-03    2.9231481481E-03    2.8992699810E-03    2.8755853347E-03
2.8520926598E-03    2.8287904193E-03    2.8056770879E-03    2.7827511527E-03
2.7600111123E-03    2.7374554775E-03    2.7150827705E-03    2.6928915252E-03
2.6708802871E-03    2.6490476131E-03    2.6273920714E-03    2.6059122416E-03
2.5846067143E-03    2.5634740914E-03    2.5425129857E-03    2.5217220209E-03
2.5010998317E-03    2.4806450634E-03    2.4603563719E-03    2.4402324240E-03
2.4202718968E-03    2.4004734779E-03    2.3808358653E-03    2.3613577670E-03
2.3420379016E-03    2.3228749977E-03    2.3038677937E-03    2.2850150382E-03
2.2663154897E-03    2.2477679164E-03    2.2293710963E-03    2.2111238170E-03
2.1930248757E-03    2.1750730793E-03    2.1572672439E-03    2.1396061950E-03
2.1220887675E-03    2.1047138055E-03    2.0874801622E-03    2.0703867000E-03
2.0534322900E-03    2.0366158127E-03    2.0199361571E-03    2.0033922213E-03
1.9869829118E-03    1.9707071440E-03    1.9545638419E-03    1.9385519380E-03
1.9226703733E-03    1.9069180970E-03    1.8912940670E-03    1.8757972491E-03
1.8604266177E-03    1.8451811550E-03    1.8300598514E-03    1.8150617055E-03
1.8001857235E-03    1.7854309198E-03    1.7707963166E-03    1.7562809438E-03
1.7418838389E-03    1.7276040474E-03    1.7134406219E-03    1.6993926231E-03
1.6854591187E-03    1.6716391841E-03    1.6579319020E-03    1.6443363622E-03
1.6308516622E-03    1.6174769063E-03    1.6042112060E-03    1.5910536799E-03
1.5780034539E-03    1.5650596604E-03    1.5522214390E-03    1.5394879362E-03
1.5268583051E-03    1.5143317058E-03    1.5019073048E-03    1.4895842756E-03
1.4773617980E-03    1.4652390585E-03    1.4532152502E-03    1.4412895723E-03
1.4294612307E-03    1.4177294375E-03    1.4060934113E-03    1.3945523766E-03
1.3831055644E-03    1.3717522117E-03    1.3604915616E-03    1.3493228633E-03
1.3382453720E-03    1.3272583488E-03    1.3163610608E-03    1.3055527810E-03
1.2948327880E-03    1.2842003664E-03    1.2736548065E-03    1.2631954040E-03
1.2528214607E-03    1.2425322836E-03    1.2323271855E-03    1.2222054845E-03
1.2121665044E-03    1.2022095742E-03    1.1923340284E-03    1.1825392068E-03
1.1728244546E-03    1.1631891220E-03    1.1536325646E-03    1.1441541431E-03
1.1347532235E-03    1.1254291766E-03    1.1161813784E-03    1.1070092100E-03
1.0979120573E-03    1.0888893112E-03    1.0799403675E-03    1.0710646268E-03
1.0622614946E-03    1.0535303812E-03    1.0448707014E-03    1.0362818750E-03
1.0277633263E-03    1.0193144842E-03    1.0109347824E-03    1.0026236588E-03
9.9438055619E-04    9.8620492158E-04    9.7809620654E-04    9.7005386703E-04
9.6207736341E-04    9.5416616033E-04    9.4631972679E-04    9.3853753606E-04
9.3081906562E-04    9.2316379720E-04    9.1557121666E-04    9.0804081402E-04
9.0057208342E-04    8.9316452304E-04    8.8581763514E-04    8.7853092595E-04
8.7130390573E-04    8.6413608863E-04    8.5702699277E-04    8.4997614010E-04
8.4298305647E-04    8.3604727152E-04    8.2916831871E-04    8.2234573523E-04
8.1557906204E-04    8.0886784377E-04    8.0221162874E-04    7.9560996890E-04
7.8906241985E-04    7.8256854073E-04    7.7612789428E-04    7.6974004675E-04
7.6340456788E-04    7.5712103090E-04    7.5088901249E-04    7.4470809274E-04
7.3857785513E-04    7.3249788650E-04    7.2646777704E-04    7.2048712025E-04
7.1455551291E-04    7.0867255505E-04    7.0283784995E-04    6.9705100409E-04
6.9131162712E-04    6.8561933188E-04    6.7997373429E-04    6.7437445342E-04
6.6882111139E-04    6.6331333340E-04    6.5785074767E-04    6.5243298543E-04
6.4705968089E-04    6.4173047122E-04    6.3644499653E-04    6.3120289985E-04
6.2600382709E-04    6.2084742703E-04    6.1573335129E-04    6.1066125431E-04
6.0563079334E-04    6.0064162839E-04    5.9569342224E-04    5.9078584038E-04
5.8591855104E-04    5.8109122510E-04    5.7630353614E-04    5.7155516037E-04
5.6684577663E-04    5.6217506636E-04    5.5754271358E-04    5.5294840488E-04
5.4839182938E-04    5.4387267873E-04    5.3939064707E-04    5.3494543104E-04
5.3053672972E-04    5.2616424464E-04    5.2182767975E-04    5.1752674140E-04
5.1326113833E-04    5.0903058163E-04    5.0483478475E-04    5.0067346345E-04
4.9654633583E-04    4.9245312223E-04    4.8839354530E-04    4.8436732991E-04
4.8037420320E-04    4.7641389451E-04    4.7248613535E-04    4.6859065946E-04
4.6472720270E-04    4.6089550312E-04    4.5709530084E-04    4.5332633814E-04
4.4958835939E-04    4.4588111101E-04    4.4220434150E-04    4.3855780141E-04
4.3494124330E-04    4.3135442176E-04    4.2779709336E-04    4.2426901665E-04
4.2076995216E-04    4.1729966234E-04    4.1385791161E-04    4.1044446626E-04
4.0705909452E-04    4.0370156649E-04    4.0037165413E-04    3.9706913128E-04
3.9379377360E-04    3.9054535859E-04    3.8732366554E-04    3.8412847556E-04
3.8095957153E-04    3.7781673809E-04    3.7469976166E-04    3.7160843036E-04
3.6854253407E-04    3.6550186435E-04    3.6248621450E-04    3.5949537945E-04
3.5652915585E-04    3.5358734198E-04    3.5066973775E-04    3.4777614475E-04
3.4490636612E-04    3.4206020667E-04    3.3923747274E-04    3.3643797230E-04
3.3366151485E-04    3.3090791146E-04    3.2817697473E-04    3.2546851880E-04
3.2278235931E-04    3.2011831340E-04    3.1747619973E-04    3.1485583842E-04
3.1225705104E-04    3.0967966065E-04    3.0712349173E-04    3.0458837019E-04
3.0207412337E-04    2.9958058003E-04    2.9710757029E-04    2.9465492569E-04
2.9222247914E-04    2.8981006489E-04    2.8741751857E-04    2.8504467714E-04
2.8269137888E-04    2.8035746340E-04    2.7804277164E-04    2.7574714581E-04
2.7347042941E-04    2.7121246723E-04    2.6897310533E-04    2.6675219100E-04
2.6454957281E-04    2.6236510055E-04    2.6019862523E-04    2.5804999911E-04
2.5591907560E-04    2.5380570937E-04    2.5170975622E-04    2.4963107318E-04
2.4756951841E-04    2.4552495125E-04    2.4349723217E-04    2.4148622281E-04
2.3949178591E-04    2.3751378535E-04    2.3555208612E-04    2.3360655431E-04
2.3167705710E-04    2.2976346276E-04    2.2786564065E-04    2.2598346118E-04
2.2411679582E-04    2.2226551710E-04    2.2042949859E-04    2.1860861489E-04
2.1680274164E-04    2.1501175547E-04    2.1323553405E-04    2.1147395604E-04
2.0972690106E-04    2.0799424977E-04    2.0627588378E-04    2.0457168565E-04
2.0288153892E-04    2.0120532810E-04    1.9954293861E-04    1.9789425683E-04
1.9625917007E-04    1.9463756654E-04    1.9302933540E-04    1.9143436669E-04
1.8985255136E-04    1.8828378126E-04    1.8672794911E-04    1.8518494851E-04
1.8365467395E-04    1.8213702077E-04    1.8063188515E-04    1.7913916416E-04
1.7765875567E-04    1.7619055843E-04    1.7473447198E-04    1.7329039670E-04
1.7185823379E-04    1.7043788525E-04    1.6902925389E-04    1.6763224333E-04
1.6624675794E-04    1.6487270290E-04    1.6350998418E-04    1.6215850849E-04
1.6081818333E-04    1.5948891693E-04    1.5817061831E-04    1.5686319720E-04
1.5556656409E-04    1.5428063020E-04    1.5300530746E-04    1.5174050856E-04
1.5048614687E-04    1.4924213649E-04    1.4800839222E-04    1.4678482955E-04
1.4557136468E-04    1.4436791448E-04    1.4317439650E-04    1.4199072899E-04
1.4081683085E-04    1.3965262165E-04    1.3849802162E-04    1.3735295165E-04
1.3621733326E-04    1.3509108863E-04    1.3397414058E-04    1.3286641256E-04
1.3176782864E-04    1.3067831353E-04    1.2959779253E-04    1.2852619159E-04
1.2746343724E-04    1.2640945662E-04    1.2536417747E-04    1.2432752812E-04
1.2329943749E-04    1.2227983508E-04    1.2126865098E-04    1.2026581585E-04
1.1927126090E-04    1.1828491792E-04    1.1730671927E-04    1.1633659785E-04
1.1537448711E-04    1.1442032107E-04    1.1347403425E-04    1.1253556176E-04
1.1160483919E-04    1.1068180269E-04    1.0976638894E-04    1.0885853511E-04
1.0795817892E-04    1.0706525857E-04    1.0617971279E-04    1.0530148081E-04
1.0443050235E-04    1.0356671764E-04    1.0271006737E-04    1.0186049275E-04
1.0101793547E-04    1.0018233769E-04    9.9353642030E-05    9.8531791614E-05
9.7716730010E-05    9.6908401259E-05    9.6106749857E-05    9.5311720761E-05
9.4523259376E-05    9.3741311558E-05    9.2965823607E-05    9.2196742266E-05
9.1434014714E-05    9.0677588565E-05    8.9927411859E-05    8.9183433071E-05
8.8445601097E-05    8.7713865252E-05    8.6988175268E-05    8.6268481290E-05
8.5554733873E-05    8.4846883979E-05    8.4144882973E-05    8.3448682620E-05
8.2758235080E-05    8.2073492909E-05    8.1394409051E-05    8.0720936839E-05
8.0053029989E-05    7.9390642596E-05    7.8733729132E-05    7.8082244446E-05
7.7436143761E-05    7.6795382663E-05    7.6159917106E-05    7.5529703407E-05
7.4904698241E-05    7.4284858639E-05    7.3670141986E-05    7.3060506018E-05
7.2455908818E-05    7.1856308816E-05    7.1261664780E-05    7.0671935822E-05
7.0087081386E-05    6.9507061254E-05    6.8931835534E-05    6.8361364664E-05
6.7795609411E-05    6.7234530864E-05    6.6678090429E-05    6.6126249833E-05
6.5578971115E-05    6.5036216630E-05    6.4497949040E-05    6.3964131315E-05
6.3434726730E-05    6.2909698863E-05    6.2389011591E-05    6.1872629088E-05
6.1360515825E-05    6.0852636562E-05    6.0348956353E-05    5.9849440536E-05
5.9354054735E-05    5.8862764861E-05    5.8375537103E-05    5.7892337929E-05
5.7413134083E-05    5.6937892582E-05    5.6466580716E-05    5.5999166043E-05
5.5535616389E-05    5.5075899844E-05    5.4619984763E-05    5.4167839759E-05
5.3719433706E-05    5.3274735733E-05    5.2833715222E-05    5.2396341811E-05
5.1962585382E-05    5.1532416070E-05    5.1105804257E-05    5.0682720566E-05
5.0263135864E-05    4.9847021257E-05    4.9434348089E-05    4.9025087939E-05
4.8619212624E-05    4.8216694189E-05    4.7817504911E-05    4.7421617296E-05
4.7029004075E-05    4.6639638207E-05    4.6253492869E-05    4.5870541464E-05
4.5490757610E-05    4.5114115144E-05    4.4740588117E-05    4.4370150800E-05
4.4002777669E-05    4.3638443416E-05    4.3277122938E-05    4.2918791339E-05
4.2563423930E-05    4.2210996224E-05    4.1861483937E-05    4.1514862984E-05
4.1171109479E-05    4.0830199735E-05    4.0492110256E-05    4.0156817743E-05
3.9824299089E-05    3.9494531375E-05    3.9167491874E-05    3.8843158043E-05
3.8521507527E-05    3.8202518158E-05    3.7886167947E-05    3.7572435088E-05
3.7261297954E-05    3.6952735097E-05    3.6646725245E-05    3.6343247302E-05
3.6042280347E-05    3.5743803629E-05    3.5447796571E-05    3.5154238764E-05
3.4863109967E-05    3.4574390107E-05    3.4288059276E-05    3.4004097731E-05
3.3722485890E-05    3.3443204333E-05    3.3166233803E-05    3.2891555200E-05
3.2619149581E-05    3.2348998161E-05    3.2081082307E-05    3.1815383543E-05
3.1551883543E-05    3.1290564133E-05    3.1031407290E-05    3.0774395138E-05
3.0519509950E-05    3.0266734143E-05    3.0016050282E-05    2.9767441074E-05
2.9520889370E-05    2.9276378160E-05    2.9033890576E-05    2.8793409889E-05
2.8554919509E-05    2.8318402983E-05    2.8083843993E-05    2.7851226356E-05
2.7620534021E-05    2.7391751073E-05    2.7164861724E-05    2.6939850319E-05
2.6716701332E-05    2.6495399364E-05    2.6275929146E-05    2.6058275530E-05
2.5842423498E-05    2.5628358153E-05    2.5416064723E-05    2.5205528555E-05
2.4996735119E-05    2.4789670004E-05    2.4584318921E-05    2.4380667696E-05
2.4178702273E-05    2.3978408711E-05    2.3779773186E-05    2.3582781987E-05
2.3387421516E-05    2.3193678287E-05    2.3001538926E-05    2.2810990170E-05
2.2622018864E-05    2.2434611964E-05    2.2248756530E-05    2.2064439731E-05
2.1881648844E-05    2.1700371248E-05    -999999 -999999