4.7124179559E-12    2.7563697462E-04    1.1019273474E-03    2.4770113365E-03
4.3977956372E-03    6.8599629347E-03    9.8579852151E-03    1.3385140874E-02
1.7433535612E-02    2.1994127111E-02    2.7056753459E-02    3.2610165309E-02
3.8642061716E-02    4.5139129612E-02    5.2087086833E-02    5.9470728624E-02
6.7273977498E-02    7.5479936332E-02    8.4070944521E-02    9.3028637037E-02
1.0233400616E-01    1.1196746567E-01    1.2190891721E-01    1.3213781854E-01
1.4263325346E-01    1.5337400285E-01    1.6433861676E-01    1.7550548692E-01
1.8685291945E-01    1.9835920731E-01    2.1000270206E-01    2.2176188461E-01
2.3361543444E-01    2.4554229699E-01    2.5752174877E-01    2.6953345986E-01
2.8155755346E-01    2.9357466203E-01    3.0556597996E-01    3.1751331232E-01
3.2939911952E-01    3.4120655769E-01    3.5291951465E-01    3.6452264135E-01
3.7600137871E-01    3.8734197987E-01    3.9853152782E-01    4.0955794855E-01
4.2041001975E-01    4.3107737526E-01    4.4155050543E-01    4.5182075355E-01
4.6188030870E-01    4.7172219509E-01    4.8134025839E-01    4.9072914910E-01
4.9988430348E-01    5.0880192210E-01    5.1747894654E-01    5.2591303434E-01
5.3410253256E-01    5.4204645018E-01    5.4974442964E-01    5.5719671766E-01
5.6440413559E-01    5.7136804944E-01    5.7809033975E-01    5.8457337143E-01
5.9081996364E-01    5.9683335978E-01    6.0261719770E-01    6.0817548004E-01
6.1351254487E-01    6.1863303642E-01    6.2354187608E-01    6.2824423354E-01
6.3274549799E-01    6.3705124954E-01    6.4116723060E-01    6.4509931735E-01
6.4885349124E-01    6.5243581057E-01    6.5585238209E-01    6.5910933275E-01
6.6221278155E-01    6.6516881177E-01    6.6798344338E-01    6.7066260613E-01
6.7321211311E-01    6.7563763522E-01    6.7794467655E-01    6.8013855100E-01
6.8222436026E-01    6.8420697344E-01    6.8609100846E-01    6.8788081558E-01
6.8958046308E-01    6.9119372553E-01    6.9272407454E-01    6.9417467245E-01
6.9554836889E-01    6.9684770031E-01    6.9807489275E-01    6.9923186763E-01
7.0032025069E-01    7.0134138402E-01    7.0229634103E-01    7.0318594427E-01
7.0401078589E-01    7.0477125048E-01    7.0546754012E-01    7.0609970116E-01
7.0666765265E-01    7.0717121572E-01    7.0761014379E-01    7.0798415307E-01
7.0829295292E-01    7.0853627568E-01    7.0871390544E-01    7.0882570550E-01
7.0887164386E-01    7.0885181657E-01    7.0876646848E-01    7.0861601092E-01
7.0840103605E-01    7.0812232838E-01    7.0778087267E-01    7.0737784418E-01
7.0691455479E-01    7.0639236690E-01    7.0581260513E-01    7.0517655907E-01
7.0448549235E-01    7.0374066865E-01    7.0294333193E-01    7.0209470274E-01
7.0119598489E-01    7.0024836374E-01    6.9925300594E-01    6.9821105976E-01
6.9712365511E-01    6.9599190361E-01    6.9481689873E-01    6.9359971589E-01
6.9234141260E-01    6.9104302855E-01    6.8970558583E-01    6.8833008902E-01
6.8691752538E-01    6.8546886501E-01    6.8398506105E-01    6.8246704979E-01
6.8091575095E-01    6.7933206779E-01    6.7771688735E-01    6.7607108061E-01
6.7439550273E-01    6.7269099322E-01    6.7095837615E-01    6.6919846036E-01
6.6741203968E-01    6.6559989311E-01    6.6376278506E-01    6.6190146552E-01
6.6001667032E-01    6.5810912129E-01    6.5617952650E-01    6.5422858048E-01
6.5225696438E-01    6.5026534622E-01    6.4825438109E-01    6.4622471133E-01
6.4417696678E-01    6.4211176491E-01    6.4002971112E-01    6.3793139885E-01
6.3581740981E-01    6.3368831420E-01    6.3154467085E-01    6.2938702747E-01
6.2721592079E-01    6.2503187679E-01    6.2283541084E-01    6.2062702792E-01
6.1840722277E-01    6.1617648010E-01    6.1393527474E-01    6.1168407182E-01
6.0942332694E-01    6.0715348634E-01    6.0487498708E-01    6.0258825716E-01
6.0029371573E-01    5.9799177322E-01    5.9568283150E-01    5.9336728404E-01
5.9104551605E-01    5.8871790463E-01    5.8638481893E-01    5.8404662028E-01
5.8170366232E-01    5.7935629117E-01    5.7700484554E-01    5.7464965686E-01
5.7229104944E-01    5.6992934058E-01    5.6756484068E-01    5.6519785340E-01
5.6282867576E-01    5.6045759826E-01    5.5808490501E-01    5.5571087384E-01
5.5333577639E-01    5.5095987828E-01    5.4858343916E-01    5.4620671283E-01
5.4382994738E-01    5.4145338526E-01    5.3907726340E-01    5.3670181328E-01
5.3432726107E-01    5.3195382770E-01    5.2958172895E-01    5.2721117558E-01
5.2484237336E-01    5.2247552322E-01    5.2011082129E-01    5.1774845903E-01
5.1538862328E-01    5.1303149635E-01    5.1067725612E-01    5.0832607609E-01
5.0597812550E-01    5.0363356936E-01    5.0129256855E-01    4.9895527993E-01
4.9662185632E-01    4.9429244667E-01    4.9196719609E-01    4.8964624589E-01
4.8732973370E-01    4.8501779352E-01    4.8271055576E-01    4.8040814735E-01
4.7811069176E-01    4.7581830909E-01    4.7353111613E-01    4.7124922640E-01
4.6897275025E-01    4.6670179487E-01    4.6443646439E-01    4.6217685989E-01
4.5992307952E-01    4.5767521849E-01    4.5543336916E-01    4.5319762111E-01
4.5096806114E-01    4.4874477336E-01    4.4652783923E-01    4.4431733761E-01
4.4211334483E-01    4.3991593469E-01    4.3772517855E-01    4.3554114537E-01
4.3336390174E-01    4.3119351193E-01    4.2903003797E-01    4.2687353962E-01
4.2472407450E-01    4.2258169806E-01    4.2044646368E-01    4.1831842265E-01
4.1619762428E-01    4.1408411589E-01    4.1197794287E-01    4.0987914870E-01
4.0778777501E-01    4.0570386163E-01    4.0362744658E-01    4.0155856616E-01
3.9949725493E-01    3.9744354582E-01    3.9539747007E-01    3.9335905735E-01
3.9132833576E-01    3.8930533186E-01    3.8729007069E-01    3.8528257584E-01
3.8328286945E-01    3.8129097226E-01    3.7930690362E-01    3.7733068155E-01
3.7536232274E-01    3.7340184261E-01    3.7144925531E-01    3.6950457375E-01
3.6756780967E-01    3.6563897360E-01    3.6371807496E-01    3.6180512202E-01
3.5990012198E-01    3.5800308095E-01    3.5611400401E-01    3.5423289524E-01
3.5235975769E-01    3.5049459347E-01    3.4863740374E-01    3.4678818873E-01
3.4494694778E-01    3.4311367936E-01    3.4128838107E-01    3.3947104968E-01
3.3766168117E-01    3.3586027071E-01    3.3406681270E-01    3.3228130080E-01
3.3050372795E-01    3.2873408635E-01    3.2697236754E-01    3.2521856238E-01
3.2347266106E-01    3.2173465316E-01    3.2000452762E-01    3.1828227279E-01
3.1656787645E-01    3.1486132578E-01    3.1316260745E-01    3.1147170756E-01
3.0978861171E-01    3.0811330500E-01    3.0644577203E-01    3.0478599693E-01
3.0313396339E-01    3.0148965462E-01    2.9985305343E-01    2.9822414221E-01
2.9660290292E-01    2.9498931717E-01    2.9338336615E-01    2.9178503072E-01
2.9019429137E-01    2.8861112825E-01    2.8703552118E-01    2.8546744967E-01
2.8390689292E-01    2.8235382983E-01    2.8080823902E-01    2.7927009883E-01
2.7773938733E-01    2.7621608237E-01    2.7470016151E-01    2.7319160210E-01
2.7169038126E-01    2.7019647590E-01    2.6870986272E-01    2.6723051820E-01
2.6575841867E-01    2.6429354023E-01    2.6283585886E-01    2.6138535032E-01
2.5994199025E-01    2.5850575413E-01    2.5707661728E-01    2.5565455491E-01
2.5423954207E-01    2.5283155372E-01    2.5143056469E-01    2.5003654968E-01
2.4864948332E-01    2.4726934013E-01    2.4589609452E-01    2.4452972085E-01
2.4317019337E-01    2.4181748628E-01    2.4047157369E-01    2.3913242965E-01
2.3780002816E-01    2.3647434317E-01    2.3515534857E-01    2.3384301820E-01
2.3253732588E-01    2.3123824538E-01    2.2994575045E-01    2.2865981480E-01
2.2738041212E-01    2.2610751609E-01    2.2484110038E-01    2.2358113862E-01
2.2232760446E-01    2.2108047154E-01    2.1983971349E-01    2.1860530394E-01
2.1737721656E-01    2.1615542497E-01    2.1493990286E-01    2.1373062389E-01
2.1252756177E-01    2.1133069020E-01    2.1013998294E-01    2.0895541373E-01
2.0777695638E-01    2.0660458471E-01    2.0543827257E-01    2.0427799384E-01
2.0312372246E-01    2.0197543239E-01    2.0083309763E-01    1.9969669223E-01
1.9856619029E-01    1.9744156595E-01    1.9632279339E-01    1.9520984685E-01
1.9410270062E-01    1.9300132905E-01    1.9190570652E-01    1.9081580750E-01
1.8973160649E-01    1.8865307807E-01    1.8758019686E-01    1.8651293756E-01
1.8545127492E-01    1.8439518375E-01    1.8334463894E-01    1.8229961544E-01
1.8126008826E-01    1.8022603248E-01    1.7919742326E-01    1.7817423582E-01
1.7715644544E-01    1.7614402749E-01    1.7513695741E-01    1.7413521070E-01
1.7313876295E-01    1.7214758980E-01    1.7116166699E-01    1.7018097032E-01
1.6920547567E-01    1.6823515901E-01    1.6726999636E-01    1.6630996383E-01
1.6535503762E-01    1.6440519399E-01    1.6346040928E-01    1.6252065993E-01
1.6158592244E-01    1.6065617339E-01    1.5973138945E-01    1.5881154735E-01
1.5789662393E-01    1.5698659609E-01    1.5608144082E-01    1.5518113518E-01
1.5428565633E-01    1.5339498149E-01    1.5250908797E-01    1.5162795318E-01
1.5075155458E-01    1.4987986974E-01    1.4901287629E-01    1.4815055196E-01
1.4729287455E-01    1.4643982195E-01    1.4559137212E-01    1.4474750312E-01
1.4390819308E-01    1.4307342021E-01    1.4224316282E-01    1.4141739928E-01
1.4059610806E-01    1.3977926770E-01    1.3896685682E-01    1.3815885414E-01
1.3735523844E-01    1.3655598860E-01    1.3576108357E-01    1.3497050239E-01
1.3418422416E-01    1.3340222810E-01    1.3262449348E-01    1.3185099966E-01
1.3108172608E-01    1.3031665227E-01    1.2955575783E-01    1.2879902243E-01
1.2804642586E-01    1.2729794794E-01    1.2655356861E-01    1.2581326787E-01
1.2507702580E-01    1.2434482257E-01    1.2361663842E-01    1.2289245368E-01
1.2217224873E-01    1.2145600407E-01    1.2074370025E-01    1.2003531792E-01
1.1933083777E-01    1.1863024061E-01    1.1793350732E-01    1.1724061883E-01
1.1655155617E-01    1.1586630045E-01    1.1518483284E-01    1.1450713461E-01
1.1383318708E-01    1.1316297167E-01    1.1249646986E-01    1.1183366322E-01
1.1117453337E-01    1.1051906204E-01    1.0986723101E-01    1.0921902214E-01
1.0857441737E-01    1.0793339872E-01    1.0729594826E-01    1.0666204817E-01
1.0603168067E-01    1.0540482807E-01    1.0478147276E-01    1.0416159718E-01
1.0354518387E-01    1.0293221543E-01    1.0232267452E-01    1.0171654390E-01
1.0111380638E-01    1.0051444484E-01    9.9918442259E-02    9.9325781656E-02
9.8736446138E-02    9.8150418878E-02    9.7567683121E-02    9.6988222181E-02
9.6412019445E-02    9.5839058367E-02    9.5269322472E-02    9.4702795356E-02
9.4139460682E-02    9.3579302184E-02    9.3022303663E-02    9.2468448990E-02
9.1917722106E-02    9.1370107017E-02    9.0825587799E-02    9.0284148596E-02
8.9745773618E-02    8.9210447145E-02    8.8678153522E-02    8.8148877162E-02
8.7622602544E-02    8.7099314214E-02    8.6578996785E-02    8.6061634935E-02
8.5547213409E-02    8.5035717016E-02    8.4527130633E-02    8.4021439200E-02
8.3518627723E-02    8.3018681274E-02    8.2521584987E-02    8.2027324064E-02
8.1535883767E-02    8.1047249426E-02    8.0561406433E-02    8.0078340244E-02
7.9598036378E-02    7.9120480417E-02    7.8645658008E-02    7.8173554858E-02
7.7704156740E-02    7.7237449486E-02    7.6773418993E-02    7.6312051218E-02
7.5853332181E-02    7.5397247964E-02    7.4943784711E-02    7.4492928624E-02
7.4044665969E-02    7.3598983073E-02    7.3155866322E-02    7.2715302165E-02
7.2277277108E-02    7.1841777719E-02    7.1408790627E-02    7.0978302519E-02
7.0550300142E-02    7.0124770302E-02    6.9701699866E-02    6.9281075757E-02
6.8862884959E-02    6.8447114515E-02    6.8033751525E-02    6.7622783147E-02
6.7214196599E-02    6.6807979154E-02    6.6404118146E-02    6.6002600964E-02
6.5603415056E-02    6.5206547925E-02    6.4811987133E-02    6.4419720298E-02
6.4029735095E-02    6.3642019254E-02    6.3256560563E-02    6.2873346866E-02
6.2492366060E-02    6.2113606101E-02    6.1737055000E-02    6.1362700822E-02
6.0990531688E-02    6.0620535773E-02    6.0252701308E-02    5.9887016578E-02
5.9523469923E-02    5.9162049737E-02    5.8802744466E-02    5.8445542614E-02
5.8090432735E-02    5.7737403439E-02    5.7386443387E-02    5.7037541296E-02
5.6690685934E-02    5.6345866122E-02    5.6003070734E-02    5.5662288697E-02
5.5323508989E-02    5.4986720642E-02    5.4651912737E-02    5.4319074411E-02
5.3988194849E-02    5.3659263288E-02    5.3332269018E-02    5.3007201379E-02
5.2684049761E-02    5.2362803607E-02    5.2043452407E-02    5.1725985706E-02
5.1410393095E-02    5.1096664217E-02    5.0784788766E-02    5.0474756483E-02
5.0166557160E-02    4.9860180638E-02    4.9555616809E-02    4.9252855610E-02
4.8951887032E-02    4.8652701109E-02    4.8355287928E-02    4.8059637623E-02
4.7765740375E-02    4.7473586413E-02    4.7183166017E-02    4.6894469510E-02
4.6607487265E-02    4.6322209703E-02    4.6038627291E-02    4.5756730542E-02
4.5476510017E-02    4.5197956324E-02    4.4921060117E-02    4.4645812096E-02
4.4372203006E-02    4.4100223641E-02    4.3829864838E-02    4.3561117481E-02
4.3293972498E-02    4.3028420864E-02    4.2764453598E-02    4.2502061764E-02
4.2241236471E-02    4.1981968874E-02    4.1724250169E-02    4.1468071598E-02
4.1213424450E-02    4.0960300052E-02    4.0708689780E-02    4.0458585051E-02
4.0209977325E-02    3.9962858108E-02    3.9717218946E-02    3.9473051429E-02
3.9230347191E-02    3.8989097907E-02    3.8749295294E-02    3.8510931114E-02
3.8273997167E-02    3.8038485300E-02    3.7804387396E-02    3.7571695385E-02
3.7340401234E-02    3.7110496954E-02    3.6881974597E-02    3.6654826255E-02
3.6429044060E-02    3.6204620186E-02    3.5981546848E-02    3.5759816300E-02
3.5539420836E-02    3.5320352790E-02    3.5102604538E-02    3.4886168492E-02
3.4671037107E-02    3.4457202874E-02    3.4244658326E-02    3.4033396033E-02
3.3823408605E-02    3.3614688690E-02    3.3407228976E-02    3.3201022186E-02
3.2996061085E-02    3.2792338474E-02    3.2589847192E-02    3.2388580116E-02
3.2188530160E-02    3.1989690277E-02    3.1792053455E-02    3.1595612720E-02
3.1400361136E-02    3.1206291803E-02    3.1013397856E-02    3.0821672470E-02
3.0631108852E-02    3.0441700249E-02    3.0253439942E-02    3.0066321247E-02
2.9880337518E-02    2.9695482142E-02    2.9511748545E-02    2.9329130183E-02
2.9147620553E-02    2.8967213181E-02    2.8787901632E-02    2.8609679504E-02
2.8432540429E-02    2.8256478075E-02    2.8081486142E-02    2.7907558365E-02
2.7734688513E-02    2.7562870390E-02    2.7392097829E-02    2.7222364702E-02
2.7053664911E-02    2.6885992391E-02    2.6719341111E-02    2.6553705073E-02
2.6389078310E-02    2.6225454889E-02    2.6062828909E-02    2.5901194501E-02
2.5740545828E-02    2.5580877085E-02    2.5422182500E-02    2.5264456329E-02
2.5107692863E-02    2.4951886423E-02    2.4797031362E-02    2.4643122062E-02
2.4490152938E-02    2.4338118435E-02    2.4187013028E-02    2.4036831223E-02
2.3887567556E-02    2.3739216595E-02    2.3591772934E-02    2.3445231201E-02
2.3299586052E-02    2.3154832172E-02    2.3010964276E-02    2.2867977109E-02
2.2725865444E-02    2.2584624084E-02    2.2444247861E-02    2.2304731634E-02
2.2166070294E-02    2.2028258756E-02    2.1891291967E-02    2.1755164902E-02
2.1619872561E-02    2.1485409975E-02    2.1351772201E-02    2.1218954326E-02
2.1086951462E-02    2.0955758750E-02    2.0825371357E-02    2.0695784478E-02
2.0566993334E-02    2.0438993176E-02    2.0311779277E-02    2.0185346941E-02
2.0059691495E-02    1.9934808294E-02    1.9810692720E-02    1.9687340179E-02
1.9564746105E-02    1.9442905957E-02    1.9321815220E-02    1.9201469402E-02
1.9081864041E-02    1.8962994698E-02    1.8844856957E-02    1.8727446431E-02
1.8610758756E-02    1.8494789593E-02    1.8379534627E-02    1.8264989569E-02
1.8151150153E-02    1.8038012138E-02    1.7925571308E-02    1.7813823470E-02
1.7702764454E-02    1.7592390117E-02    1.7482696336E-02    1.7373679014E-02
1.7265334077E-02    1.7157657474E-02    1.7050645178E-02    1.6944293183E-02
1.6838597508E-02    1.6733554194E-02    1.6629159306E-02    1.6525408931E-02
1.6422299176E-02    1.6319826175E-02    1.6217986080E-02    1.6116775069E-02
1.6016189338E-02    1.5916225109E-02    1.5816878622E-02    1.5718146143E-02
1.5620023954E-02    1.5522508364E-02    1.5425595701E-02    1.5329282313E-02
1.5233564572E-02    1.5138438868E-02    1.5043901614E-02    1.4949949243E-02
1.4856578209E-02    1.4763784987E-02    1.4671566072E-02    1.4579917979E-02
1.4488837243E-02    1.4398320421E-02    1.4308364089E-02    1.4218964842E-02
1.4130119296E-02    1.4041824086E-02    1.3954075868E-02    1.3866871315E-02
1.3780207123E-02    1.3694080005E-02    1.3608486692E-02    1.3523423937E-02
1.3438888510E-02    1.3354877201E-02    1.3271386819E-02    1.3188414190E-02
1.3105956160E-02    1.3024009593E-02    1.2942571373E-02    1.2861638399E-02
1.2781207591E-02    1.2701275887E-02    1.2621840241E-02    1.2542897627E-02
1.2464445035E-02    1.2386479475E-02    1.2308997973E-02    1.2231997573E-02
1.2155475335E-02    1.2079428339E-02    1.2003853680E-02    1.1928748471E-02
1.1854109843E-02    1.1779934942E-02    1.1706220933E-02    1.1632964996E-02
1.1560164328E-02    1.1487816143E-02    1.1415917672E-02    1.1344466161E-02
1.1273458875E-02    1.1202893091E-02    1.1132766105E-02    1.1063075230E-02
1.0993817793E-02    1.0924991136E-02    1.0856592619E-02    1.0788619618E-02
1.0721069522E-02    1.0653939738E-02    1.0587227686E-02    1.0520930804E-02
1.0455046544E-02    1.0389572373E-02    1.0324505773E-02    1.0259844242E-02
1.0195585292E-02    1.0131726449E-02    1.0068265256E-02    1.0005199270E-02
9.9425260605E-03    9.8802432142E-03    9.8183483309E-03    9.7568390251E-03
9.6957129253E-03    9.6349676744E-03    9.5746009294E-03    9.5146103613E-03
9.4549936549E-03    9.3957485092E-03    9.3368726367E-03    9.2783637636E-03
9.2202196300E-03    9.1624379893E-03    9.1050166086E-03    9.0479532681E-03
8.9912457617E-03    8.9348918963E-03    8.8788894920E-03    8.8232363821E-03
8.7679304128E-03    8.7129694435E-03    8.6583513462E-03    8.6040740058E-03
8.5501353199E-03    8.4965331990E-03    8.4432655659E-03    8.3903303560E-03
8.3377255171E-03    8.2854490096E-03    8.2334988059E-03    8.1818728908E-03
8.1305692613E-03    8.0795859263E-03    8.0289209070E-03    7.9785722363E-03
7.9285379591E-03    7.8788161321E-03    7.8294048238E-03    7.7803021143E-03
7.7315060953E-03    7.6830148701E-03    7.6348265535E-03    7.5869392717E-03
7.5393511622E-03    7.4920603738E-03    7.4450650665E-03    7.3983634116E-03
7.3519535912E-03    7.3058337987E-03    7.2600022383E-03    7.2144571252E-03
7.1691966853E-03    7.1242191553E-03    7.0795227828E-03    7.0351058258E-03
6.9909665529E-03    6.9471032434E-03    6.9035141870E-03    6.8601976836E-03
6.8171520436E-03    6.7743755878E-03    6.7318666469E-03    6.6896235622E-03
6.6476446845E-03    6.6059283753E-03    6.5644730055E-03    6.5232769563E-03
6.4823386186E-03    6.4416563932E-03    6.4012286905E-03    6.3610539308E-03
6.3211305438E-03    6.2814569690E-03    6.2420316553E-03    6.2028530610E-03
6.1639196540E-03    6.1252299114E-03    6.0867823197E-03    6.0485753745E-03
6.0106075807E-03    5.9728774524E-03    5.9353835126E-03    5.8981242935E-03
5.8610983362E-03    5.8243041907E-03    5.7877404159E-03    5.7514055796E-03
5.7152982581E-03    5.6794170368E-03    5.6437605094E-03    5.6083272784E-03
5.5731159549E-03    5.5381251584E-03    5.5033535168E-03    5.4687996666E-03
5.4344622526E-03    5.4003399277E-03    5.3664313534E-03    5.3327351991E-03
5.2992501426E-03    5.2659748697E-03    5.2329080742E-03    5.2000484581E-03
5.1673947312E-03    5.1349456113E-03    5.1026998240E-03    5.0706561029E-03
5.0388131891E-03    5.0071698318E-03    4.9757247876E-03    4.9444768209E-03
4.9134247034E-03    4.8825672149E-03    4.8519031421E-03    4.8214312797E-03
4.7911504294E-03    4.7610594004E-03    4.7311570095E-03    4.7014420803E-03
4.6719134440E-03    4.6425699389E-03    4.6134104105E-03    4.5844337112E-03
4.5556387007E-03    4.5270242458E-03    4.4985892199E-03    4.4703325037E-03
4.4422529846E-03    4.4143495571E-03    4.3866211222E-03    4.3590665879E-03
4.3316848688E-03    4.3044748864E-03    4.2774355687E-03    4.2505658502E-03
4.2238646722E-03    4.1973309825E-03    4.1709637353E-03    4.1447618913E-03
4.1187244176E-03    4.0928502878E-03    4.0671384816E-03    4.0415879852E-03
4.0161977911E-03    3.9909668978E-03    3.9658943103E-03    3.9409790394E-03
3.9162201023E-03    3.8916165222E-03    3.8671673283E-03    3.8428715558E-03
3.8187282458E-03    3.7947364456E-03    3.7708952082E-03    3.7472035923E-03
3.7236606628E-03    3.7002654901E-03    3.6770171505E-03    3.6539147259E-03
3.6309573040E-03    3.6081439782E-03    3.5854738473E-03    3.5629460159E-03
3.5405595939E-03    3.5183136971E-03    3.4962074464E-03    3.4742399683E-03
3.4524103948E-03    3.4307178632E-03    3.4091615160E-03    3.3877405013E-03
3.3664539724E-03    3.3453010877E-03    3.3242810109E-03    3.3033929111E-03
3.2826359621E-03    3.2620093433E-03    3.2415122389E-03    3.2211438383E-03
3.2009033359E-03    3.1807899310E-03    3.1608028280E-03    3.1409412363E-03
3.1212043700E-03    3.1015914482E-03    3.0821016949E-03    3.0627343388E-03
3.0434886136E-03    3.0243637574E-03    3.0053590135E-03    2.9864736295E-03
2.9677068578E-03    2.9490579557E-03    2.9305261847E-03    2.9121108111E-03
2.8938111059E-03    2.8756263444E-03    2.8575558065E-03    2.8395987766E-03
2.8217545436E-03    2.8040224006E-03    2.7864016454E-03    2.7688915799E-03
2.7514915106E-03    2.7342007481E-03    2.7170186074E-03    2.6999444077E-03
2.6829774726E-03    2.6661171297E-03    2.6493627110E-03    2.6327135523E-03
2.6161689940E-03    2.5997283803E-03    2.5833910596E-03    2.5671563843E-03
2.5510237109E-03    2.5349923999E-03    2.5190618157E-03    2.5032313268E-03
2.4875003054E-03    2.4718681280E-03    2.4563341746E-03    2.4408978293E-03
2.4255584799E-03    2.4103155181E-03    2.3951683395E-03    2.3801163432E-03
2.3651589322E-03    2.3502955134E-03    2.3355254970E-03    2.3208482971E-03
2.3062633317E-03    2.2917700219E-03    2.2773677929E-03    2.2630560731E-03
2.2488342949E-03    2.2347018937E-03    2.2206583090E-03    2.2067029833E-03
2.1928353629E-03    2.1790548975E-03    2.1653610401E-03    2.1517532473E-03
2.1382309789E-03    2.1247936982E-03    2.1114408719E-03    2.0981719698E-03
2.0849864654E-03    2.0718838351E-03    2.0588635587E-03    2.0459251195E-03
2.0330680035E-03    2.0202917005E-03    2.0075957030E-03    1.9949795070E-03
1.9824426115E-03    1.9699845187E-03    1.9576047339E-03    1.9453027653E-03
1.9330781245E-03    1.9209303259E-03    1.9088588871E-03    1.8968633287E-03
1.8849431741E-03    1.8730979499E-03    1.8613271856E-03    1.8496304137E-03
1.8380071694E-03    1.8264569910E-03    1.8149794197E-03    1.8035739996E-03
1.7922402774E-03    1.7809778029E-03    1.7697861286E-03    1.7586648099E-03
1.7476134048E-03    1.7366314742E-03    1.7257185818E-03    1.7148742939E-03
1.7040981796E-03    1.6933898106E-03    1.6827487614E-03    1.6721746091E-03
1.6616669334E-03    1.6512253168E-03    1.6408493443E-03    1.6305386034E-03
1.6202926843E-03    1.6101111798E-03    1.5999936852E-03    1.5899397984E-03
1.5799491196E-03    1.5700212518E-03    1.5601558002E-03    1.5503523728E-03
1.5406105798E-03    1.5309300339E-03    1.5213103502E-03    1.5117511463E-03
1.5022520422E-03    1.4928126602E-03    1.4834326250E-03    1.4741115636E-03
1.4648491055E-03    1.4556448823E-03    1.4464985280E-03    1.4374096791E-03
1.4283779740E-03    1.4194030537E-03    1.4104845611E-03    1.4016221418E-03
1.3928154433E-03    1.3840641153E-03    1.3753678098E-03    1.3667261810E-03
1.3581388852E-03    1.3496055809E-03    1.3411259287E-03    1.3326995913E-03
1.3243262337E-03    1.3160055228E-03    1.3077371277E-03    1.2995207195E-03
1.2913559713E-03    1.2832425585E-03    1.2751801583E-03    1.2671684501E-03
1.2592071151E-03    1.2512958367E-03    1.2434343001E-03    1.2356221928E-03
1.2278592038E-03    1.2201450244E-03    1.2124793477E-03    1.2048618688E-03
1.1972922847E-03    1.1897702942E-03    1.1822955980E-03    1.1748678989E-03
1.1674869013E-03    1.1601523116E-03    1.1528638380E-03    1.1456211905E-03
1.1384240810E-03    1.1312722232E-03    1.1241653324E-03    1.1171031260E-03    