2.0713986082E-12    3.6387712128E-03    7.2899850082E-03    1.0966040834E-02
1.4679252055E-02    1.8441803346E-02    2.2265708605E-02    2.6162769550E-02
3.0144535180E-02    3.4222262245E-02    3.8406876882E-02    4.2708937584E-02
4.7138599618E-02    5.1705581049E-02    5.6419130490E-02    6.1287996691E-02
6.6320400081E-02    7.1524006370E-02    7.6905902279E-02    8.2472573503E-02
8.8229884952E-02    9.4183063342E-02    1.0033668218E-01    1.0669464916E-01
1.1326019605E-01    1.2003587095E-01    1.2702353315E-01    1.3422435031E-01
1.4163879818E-01    1.4926666261E-01    1.5710704408E-01    1.6515836441E-01
1.7341837580E-01    1.8188417202E-01    1.9055220180E-01    1.9941828412E-01
2.0847762563E-01    2.1772483971E-01    2.2715396750E-01    2.3675850040E-01
2.4653140420E-01    2.5646514463E-01    2.6655171415E-01    2.7678266001E-01
2.8714911335E-01    2.9764181915E-01    3.0825116714E-01    3.1896722330E-01
3.2977976196E-01    3.4067829834E-01    3.5165212140E-01    3.6269032690E-01
3.7378185054E-01    3.8491550103E-01    3.9607999307E-01    4.0726398001E-01
4.1845608612E-01    4.2964493851E-01    4.4081919828E-01    4.5196759119E-01
4.6307893740E-01    4.7414218052E-01    4.8514641553E-01    4.9608091590E-01
5.0693515945E-01    5.1769885314E-01    5.2836195666E-01    5.3891470463E-01
5.4934762763E-01    5.5965157172E-01    5.6981771662E-01    5.7983759240E-01
5.8970309470E-01    5.9940649842E-01    6.0894046990E-01    6.1829807756E-01
6.2747280091E-01    6.3645853813E-01    6.4524961199E-01    6.5384077423E-01
6.6222720848E-01    6.7040453155E-01    6.7836879330E-01    6.8611647506E-01
6.9364448654E-01    7.0095016140E-01    7.0803125149E-01    7.1488591974E-01
7.2151273186E-01    7.2791064678E-01    7.3407900607E-01    7.4001752223E-01
7.4572626600E-01    7.5120565280E-01    7.5645642832E-01    7.6147965336E-01
7.6627668801E-01    7.7084917526E-01    7.7519902410E-01    7.7932839227E-01
7.8323966868E-01    7.8693545558E-01    7.9041855072E-01    7.9369192937E-01
7.9675872649E-01    7.9962221905E-01    8.0228580856E-01    8.0475300402E-01
8.0702740527E-01    8.0911268680E-01    8.1101258228E-01    8.1273086964E-01
8.1427135700E-01    8.1563786936E-01    8.1683423619E-01    8.1786427999E-01
8.1873180580E-01    8.1944059177E-01    8.1999438090E-01    8.2039687374E-01
8.2065172236E-01    8.2076252582E-01    8.2073282886E-01    8.2056612388E-01
8.2026585462E-01    8.1983541640E-01    8.1927815496E-01    8.1859736454E-01
8.1779628887E-01    8.1687812100E-01    8.1584600280E-01    8.1470302509E-01
8.1345222754E-01    8.1209659876E-01    8.1063907635E-01    8.0908254707E-01
8.0742984703E-01    8.0568376186E-01    8.0384702703E-01    8.0192232814E-01
7.9991230124E-01    7.9781953317E-01    7.9564656201E-01    7.9339587744E-01
7.9106992122E-01    7.8867108763E-01    7.8620172395E-01    7.8366413098E-01
7.8106056354E-01    7.7839323098E-01    7.7566429779E-01    7.7287588406E-01
7.7003006613E-01    7.6712887711E-01    7.6417430747E-01    7.6116830566E-01
7.5811277864E-01    7.5500959255E-01    7.5186057324E-01    7.4866750693E-01
7.4543214076E-01    7.4215618345E-01    7.3884130587E-01    7.3548914163E-01
7.3210128774E-01    7.2867930516E-01    7.2522471942E-01    7.2173902120E-01
7.1822366695E-01    7.1468007947E-01    7.1110964849E-01    7.0751373123E-01
7.0389365302E-01    7.0025070786E-01    6.9658615896E-01    6.9290123932E-01
6.8919715229E-01    6.8547507210E-01    6.8173614443E-01    6.7798148692E-01
6.7421218972E-01    6.7042931598E-01    6.6663390243E-01    6.6282695981E-01
6.5900947344E-01    6.5518240367E-01    6.5134668642E-01    6.4750323358E-01
6.4365293359E-01    6.3979665180E-01    6.3593523102E-01    6.3206949192E-01
6.2820023350E-01    6.2432823350E-01    6.2045424887E-01    6.1657901619E-01
6.1270325205E-01    6.0882765349E-01    6.0495289843E-01    6.0107964599E-01
5.9720853697E-01    5.9334019417E-01    5.8947522278E-01    5.8561421078E-01
5.8175772926E-01    5.7790633281E-01    5.7406055986E-01    5.7022093300E-01
5.6638795936E-01    5.6256213093E-01    5.5874392484E-01    5.5493380376E-01
5.5113221613E-01    5.4733959652E-01    5.4355636595E-01    5.3978293209E-01
5.3601968968E-01    5.3226702070E-01    5.2852529473E-01    5.2479486917E-01
5.2107608955E-01    5.1736928976E-01    5.1367479234E-01    5.0999290870E-01
5.0632393939E-01    5.0266817435E-01    4.9902589312E-01    4.9539736510E-01
4.9178284979E-01    4.8818259696E-01    4.8459684694E-01    4.8102583079E-01
4.7746977053E-01    4.7392887934E-01    4.7040336177E-01    4.6689341395E-01
4.6339922375E-01    4.5992097102E-01    4.5645882773E-01    4.5301295821E-01
4.4958351927E-01    4.4617066043E-01    4.4277452406E-01    4.3939524556E-01
4.3603295352E-01    4.3268776991E-01    4.2935981021E-01    4.2604918358E-01
4.2275599303E-01    4.1948033552E-01    4.1622230217E-01    4.1298197837E-01
4.0975944393E-01    4.0655477321E-01    4.0336803526E-01    4.0019929399E-01
3.9704860823E-01    3.9391603193E-01    3.9080161423E-01    3.8770539962E-01
3.8462742804E-01    3.8156773501E-01    3.7852635175E-01    3.7550330527E-01
3.7249861850E-01    3.6951231041E-01    3.6654439609E-01    3.6359488686E-01
3.6066379041E-01    3.5775111083E-01    3.5485684878E-01    3.5198100155E-01
3.4912356313E-01    3.4628452437E-01    3.4346387302E-01    3.4066159381E-01
3.3787766858E-01    3.3511207635E-01    3.3236479336E-01    3.2963579322E-01
3.2692504694E-01    3.2423252303E-01    3.2155818757E-01    3.1890200428E-01
3.1626393461E-01    3.1364393778E-01    3.1104197090E-01    3.0845798897E-01
3.0589194502E-01    3.0334379013E-01    3.0081347349E-01    2.9830094250E-01
2.9580614279E-01    2.9332901831E-01    2.9086951139E-01    2.8842756275E-01
2.8600311162E-01    2.8359609576E-01    2.8120645151E-01    2.7883411386E-01
2.7647901650E-01    2.7414109184E-01    2.7182027110E-01    2.6951648433E-01
2.6722966047E-01    2.6495972739E-01    2.6270661194E-01    2.6047023998E-01
2.5825053644E-01    2.5604742534E-01    2.5386082986E-01    2.5169067235E-01
2.4953687437E-01    2.4739935677E-01    2.4527803967E-01    2.4317284252E-01
2.4108368414E-01    2.3901048276E-01    2.3695315602E-01    2.3491162103E-01
2.3288579441E-01    2.3087559230E-01    2.2888093037E-01    2.2690172392E-01
2.2493788782E-01    2.2298933661E-01    2.2105598449E-01    2.1913774533E-01
2.1723453276E-01    2.1534626012E-01    2.1347284053E-01    2.1161418690E-01
2.0977021195E-01    2.0794082825E-01    2.0612594821E-01    2.0432548412E-01
2.0253934818E-01    2.0076745250E-01    1.9900970912E-01    1.9726603005E-01
1.9553632726E-01    1.9382051274E-01    1.9211849845E-01    1.9043019640E-01
1.8875551863E-01    1.8709437724E-01    1.8544668441E-01    1.8381235240E-01
1.8219129356E-01    1.8058342037E-01    1.7898864543E-01    1.7740688148E-01
1.7583804142E-01    1.7428203831E-01    1.7273878538E-01    1.7120819606E-01
1.6969018397E-01    1.6818466294E-01    1.6669154702E-01    1.6521075050E-01
1.6374218789E-01    1.6228577396E-01    1.6084142373E-01    1.5940905250E-01
1.5798857582E-01    1.5657990954E-01    1.5518296979E-01    1.5379767300E-01
1.5242393590E-01    1.5106167554E-01    1.4971080926E-01    1.4837125475E-01
1.4704293003E-01    1.4572575342E-01    1.4441964362E-01    1.4312451965E-01
1.4184030090E-01    1.4056690709E-01    1.3930425831E-01    1.3805227502E-01
1.3681087805E-01    1.3557998859E-01    1.3435952821E-01    1.3314941886E-01
1.3194958287E-01    1.3075994297E-01    1.2958042225E-01    1.2841094423E-01
1.2725143278E-01    1.2610181221E-01    1.2496200719E-01    1.2383194283E-01
1.2271154461E-01    1.2160073844E-01    1.2049945061E-01    1.1940760786E-01
1.1832513729E-01    1.1725196646E-01    1.1618802331E-01    1.1513323621E-01
1.1408753394E-01    1.1305084569E-01    1.1202310109E-01    1.1100423015E-01
1.0999416333E-01    1.0899283150E-01    1.0800016595E-01    1.0701609838E-01
1.0604056092E-01    1.0507348613E-01    1.0411480695E-01    1.0316445679E-01
1.0222236944E-01    1.0128847914E-01    1.0036272052E-01    9.9445028658E-02
9.8535339027E-02    9.7633587531E-02    9.6739710486E-02    9.5853644627E-02
9.4975327103E-02    9.4104695482E-02    9.3241687742E-02    9.2386242277E-02
9.1538297895E-02    9.0697793813E-02    8.9864669660E-02    8.9038865476E-02
8.8220321707E-02    8.7408979209E-02    8.6604779242E-02    8.5807663473E-02
8.5017573971E-02    8.4234453208E-02    8.3458244058E-02    8.2688889794E-02
8.1926334086E-02    8.1170521003E-02    8.0421395008E-02    7.9678900958E-02
7.8942984102E-02    7.8213590080E-02    7.7490664921E-02    7.6774155042E-02
7.6064007244E-02    7.5360168715E-02    7.4662587022E-02    7.3971210117E-02
7.3285986326E-02    7.2606864357E-02    7.1933793289E-02    7.1266722579E-02
7.0605602053E-02    6.9950381908E-02    6.9301012710E-02    6.8657445389E-02
6.8019631242E-02    6.7387521929E-02    6.6761069467E-02    6.6140226237E-02
6.5524944974E-02    6.4915178768E-02    6.4310881064E-02    6.3712005656E-02
6.3118506689E-02    6.2530338655E-02    6.1947456391E-02    6.1369815079E-02
6.0797370240E-02    6.0230077737E-02    5.9667893769E-02    5.9110774873E-02
5.8558677916E-02    5.8011560101E-02    5.7469378957E-02    5.6932092344E-02
5.6399658445E-02    5.5872035769E-02    5.5349183146E-02    5.4831059727E-02
5.4317624978E-02    5.3808838685E-02    5.3304660946E-02    5.2805052169E-02
5.2309973077E-02    5.1819384697E-02    5.1333248364E-02    5.0851525716E-02
5.0374178696E-02    4.9901169543E-02    4.9432460799E-02    4.8968015299E-02
4.8507796174E-02    4.8051766847E-02    4.7599891033E-02    4.7152132735E-02
4.6708456241E-02    4.6268826126E-02    4.5833207249E-02    4.5401564747E-02
4.4973864037E-02    4.4550070817E-02    4.4130151055E-02    4.3714070996E-02
4.3301797155E-02    4.2893296319E-02    4.2488535542E-02    4.2087482142E-02
4.1690103703E-02    4.1296368073E-02    4.0906243359E-02    4.0519697926E-02
4.0136700398E-02    3.9757219653E-02    3.9381224821E-02    3.9008685287E-02
3.8639570684E-02    3.8273850893E-02    3.7911496040E-02    3.7552476499E-02
3.7196762884E-02    3.6844326051E-02    3.6495137095E-02    3.6149167348E-02
3.5806388381E-02    3.5466771995E-02    3.5130290226E-02    3.4796915340E-02
3.4466619833E-02    3.4139376427E-02    3.3815158072E-02    3.3493937939E-02
3.3175689425E-02    3.2860386146E-02    3.2548001936E-02    3.2238510849E-02
3.1931887155E-02    3.1628105335E-02    3.1327140088E-02    3.1028966320E-02
3.0733559149E-02    3.0440893900E-02    3.0150946104E-02    2.9863691500E-02
2.9579106026E-02    2.9297165826E-02    2.9017847242E-02    2.8741126816E-02
2.8466981286E-02    2.8195387589E-02    2.7926322852E-02    2.7659764399E-02
2.7395689742E-02    2.7134076587E-02    2.6874902826E-02    2.6618146537E-02
2.6363785986E-02    2.6111799623E-02    2.5862166080E-02    2.5614864171E-02
2.5369872890E-02    2.5127171410E-02    2.4886739080E-02    2.4648555426E-02
2.4412600149E-02    2.4178853122E-02    2.3947294391E-02    2.3717904173E-02
2.3490662851E-02    2.3265550980E-02    2.3042549279E-02    2.2821638634E-02
2.2602800093E-02    2.2386014867E-02    2.2171264331E-02    2.1958530018E-02
2.1747793620E-02    2.1539036986E-02    2.1332242123E-02    2.1127391193E-02
2.0924466511E-02    2.0723450546E-02    2.0524325916E-02    2.0327075392E-02
2.0131681893E-02    1.9938128487E-02    1.9746398387E-02    1.9556474952E-02
1.9368341687E-02    1.9181982238E-02    1.8997380396E-02    1.8814520090E-02
1.8633385390E-02    1.8453960506E-02    1.8276229784E-02    1.8100177707E-02
1.7925788894E-02    1.7753048098E-02    1.7581940204E-02    1.7412450231E-02
1.7244563328E-02    1.7078264775E-02    1.6913539980E-02    1.6750374480E-02
1.6588753938E-02    1.6428664143E-02    1.6270091009E-02    1.6113020573E-02
1.5957438997E-02    1.5803332563E-02    1.5650687674E-02    1.5499490854E-02
1.5349728744E-02    1.5201388105E-02    1.5054455812E-02    1.4908918859E-02
1.4764764354E-02    1.4621979518E-02    1.4480551687E-02    1.4340468307E-02
1.4201716936E-02    1.4064285244E-02    1.3928161008E-02    1.3793332116E-02
1.3659786560E-02    1.3527512444E-02    1.3396497972E-02    1.3266731457E-02
1.3138201315E-02    1.3010896065E-02    1.2884804328E-02    1.2759914827E-02
1.2636216386E-02    1.2513697929E-02    1.2392348477E-02    1.2272157151E-02
1.2153113170E-02    1.2035205847E-02    1.1918424592E-02    1.1802758912E-02
1.1688198404E-02    1.1574732761E-02    1.1462351769E-02    1.1351045303E-02
1.1240803332E-02    1.1131615914E-02    1.1023473195E-02    1.0916365412E-02
1.0810282889E-02    1.0705216037E-02    1.0601155353E-02    1.0498091420E-02
1.0396014908E-02    1.0294916568E-02    1.0194787236E-02    1.0095617832E-02
9.9973993567E-03    9.9001228920E-03    9.8037796014E-03    9.7083607282E-03
9.6138575949E-03    9.5202616027E-03    9.4275642310E-03    9.3357570364E-03
9.2448316520E-03    9.1547797872E-03    9.0655932266E-03    8.9772638295E-03
8.8897835295E-03    8.8031443332E-03    8.7173383204E-03    8.6323576428E-03
8.5481945238E-03    8.4648412576E-03    8.3822902090E-03    8.3005338120E-03
8.2195645702E-03    8.1393750554E-03    8.0599579074E-03    7.9813058333E-03
7.9034116070E-03    7.8262680685E-03    7.7498681233E-03    7.6742047420E-03
7.5992709597E-03    7.5250598753E-03    7.4515646508E-03    7.3787785115E-03
7.3066947443E-03    7.2353066983E-03    7.1646077834E-03    7.0945914702E-03
7.0252512895E-03    6.9565808314E-03    6.8885737451E-03    6.8212237385E-03
6.7545245772E-03    6.6884700845E-03    6.6230541405E-03    6.5582706818E-03
6.4941137011E-03    6.4305772464E-03    6.3676554209E-03    6.3053423822E-03
6.2436323417E-03    6.1825195648E-03    6.1219983695E-03    6.0620631268E-03
6.0027082595E-03    5.9439282423E-03    5.8857176011E-03    5.8280709124E-03
5.7709828032E-03    5.7144479501E-03    5.6584610795E-03    5.6030169665E-03
5.5481104348E-03    5.4937363561E-03    5.4398896501E-03    5.3865652834E-03
5.3337582697E-03    5.2814636690E-03    5.2296765872E-03    5.1783921760E-03
5.1276056321E-03    5.0773121971E-03    5.0275071570E-03    4.9781858416E-03
4.9293436245E-03    4.8809759222E-03    4.8330781945E-03    4.7856459430E-03
4.7386747118E-03    4.6921600866E-03    4.6460976941E-03    4.6004832023E-03
4.5553123195E-03    4.5105807942E-03    4.4662844148E-03    4.4224190091E-03
4.3789804440E-03    4.3359646252E-03    4.2933674968E-03    4.2511850409E-03
4.2094132773E-03    4.1680482633E-03    4.1270860929E-03    4.0865228972E-03
4.0463548435E-03    4.0065781349E-03    3.9671890106E-03    3.9281837450E-03
3.8895586473E-03    3.8513100619E-03    3.8134343673E-03    3.7759279763E-03
3.7387873352E-03    3.7020089242E-03    3.6655892564E-03    3.6295248779E-03
3.5938123673E-03    3.5584483355E-03    3.5234294255E-03    3.4887523118E-03
3.4544137006E-03    3.4204103288E-03    3.3867389646E-03    3.3533964063E-03
3.3203794830E-03    3.2876850532E-03    3.2553100056E-03    3.2232512582E-03
3.1915057580E-03    3.1600704811E-03    3.1289424322E-03    3.0981186445E-03
3.0675961790E-03    3.0373721250E-03    3.0074435990E-03    2.9778077450E-03
2.9484617342E-03    2.9194027646E-03    2.8906280607E-03    2.8621348734E-03
2.8339204799E-03    2.8059821829E-03    2.7783173111E-03    2.7509232184E-03
2.7237972839E-03    2.6969369117E-03    2.6703395304E-03    2.6440025933E-03
2.6179235779E-03    2.5920999855E-03    2.5665293415E-03    2.5412091946E-03
2.5161371172E-03    2.4913107045E-03    2.4667275748E-03    2.4423853691E-03
2.4182817508E-03    2.3944144057E-03    2.3707810417E-03    2.3473793886E-03
2.3242071976E-03    2.3012622418E-03    2.2785423152E-03    2.2560452332E-03
2.2337688318E-03    2.2117109678E-03    2.1898695186E-03    2.1682423817E-03
2.1468274749E-03    2.1256227358E-03    2.1046261217E-03    2.0838356097E-03
2.0632491959E-03    2.0428648960E-03    2.0226807444E-03    2.0026947944E-03
1.9829051180E-03    1.9633098057E-03    1.9439069664E-03    1.9246947268E-03
1.9056712319E-03    1.8868346444E-03    1.8681831446E-03    1.8497149303E-03
1.8314282166E-03    1.8133212357E-03    1.7953922367E-03    1.7776394859E-03
1.7600612657E-03    1.7426558755E-03    1.7254216307E-03    1.7083568631E-03
1.6914599205E-03    1.6747291666E-03    1.6581629808E-03    1.6417597580E-03
1.6255179088E-03    1.6094358589E-03    1.5935120493E-03    1.5777449358E-03
1.5621329892E-03    1.5466746952E-03    1.5313685538E-03    1.5162130797E-03
1.5012068017E-03    1.4863482629E-03    1.4716360206E-03    1.4570686456E-03
1.4426447230E-03    1.4283628511E-03    1.4142216420E-03    1.4002197212E-03
1.3863557273E-03    1.3726283121E-03    1.3590361406E-03    1.3455778905E-03
1.3322522522E-03    1.3190579291E-03    1.3059936368E-03    1.2930581034E-03
1.2802500694E-03    1.2675682874E-03    1.2550115220E-03    1.2425785500E-03
1.2302681597E-03    1.2180791513E-03    1.2060103367E-03    1.1940605391E-03
1.1822285933E-03    1.1705133452E-03    1.1589136519E-03    1.1474283817E-03
1.1360564138E-03    1.1247966382E-03    1.1136479557E-03    1.1026092779E-03
1.0916795266E-03    1.0808576345E-03    1.0701425442E-03    1.0595332089E-03
1.0490285918E-03    1.0386276662E-03    1.0283294153E-03    1.0181328323E-03
1.0080369201E-03    9.9804069120E-04    9.8814316780E-04    9.7834338156E-04
9.6864037354E-04    9.5903319412E-04    9.4952090290E-04    9.4010256864E-04
9.3077726913E-04    9.2154409112E-04    9.1240213027E-04    9.0335049099E-04
8.9438828643E-04    8.8551463836E-04    8.7672867708E-04    8.6802954137E-04
8.5941637837E-04    8.5088834353E-04    8.4244460052E-04    8.3408432115E-04
8.2580668530E-04    8.1761088083E-04    8.0949610350E-04    8.0146155692E-04
7.9350645244E-04    7.8563000911E-04    7.7783145358E-04    7.7011002004E-04
7.6246495013E-04    7.5489549290E-04    7.4740090472E-04    7.3998044920E-04
7.3263339715E-04    7.2535902646E-04    7.1815662209E-04    7.1102547597E-04
7.0396488694E-04    6.9697416066E-04    6.9005260960E-04    6.8319955291E-04
6.7641431640E-04    6.6969623248E-04    6.6304464004E-04    6.5645888446E-04
6.4993831750E-04    6.4348229724E-04    6.3709018805E-04    6.3076136051E-04
6.2449519132E-04    6.1829106331E-04    6.1214836532E-04    6.0606649217E-04
6.0004484459E-04    5.9408282918E-04    5.8817985833E-04    5.8233535020E-04
5.7654872860E-04    5.7081942302E-04    5.6514686850E-04    5.5953050562E-04
5.5396978043E-04    5.4846414439E-04    5.4301305436E-04    5.3761597249E-04
5.3227236621E-04    5.2698170814E-04    5.2174347610E-04    5.1655715299E-04
5.1142222679E-04    5.0633819050E-04    5.0130454207E-04    4.9632078438E-04
4.9138642518E-04    4.8650097704E-04    4.8166395730E-04    4.7687488805E-04
4.7213329605E-04    4.6743871270E-04    4.6279067400E-04    4.5818872050E-04
4.5363239723E-04    4.4912125373E-04    4.4465484391E-04    4.4023272608E-04
4.3585446288E-04    4.3151962124E-04    4.2722777233E-04    4.2297849155E-04
4.1877135846E-04    4.1460595672E-04    4.1048187410E-04    4.0639870243E-04
4.0235603752E-04    3.9835347915E-04    3.9439063105E-04    3.9046710083E-04
3.8658249993E-04    3.8273644366E-04    3.7892855107E-04    3.7515844495E-04
3.7142575182E-04    3.6773010186E-04    3.6407112887E-04    3.6044847026E-04
3.5686176700E-04    3.5331066361E-04    3.4979480807E-04    3.4631385184E-04
3.4286744979E-04    3.3945526022E-04    3.3607694476E-04    3.3273216838E-04
3.2942059932E-04    3.2614190913E-04    3.2289577255E-04    3.1968186753E-04
3.1649987519E-04    3.1334947981E-04    3.1023036873E-04    3.0714223242E-04
3.0408476434E-04    3.0105766101E-04    2.9806062193E-04    2.9509334955E-04
2.9215554925E-04    2.8924692931E-04    2.8636720089E-04    2.8351607798E-04
2.8069327740E-04    2.7789851876E-04    2.7513152442E-04    2.7239201948E-04
2.6967973174E-04    2.6699439171E-04    2.6433573252E-04    2.6170348995E-04
2.5909740239E-04    2.5651721079E-04    2.5396265865E-04    2.5143349203E-04
2.4892945945E-04    2.4645031194E-04    2.4399580298E-04    2.4156568847E-04
2.3915972671E-04    2.3677767841E-04    2.3441930662E-04    2.3208437674E-04
2.2977265647E-04    2.2748391581E-04    2.2521792702E-04    2.2297446462E-04
2.2075330535E-04    2.1855422814E-04    2.1637701411E-04    2.1422144655E-04
2.1208731086E-04    2.0997439460E-04    2.0788248740E-04    2.0581138096E-04
2.0376086905E-04    2.0173074748E-04    1.9972081406E-04    1.9773086860E-04
1.9576071291E-04    1.9381015072E-04    1.9187898772E-04    1.8996703152E-04
1.8807409162E-04    1.8619997940E-04    1.8434450812E-04    1.8250749287E-04
1.8068875056E-04    1.7888809994E-04    1.7710536152E-04    1.7534035759E-04
1.7359291221E-04    1.7186285116E-04    1.7015000195E-04    1.6845419379E-04
1.6677525759E-04    1.6511302592E-04    1.6346733301E-04    1.6183801472E-04
1.6022490855E-04    1.5862785360E-04    1.5704669054E-04    1.5548126165E-04
1.5393141074E-04    1.5239698318E-04    1.5087782587E-04    1.4937378722E-04
1.4788471714E-04    1.4641046701E-04    1.4495088971E-04    1.4350583954E-04
1.4207517228E-04    1.4065874511E-04    1.3925641663E-04    1.3786804684E-04
1.3649349712E-04    1.3513263023E-04    1.3378531029E-04    1.3245140275E-04
1.3113077440E-04    1.2982329335E-04    1.2852882902E-04    1.2724725211E-04
1.2597843461E-04    1.2472224977E-04    1.2347857211E-04    1.2224727737E-04
1.2102824253E-04    1.1982134580E-04    1.1862646658E-04    1.1744348546E-04
1.1627228424E-04    1.1511274587E-04    1.1396475445E-04    1.1282819524E-04
1.1170295465E-04    1.1058892018E-04    1.0948598049E-04    1.0839402530E-04
1.0731294545E-04    1.0624263286E-04    1.0518298050E-04    1.0413388242E-04
1.0309523372E-04    1.0206693052E-04    1.0104886999E-04    1.0004095032E-04
9.9043070685E-05    9.8055131285E-05    9.7077033292E-05    9.6108678870E-05
9.5149971148E-05    9.4200814213E-05    9.3261113107E-05    9.2330773809E-05
9.1409703234E-05    9.0497809216E-05    8.9595000507E-05    8.8701186760E-05
8.7816278525E-05    8.6940187241E-05    8.6072825222E-05    8.5214105651E-05
8.4363942576E-05    8.3522250896E-05    8.2688946356E-05    8.1863945532E-05
8.1047165832E-05    8.0238525481E-05    7.9437943514E-05    7.8645339772E-05
7.7860634889E-05    7.7083750288E-05    7.6314608170E-05    7.5553131510E-05
7.4799244044E-05    7.4052870264E-05    7.3313935418E-05    7.2582365493E-05
7.1858087207E-05    7.1141028010E-05    7.0431116068E-05    6.9728280263E-05
6.9032450181E-05    6.8343556107E-05    6.7661529019E-05    6.6986300579E-05
6.6317803129E-05    6.5655969681E-05    6.5000733910E-05    6.4352030152E-05
6.3709793398E-05    6.3073959281E-05    6.2444464074E-05    6.1821244683E-05
6.1204238639E-05    6.0593384094E-05    5.9988619816E-05    5.9389885179E-05
5.8797120159E-05    5.8210265329E-05    5.7629261851E-05    5.7054051475E-05
5.6484576522E-05    5.5920779893E-05    5.5362605054E-05    5.4809996035E-05
5.4262897418E-05    5.3721254338E-05    5.3185012474E-05    5.2654118046E-05
5.2128517806E-05    5.1608159036E-05    5.1092989544E-05    5.0582957653E-05
5.0078012202E-05    4.9578102538E-05    4.9083178508E-05    4.8593190461E-05
4.8108089240E-05    4.7627826175E-05    4.7152353082E-05    4.6681622252E-05
4.6215586454E-05    4.5754198923E-05    4.5297413361E-05    4.4845183930E-05
4.4397465246E-05    4.3954212379E-05    4.3515380844E-05    4.3080926596E-05
4.2650806033E-05    4.2224975978E-05    4.1803393693E-05    4.1386016861E-05
4.0972803586E-05    4.0563712388E-05    4.0158702200E-05    3.9757732362E-05
3.9360762621E-05    3.8967753121E-05    3.8578664404E-05    3.8193457406E-05
3.7812093448E-05    3.7434534238E-05    3.7060741864E-05    3.6690678790E-05
3.6324307855E-05    3.5961592270E-05    3.5602495607E-05    3.5246981805E-05
3.4895015157E-05    3.4546560316E-05    3.4201582283E-05    3.3860046409E-05
3.3521918388E-05    3.3187164257E-05    3.2855750391E-05    3.2527643497E-05
3.2202810616E-05    3.1881219117E-05    3.1562836687E-05    3.1247631345E-05
3.0935571423E-05    3.0626625568E-05    3.0320762741E-05    3.0017952210E-05
2.9718163548E-05    2.9421366632E-05    2.9127531641E-05    2.8836629046E-05
2.8548629616E-05    2.8263504409E-05    2.7981224772E-05    2.7701762335E-05