-4.0506512033E-10    1.5528578244E-02    3.1044555847E-02    4.6535372494E-02
6.1988550065E-02    7.7391732202E-02    9.2732723121E-02    1.0799952495E-01
1.2318037325E-01    1.3826377047E-01    1.5323851701E-01    1.6809373973E-01
1.8281891771E-01    1.9740390511E-01    2.1183895106E-01    2.2611471655E-01
2.4022228826E-01    2.5415318950E-01    2.6789938825E-01    2.8145330241E-01
2.9480780260E-01    3.0795621249E-01    3.2089230707E-01    3.3361030902E-01
3.4610488344E-01    3.5837113132E-01    3.7040458187E-01    3.8220118421E-01
3.9375729844E-01    4.0506968655E-01    4.1613550336E-01    4.2695228766E-01
4.3751795373E-01    4.4783078347E-01    4.5788941927E-01    4.6769285751E-01
4.7724044303E-01    4.8653186430E-01    4.9556714941E-01    5.0434666277E-01
5.1287110237E-01    5.2114149755E-01    5.2915920692E-01    5.3692591647E-01
5.4444363750E-01    5.5171470412E-01    5.5874177021E-01    5.6552780542E-01
5.7207609020E-01    5.7839020933E-01    5.8447404407E-01    5.9033176243E-01
5.9596780766E-01    6.0138688462E-01    6.0659394411E-01    6.1159416497E-01
6.1639293398E-01    6.2099582376E-01    6.2540856842E-01    6.2963703741E-01
6.3368720765E-01    6.3756513399E-01    6.4127691860E-01    6.4482867925E-01
6.4822651703E-01    6.5147648384E-01    6.5458454995E-01    6.5755657209E-01
6.6039826252E-01    6.6311515937E-01    6.6571259881E-01    6.6819568927E-01
6.7056928822E-01    6.7283798177E-01    6.7500606743E-01    6.7707754021E-01
6.7905608245E-01    6.8094505733E-01    6.8274750630E-01    6.8446615052E-01
6.8610339610E-01    6.8766134328E-01    6.8914179933E-01    6.9054629492E-01
6.9187610378E-01    6.9313226540E-01    6.9431561016E-01    6.9542678686E-01
6.9646629187E-01    6.9743449966E-01    6.9833169403E-01    6.9915809971E-01
6.9991391372E-01    7.0059933588E-01    7.0121459816E-01    7.0175999224E-01
7.0223589485E-01    7.0264279045E-01    7.0298129097E-01    7.0325215180E-01
7.0345628481E-01    7.0359476729E-01    7.0366882645E-01    7.0367977546E-01
7.0362891577E-01    7.0351751187E-01    7.0334680597E-01    7.0311802818E-01
7.0283238449E-01    7.0249106108E-01    7.0209522439E-01    7.0164602118E-01
7.0114457901E-01    7.0059200647E-01    6.9998939352E-01    6.9933781184E-01
6.9863831508E-01    6.9789193918E-01    6.9709970268E-01    6.9626260697E-01
6.9538163661E-01    6.9445775960E-01    6.9349192764E-01    6.9248507644E-01
6.9143812593E-01    6.9035198055E-01    6.8922752953E-01    6.8806564709E-01
6.8686719273E-01    6.8563301147E-01    6.8436393406E-01    6.8306077725E-01
6.8172434398E-01    6.8035542368E-01    6.7895479239E-01    6.7752321308E-01
6.7606143579E-01    6.7457019790E-01    6.7305022429E-01    6.7150222756E-01
6.6992690826E-01    6.6832495505E-01    6.6669704489E-01    6.6504384326E-01
6.6336600433E-01    6.6166417116E-01    6.5993897583E-01    6.5819103969E-01
6.5642097348E-01    6.5462937750E-01    6.5281684183E-01    6.5098394643E-01
6.4913126134E-01    6.4725934683E-01    6.4536875356E-01    6.4346002272E-01
6.4153368619E-01    6.3959026668E-01    6.3763027789E-01    6.3565422464E-01
6.3366260303E-01    6.3165590052E-01    6.2963459615E-01    6.2759916060E-01
6.2555005635E-01    6.2348773783E-01    6.2141265150E-01    6.1932523600E-01
6.1722592227E-01    6.1511513366E-01    6.1299328607E-01    6.1086078802E-01
6.0871804082E-01    6.0656543864E-01    6.0440336863E-01    6.0223221104E-01
6.0005233930E-01    5.9786412014E-01    5.9566791372E-01    5.9346407366E-01
5.9125294720E-01    5.8903487528E-01    5.8681019263E-01    5.8457922787E-01
5.8234230357E-01    5.8009973642E-01    5.7785183723E-01    5.7559891106E-01
5.7334125733E-01    5.7107916984E-01    5.6881293693E-01    5.6654284150E-01
5.6426916112E-01    5.6199216811E-01    5.5971212962E-01    5.5742930770E-01
5.5514395937E-01    5.5285633671E-01    5.5056668693E-01    5.4827525244E-01
5.4598227093E-01    5.4368797542E-01    5.4139259435E-01    5.3909635165E-01
5.3679946679E-01    5.3450215487E-01    5.3220462666E-01    5.2990708869E-01
5.2760974330E-01    5.2531278870E-01    5.2301641905E-01    5.2072082451E-01
5.1842619129E-01    5.1613270172E-01    5.1384053433E-01    5.1154986387E-01
5.0926086139E-01    5.0697369429E-01    5.0468852639E-01    5.0240551796E-01
5.0012482581E-01    4.9784660329E-01    4.9557100040E-01    4.9329816382E-01
4.9102823694E-01    4.8876135995E-01    4.8649766987E-01    4.8423730058E-01
4.8198038293E-01    4.7972704470E-01    4.7747741075E-01    4.7523160297E-01
4.7298974041E-01    4.7075193925E-01    4.6851831291E-01    4.6628897206E-01
4.6406402468E-01    4.6184357608E-01    4.5962772898E-01    4.5741658351E-01
4.5521023731E-01    4.5300878551E-01    4.5081232080E-01    4.4862093348E-01
4.4643471148E-01    4.4425374041E-01    4.4207810362E-01    4.3990788218E-01
4.3774315498E-01    4.3558399874E-01    4.3343048804E-01    4.3128269538E-01
4.2914069119E-01    4.2700454390E-01    4.2487431992E-01    4.2275008375E-01
4.2063189794E-01    4.1851982317E-01    4.1641391827E-01    4.1431424026E-01
4.1222084437E-01    4.1013378408E-01    4.0805311115E-01    4.0597887566E-01
4.0391112602E-01    4.0184990901E-01    3.9979526984E-01    3.9774725212E-01
3.9570589795E-01    3.9367124789E-01    3.9164334105E-01    3.8962221507E-01
3.8760790618E-01    3.8560044918E-01    3.8359987754E-01    3.8160622335E-01
3.7961951741E-01    3.7763978920E-01    3.7566706695E-01    3.7370137765E-01
3.7174274706E-01    3.6979119975E-01    3.6784675912E-01    3.6590944742E-01
3.6397928579E-01    3.6205629424E-01    3.6014049174E-01    3.5823189616E-01
3.5633052437E-01    3.5443639222E-01    3.5254951455E-01    3.5066990524E-01
3.4879757722E-01    3.4693254249E-01    3.4507481212E-01    3.4322439631E-01
3.4138130438E-01    3.3954554479E-01    3.3771712516E-01    3.3589605231E-01
3.3408233223E-01    3.3227597016E-01    3.3047697055E-01    3.2868533711E-01
3.2690107282E-01    3.2512417994E-01    3.2335466003E-01    3.2159251398E-01
3.1983774198E-01    3.1809034360E-01    3.1635031775E-01    3.1461766274E-01
3.1289237623E-01    3.1117445533E-01    3.0946389654E-01    3.0776069581E-01
3.0606484852E-01    3.0437634952E-01    3.0269519314E-01    3.0102137317E-01
2.9935488291E-01    2.9769571518E-01    2.9604386231E-01    2.9439931618E-01
2.9276206817E-01    2.9113210928E-01    2.8950943002E-01    2.8789402052E-01
2.8628587047E-01    2.8468496918E-01    2.8309130555E-01    2.8150486812E-01
2.7992564504E-01    2.7835362412E-01    2.7678879279E-01    2.7523113818E-01
2.7368064704E-01    2.7213730583E-01    2.7060110068E-01    2.6907201742E-01
2.6755004156E-01    2.6603515836E-01    2.6452735277E-01    2.6302660946E-01
2.6153291285E-01    2.6004624710E-01    2.5856659611E-01    2.5709394354E-01
2.5562827281E-01    2.5416956711E-01    2.5271780941E-01    2.5127298246E-01
2.4983506880E-01    2.4840405076E-01    2.4697991049E-01    2.4556262993E-01
2.4415219083E-01    2.4274857479E-01    2.4135176319E-01    2.3996173729E-01
2.3857847815E-01    2.3720196669E-01    2.3583218366E-01    2.3446910969E-01
2.3311272524E-01    2.3176301065E-01    2.3041994611E-01    2.2908351169E-01
2.2775368735E-01    2.2643045291E-01    2.2511378807E-01    2.2380367245E-01
2.2250008552E-01    2.2120300669E-01    2.1991241525E-01    2.1862829038E-01
2.1735061119E-01    2.1607935671E-01    2.1481450586E-01    2.1355603749E-01
2.1230393038E-01    2.1105816322E-01    2.0981871466E-01    2.0858556324E-01
2.0735868747E-01    2.0613806579E-01    2.0492367657E-01    2.0371549814E-01
2.0251350876E-01    2.0131768666E-01    2.0012801000E-01    1.9894445693E-01
1.9776700552E-01    1.9659563382E-01    1.9543031985E-01    1.9427104158E-01
1.9311777694E-01    1.9197050386E-01    1.9082920023E-01    1.8969384389E-01
1.8856441269E-01    1.8744088445E-01    1.8632323696E-01    1.8521144799E-01
1.8410549531E-01    1.8300535668E-01    1.8191100982E-01    1.8082243247E-01
1.7973960235E-01    1.7866249716E-01    1.7759109462E-01    1.7652537244E-01
1.7546530831E-01    1.7441087993E-01    1.7336206502E-01    1.7231884128E-01
1.7128118642E-01    1.7024907816E-01    1.6922249422E-01    1.6820141235E-01
1.6718581027E-01    1.6617566575E-01    1.6517095654E-01    1.6417166044E-01
1.6317775524E-01    1.6218921873E-01    1.6120602877E-01    1.6022816318E-01
1.5925559983E-01    1.5828831661E-01    1.5732629143E-01    1.5636950221E-01
1.5541792691E-01    1.5447154350E-01    1.5353032999E-01    1.5259426439E-01
1.5166332477E-01    1.5073748921E-01    1.4981673583E-01    1.4890104275E-01
1.4799038816E-01    1.4708475026E-01    1.4618410727E-01    1.4528843748E-01
1.4439771918E-01    1.4351193070E-01    1.4263105043E-01    1.4175505676E-01
1.4088392814E-01    1.4001764304E-01    1.3915618000E-01    1.3829951755E-01
1.3744763431E-01    1.3660050890E-01    1.3575812000E-01    1.3492044632E-01
1.3408746663E-01    1.3325915973E-01    1.3243550445E-01    1.3161647968E-01
1.3080206436E-01    1.2999223745E-01    1.2918697798E-01    1.2838626500E-01
1.2759007763E-01    1.2679839502E-01    1.2601119637E-01    1.2522846094E-01
1.2445016802E-01    1.2367629695E-01    1.2290682713E-01    1.2214173800E-01
1.2138100905E-01    1.2062461982E-01    1.1987254991E-01    1.1912477895E-01
1.1838128663E-01    1.1764205270E-01    1.1690705696E-01    1.1617627924E-01
1.1544969946E-01    1.1472729755E-01    1.1400905354E-01    1.1329494746E-01
1.1258495944E-01    1.1187906964E-01    1.1117725829E-01    1.1047950564E-01
1.0978579204E-01    1.0909609786E-01    1.0841040355E-01    1.0772868960E-01
1.0705093656E-01    1.0637712503E-01    1.0570723569E-01    1.0504124925E-01
1.0437914649E-01    1.0372090823E-01    1.0306651539E-01    1.0241594889E-01
1.0176918975E-01    1.0112621903E-01    1.0048701786E-01    9.9851567417E-02
9.9219848941E-02    9.8591843732E-02    9.7967533146E-02    9.7346898602E-02
9.6729921576E-02    9.6116583603E-02    9.5506866280E-02    9.4900751263E-02
9.4298220267E-02    9.3699255067E-02    9.3103837502E-02    9.2511949466E-02
9.1923572919E-02    9.1338689877E-02    9.0757282421E-02    9.0179332691E-02
8.9604822887E-02    8.9033735273E-02    8.8466052173E-02    8.7901755973E-02
8.7340829119E-02    8.6783254122E-02    8.6229013551E-02    8.5678090039E-02
8.5130466282E-02    8.4586125036E-02    8.4045049120E-02    8.3507221416E-02
8.2972624867E-02    8.2441242479E-02    8.1913057321E-02    8.1388052524E-02
8.0866211282E-02    8.0347516851E-02    7.9831952549E-02    7.9319501759E-02
7.8810147926E-02    7.8303874556E-02    7.7800665221E-02    7.7300503553E-02
7.6803373249E-02    7.6309258067E-02    7.5818141830E-02    7.5330008423E-02
7.4844841795E-02    7.4362625956E-02    7.3883344981E-02    7.3406983007E-02
7.2933524235E-02    7.2462952928E-02    7.1995253412E-02    7.1530410079E-02
7.1068407379E-02    7.0609229830E-02    7.0152862009E-02    6.9699288559E-02
6.9248494185E-02    6.8800463654E-02    6.8355181797E-02    6.7912633508E-02
6.7472803743E-02    6.7035677522E-02    6.6601239927E-02    6.6169476103E-02
6.5740371258E-02    6.5313910662E-02    6.4890079648E-02    6.4468863611E-02
6.4050248011E-02    6.3634218368E-02    6.3220760264E-02    6.2809859346E-02
6.2401501320E-02    6.1995671957E-02    6.1592357090E-02    6.1191542611E-02
6.0793214478E-02    6.0397358708E-02    6.0003961382E-02    5.9613008642E-02
5.9224486690E-02    5.8838381792E-02    5.8454680274E-02    5.8073368525E-02
5.7694432994E-02    5.7317860192E-02    5.6943636689E-02    5.6571749120E-02
5.6202184178E-02    5.5834928618E-02    5.5469969254E-02    5.5107292963E-02
5.4746886682E-02    5.4388737407E-02    5.4032832197E-02    5.3679158167E-02
5.3327702496E-02    5.2978452421E-02    5.2631395240E-02    5.2286518310E-02
5.1943809047E-02    5.1603254927E-02    5.1264843486E-02    5.0928562319E-02
5.0594399080E-02    5.0262341481E-02    4.9932377293E-02    4.9604494348E-02
4.9278680533E-02    4.8954923797E-02    4.8633212144E-02    4.8313533638E-02
4.7995876402E-02    4.7680228613E-02    4.7366578511E-02    4.7054914388E-02
4.6745224598E-02    4.6437497551E-02    4.6131721711E-02    4.5827885604E-02
4.5525977809E-02    4.5225986964E-02    4.4927901761E-02    4.4631710951E-02
4.4337403340E-02    4.4044967789E-02    4.3754393217E-02    4.3465668598E-02
4.3178782960E-02    4.2893725389E-02    4.2610485023E-02    4.2329051059E-02
4.2049412744E-02    4.1771559385E-02    4.1495480341E-02    4.1221165023E-02
4.0948602902E-02    4.0677783497E-02    4.0408696384E-02    4.0141331194E-02
3.9875677609E-02    3.9611725364E-02    3.9349464250E-02    3.9088884109E-02
3.8829974836E-02    3.8572726380E-02    3.8317128739E-02    3.8063171969E-02
3.7810846172E-02    3.7560141506E-02    3.7311048180E-02    3.7063556454E-02
3.6817656639E-02    3.6573339099E-02    3.6330594247E-02    3.6089412548E-02
3.5849784517E-02    3.5611700721E-02    3.5375151776E-02    3.5140128348E-02
3.4906621154E-02    3.4674620960E-02    3.4444118581E-02    3.4215104884E-02
3.3987570781E-02    3.3761507238E-02    3.3536905265E-02    3.3313755924E-02
3.3092050324E-02    3.2871779623E-02    3.2652935027E-02    3.2435507790E-02
3.2219489212E-02    3.2004870643E-02    3.1791643479E-02    3.1579799164E-02
3.1369329188E-02    3.1160225087E-02    3.0952478447E-02    3.0746080897E-02
3.0541024114E-02    3.0337299820E-02    3.0134899783E-02    2.9933815817E-02
2.9734039782E-02    2.9535563582E-02    2.9338379168E-02    2.9142478533E-02
2.8947853717E-02    2.8754496804E-02    2.8562399922E-02    2.8371555244E-02
2.8181954985E-02    2.7993591406E-02    2.7806456810E-02    2.7620543544E-02
2.7435843999E-02    2.7252350607E-02    2.7070055844E-02    2.6888952230E-02
2.6709032325E-02    2.6530288732E-02    2.6352714096E-02    2.6176301106E-02
2.6001042489E-02    2.5826931017E-02    2.5653959501E-02    2.5482120793E-02
2.5311407787E-02    2.5141813419E-02    2.4973330663E-02    2.4805952534E-02
2.4639672088E-02    2.4474482421E-02    2.4310376669E-02    2.4147348006E-02
2.3985389646E-02    2.3824494845E-02    2.3664656894E-02    2.3505869126E-02
2.3348124911E-02    2.3191417658E-02    2.3035740814E-02    2.2881087866E-02
2.2727452336E-02    2.2574827786E-02    2.2423207815E-02    2.2272586060E-02
2.2122956193E-02    2.1974311927E-02    2.1826647008E-02    2.1679955221E-02
2.1534230387E-02    2.1389466363E-02    2.1245657042E-02    2.1102796355E-02
2.0960878266E-02    2.0819896776E-02    2.0679845923E-02    2.0540719776E-02
2.0402512444E-02    2.0265218069E-02    2.0128830826E-02    1.9993344927E-02
1.9858754617E-02    1.9725054177E-02    1.9592237920E-02    1.9460300195E-02
1.9329235382E-02    1.9199037897E-02    1.9069702188E-02    1.8941222738E-02
1.8813594060E-02    1.8686810703E-02    1.8560867247E-02    1.8435758305E-02
1.8311478523E-02    1.8188022577E-02    1.8065385177E-02    1.7943561065E-02
1.7822545014E-02    1.7702331828E-02    1.7582916345E-02    1.7464293430E-02
1.7346457982E-02    1.7229404931E-02    1.7113129236E-02    1.6997625888E-02
1.6882889908E-02    1.6768916347E-02    1.6655700286E-02    1.6543236836E-02
1.6431521138E-02    1.6320548364E-02    1.6210313711E-02    1.6100812411E-02
1.5992039721E-02    1.5883990929E-02    1.5776661350E-02    1.5670046330E-02
1.5564141241E-02    1.5458941486E-02    1.5354442494E-02    1.5250639724E-02
1.5147528661E-02    1.5045104818E-02    1.4943363737E-02    1.4842300986E-02
1.4741912161E-02    1.4642192885E-02    1.4543138808E-02    1.4444745607E-02
1.4347008985E-02    1.4249924673E-02    1.4153488426E-02    1.4057696028E-02
1.3962543287E-02    1.3868026039E-02    1.3774140142E-02    1.3680881485E-02
1.3588245978E-02    1.3496229560E-02    1.3404828191E-02    1.3314037860E-02
1.3223854579E-02    1.3134274386E-02    1.3045293342E-02    1.2956907535E-02
1.2869113074E-02    1.2781906095E-02    1.2695282758E-02    1.2609239246E-02
1.2523771766E-02    1.2438876549E-02    1.2354549849E-02    1.2270787944E-02
1.2187587137E-02    1.2104943750E-02    1.2022854132E-02    1.1941314653E-02
1.1860321706E-02    1.1779871707E-02    1.1699961095E-02    1.1620586331E-02
1.1541743896E-02    1.1463430298E-02    1.1385642063E-02    1.1308375739E-02
1.1231627899E-02    1.1155395135E-02    1.1079674059E-02    1.1004461309E-02
1.0929753541E-02    1.0855547433E-02    1.0781839682E-02    1.0708627010E-02
1.0635906157E-02    1.0563673884E-02    1.0491926972E-02    1.0420662224E-02
1.0349876462E-02    1.0279566528E-02    1.0209729286E-02    1.0140361618E-02
1.0071460425E-02    1.0003022631E-02    9.9350451770E-03    9.8675250238E-03
9.8004591520E-03    9.7338445614E-03    9.6676782708E-03    9.6019573181E-03
9.5366787599E-03    9.4718396718E-03    9.4074371480E-03    9.3434683014E-03
9.2799302630E-03    9.2168201825E-03    9.1541352276E-03    9.0918725843E-03
9.0300294566E-03    8.9686030662E-03    8.9075906529E-03    8.8469894739E-03
8.7867968042E-03    8.7270099362E-03    8.6676261798E-03    8.6086428619E-03
8.5500573269E-03    8.4918669359E-03    8.4340690674E-03    8.3766611164E-03
8.3196404949E-03    8.2630046313E-03    8.2067509708E-03    8.1508769749E-03
8.0953801216E-03    8.0402579050E-03    7.9855078355E-03    7.9311274394E-03
7.8771142592E-03    7.8234658531E-03    7.7701797950E-03    7.7172536747E-03
7.6646850974E-03    7.6124716838E-03    7.5606110701E-03    7.5091009077E-03
7.4579388632E-03    7.4071226183E-03    7.3566498698E-03    7.3065183293E-03
7.2567257235E-03    7.2072697934E-03    7.1581482950E-03    7.1093589988E-03
7.0608996897E-03    7.0127681669E-03    6.9649622442E-03    6.9174797493E-03
6.8703185241E-03    6.8234764246E-03    6.7769513207E-03    6.7307410961E-03
6.6848436485E-03    6.6392568889E-03    6.5939787423E-03    6.5490071469E-03
6.5043400546E-03    6.4599754304E-03    6.4159112528E-03    6.3721455134E-03
6.3286762167E-03    6.2855013806E-03    6.2426190357E-03    6.2000272254E-03
6.1577240060E-03    6.1157074467E-03    6.0739756288E-03    6.0325266467E-03
5.9913586069E-03    5.9504696285E-03    5.9098578426E-03    5.8695213929E-03
5.8294584351E-03    5.7896671370E-03    5.7501456782E-03    5.7108922506E-03
5.6719050577E-03    5.6331823149E-03    5.5947222491E-03    5.5565230991E-03
5.5185831150E-03    5.4809005587E-03    5.4434737032E-03    5.4063008331E-03
5.3693802440E-03    5.3327102430E-03    5.2962891480E-03    5.2601152882E-03
5.2241870038E-03    5.1885026458E-03    5.1530605759E-03    5.1178591670E-03
5.0828968025E-03    5.0481718762E-03    5.0136827928E-03    4.9794279675E-03
4.9454058258E-03    4.9116148035E-03    4.8780533471E-03    4.8447199129E-03
4.8116129676E-03    4.7787309881E-03    4.7460724611E-03    4.7136358834E-03
4.6814197619E-03    4.6494226132E-03    4.6176429636E-03    4.5860793493E-03
4.5547303161E-03    4.5235944194E-03    4.4926702244E-03    4.4619563053E-03
4.4314512461E-03    4.4011536401E-03    4.3710620899E-03    4.3411752072E-03
4.3114916132E-03    4.2820099379E-03    4.2527288206E-03    4.2236469095E-03
4.1947628619E-03    4.1660753437E-03    4.1375830300E-03    4.1092846045E-03
4.0811787595E-03    4.0532641964E-03    4.0255396246E-03    3.9980037627E-03
3.9706553374E-03    3.9434930839E-03    3.9165157460E-03    3.8897220755E-03
3.8631108329E-03    3.8366807866E-03    3.8104307134E-03    3.7843593981E-03
3.7584656336E-03    3.7327482208E-03    3.7072059688E-03    3.6818376943E-03
3.6566422220E-03    3.6316183845E-03    3.6067650221E-03    3.5820809828E-03
3.5575651223E-03    3.5332163039E-03    3.5090333986E-03    3.4850152847E-03
3.4611608480E-03    3.4374689820E-03    3.4139385872E-03    3.3905685718E-03
3.3673578509E-03    3.3443053471E-03    3.3214099902E-03    3.2986707169E-03
3.2760864712E-03    3.2536562042E-03    3.2313788737E-03    3.2092534448E-03
3.1872788893E-03    3.1654541859E-03    3.1437783202E-03    3.1222502846E-03
3.1008690780E-03    3.0796337062E-03    3.0585431816E-03    3.0375965232E-03
3.0167927565E-03    2.9961309137E-03    2.9756100332E-03    2.9552291600E-03
2.9349873455E-03    2.9148836474E-03    2.8949171297E-03    2.8750868627E-03
2.8553919229E-03    2.8358313929E-03    2.8164043616E-03    2.7971099240E-03
2.7779471810E-03    2.7589152396E-03    2.7400132128E-03    2.7212402197E-03
2.7025953849E-03    2.6840778392E-03    2.6656867193E-03    2.6474211673E-03
2.6292803314E-03    2.6112633654E-03    2.5933694288E-03    2.5755976866E-03
2.5579473096E-03    2.5404174740E-03    2.5230073618E-03    2.5057161600E-03
2.4885430616E-03    2.4714872647E-03    2.4545479728E-03    2.4377243949E-03
2.4210157452E-03    2.4044212432E-03    2.3879401136E-03    2.3715715864E-03
2.3553148967E-03    2.3391692849E-03    2.3231339962E-03    2.3072082811E-03
2.2913913952E-03    2.2756825989E-03    2.2600811577E-03    2.2445863420E-03
2.2291974272E-03    2.2139136934E-03    2.1987344257E-03    2.1836589140E-03
2.1686864528E-03    2.1538163416E-03    2.1390478845E-03    2.1243803902E-03
2.1098131723E-03    2.0953455487E-03    2.0809768422E-03    2.0667063799E-03
2.0525334936E-03    2.0384575195E-03    2.0244777985E-03    2.0105936757E-03
1.9968045006E-03    1.9831096273E-03    1.9695084140E-03    1.9560002235E-03
1.9425844226E-03    1.9292603827E-03    1.9160274791E-03    1.9028850916E-03
1.8898326040E-03    1.8768694044E-03    1.8639948848E-03    1.8512084416E-03
1.8385094750E-03    1.8258973895E-03    1.8133715934E-03    1.8009314992E-03
1.7885765232E-03    1.7763060856E-03    1.7641196108E-03    1.7520165268E-03
1.7399962656E-03    1.7280582630E-03    1.7162019586E-03    1.7044267958E-03
1.6927322218E-03    1.6811176875E-03    1.6695826474E-03    1.6581265600E-03
1.6467488872E-03    1.6354490945E-03    1.6242266513E-03    1.6130810302E-03
1.6020117077E-03    1.5910181636E-03    1.5800998815E-03    1.5692563481E-03
1.5584870541E-03    1.5477914930E-03    1.5371691624E-03    1.5266195627E-03
1.5161421981E-03    1.5057365760E-03    1.4954022071E-03    1.4851386055E-03
1.4749452884E-03    1.4648217767E-03    1.4547675940E-03    1.4447822675E-03
1.4348653275E-03    1.4250163074E-03    1.4152347439E-03    1.4055201767E-03
1.3958721488E-03    1.3862902061E-03    1.3767738977E-03    1.3673227757E-03
1.3579363952E-03    1.3486143144E-03    1.3393560946E-03    1.3301612998E-03
1.3210294971E-03    1.3119602565E-03    1.3029531511E-03    1.2940077566E-03
1.2851236518E-03    1.2763004182E-03    1.2675376403E-03    1.2588349052E-03
1.2501918032E-03    1.2416079268E-03    1.2330828718E-03    1.2246162364E-03
1.2162076217E-03    1.2078566315E-03    1.1995628722E-03    1.1913259529E-03
1.1831454854E-03    1.1750210841E-03    1.1669523660E-03    1.1589389508E-03
1.1509804606E-03    1.1430765203E-03    -999999   -999999