-3.2179536813E-11    4.1634938820E-02    8.3214654550E-02    1.2468405371E-01
1.6598830183E-01    2.0707295197E-01    2.4788407202E-01    2.8836837050E-01
3.2847332041E-01    3.6814728073E-01    4.0733961529E-01    4.4600080854E-01
4.8408257794E-01    5.2153798262E-01    5.5832152792E-01    5.9438926561E-01
6.2969888931E-01    6.6420982502E-01    6.9788331630E-01    7.3068250397E-01
7.6257250002E-01    7.9352045554E-01    8.2349562247E-01    8.5246940893E-01
8.8041542810E-01    9.0730954034E-01    9.3312988860E-01    9.5785692695E-01
9.8147344214E-01    1.0039645683E+00    1.0253177944E+00    1.0455229653E+00
1.0645722750E+00    1.0824602542E+00    1.0991837497E+00    1.1147418987E+00
1.1291360952E+00    1.1423699512E+00    1.1544492509E+00    1.1653818997E+00
1.1751778673E+00    1.1838491250E+00    1.1914095785E+00    1.1978749959E+00
1.2032629305E+00    1.2075926405E+00    1.2108850040E+00    1.2131624312E+00
1.2144487731E+00    1.2147692283E+00    1.2141502463E+00    1.2126194305E+00
1.2102054381E+00    1.2069378806E+00    1.2028472218E+00    1.1979646774E+00
1.1923221132E+00    1.1859519448E+00    1.1788870372E+00    1.1711606069E+00
1.1628061240E+00    1.1538572177E+00    1.1443475826E+00    1.1343108886E+00
1.1237806931E+00    1.1127903560E+00    1.1013729579E+00    1.0895612229E+00
1.0773874429E+00    1.0648834081E+00    1.0520803394E+00    1.0390088260E+00
1.0256987674E+00    1.0121793181E+00    9.9847883880E-01    9.8462484970E-01
9.7064398980E-01    9.5656197967E-01    9.4240358875E-01    9.2819260687E-01
9.1395181997E-01    8.9970298993E-01    8.8546683839E-01    8.7126303448E-01
8.5711018642E-01    8.4302583670E-01    8.2902646083E-01    8.1512746955E-01
8.0134321415E-01    7.8768699503E-01    7.7417107313E-01    7.6080668412E-01
7.4760405523E-01    7.3457242459E-01    7.2172006277E-01    7.0905429651E-01
6.9658153443E-01    6.8430729453E-01    6.7223623337E-01    6.6037217679E-01
6.4871815193E-01    6.3727642054E-01    6.2604851336E-01    6.1503526538E-01
6.0423685203E-01    5.9365282598E-01    5.8328215449E-01    5.7312325726E-01
5.6317404459E-01    5.5343195569E-01    5.4389399718E-01    5.3455678151E-01
5.2541656531E-01    5.1646928749E-01    5.0771060706E-01    4.9913594045E-01
4.9074049842E-01    4.8251932227E-01    4.7446731939E-01    4.6657929799E-01
4.5885000091E-01    4.5127413851E-01    4.4384642046E-01    4.3656158632E-01
4.2941443499E-01    4.2239985272E-01    4.1551283983E-01    4.0874853585E-01
4.0210224321E-01    3.9556944923E-01    3.8914584649E-01    3.8282735142E-01
3.7661012114E-01    3.7049056841E-01    3.6446537471E-01    3.5853150143E-01
3.5268619916E-01    3.4692701479E-01    3.4125179612E-01    3.3565869697E-01
3.3014617615E-01    3.2471299736E-01    3.1935816813E-01    3.1408087095E-01
3.0888029716E-01    3.0375558687E-01    2.9870589653E-01    2.9373038684E-01
2.8882821814E-01    2.8399855365E-01    2.7924056073E-01    2.7455341190E-01
2.6993628600E-01    2.6538836929E-01    2.6090885655E-01    2.5649695220E-01
2.5215187123E-01    2.4787284018E-01    2.4365909803E-01    2.3950989685E-01
2.3542450250E-01    2.3140219498E-01    2.2744226875E-01    2.2354403271E-01
2.1970681001E-01    2.1592993755E-01    2.1221276523E-01    2.0855465485E-01
2.0495497873E-01    2.0141311799E-01    1.9792846060E-01    1.9450039903E-01
1.9112832777E-01    1.8781164066E-01    1.8454972807E-01    1.8134197411E-01
1.7818775397E-01    1.7508643144E-01    1.7203735680E-01    1.6903986515E-01
1.6609327548E-01    1.6319689006E-01    1.6034999504E-01    1.5755186117E-01
1.5480174570E-01    1.5209889451E-01    1.4944254481E-01    1.4683192817E-01
1.4426627349E-01    1.4174481020E-01    1.3926677113E-01    1.3683139512E-01
1.3443792947E-01    1.3208563171E-01    1.2977377132E-01    1.2750163081E-01
1.2526850653E-01    1.2307370925E-01    1.2091656436E-01    1.1879641190E-01
1.1671260646E-01    1.1466451681E-01    1.1265152566E-01    1.1067302913E-01
1.0872843635E-01    1.0681716894E-01    1.0493866051E-01    1.0309235623E-01
1.0127771233E-01    9.9494195684E-02    9.7741283367E-02    9.6018462296E-02
9.4325228857E-02    9.2661088567E-02    9.1025555772E-02    8.9418153356E-02
8.7838412479E-02    8.6285872334E-02    8.4760079927E-02    8.3260589860E-02
8.1786964148E-02    8.0338772036E-02    7.8915589831E-02    7.7517000751E-02
7.6142594776E-02    7.4791968509E-02    7.3464725053E-02    7.2160473879E-02
7.0878830717E-02    6.9619417440E-02    6.8381861962E-02    6.7165798129E-02
6.5970865625E-02    6.4796709878E-02    6.3642981962E-02    6.2509338516E-02
6.1395441649E-02    6.0300958861E-02    5.9225562960E-02    5.8168931978E-02
5.7130749094E-02    5.6110702560E-02    5.5108485619E-02    5.4123796437E-02
5.3156338025E-02    5.2205818170E-02    5.1271949363E-02    5.0354448729E-02
4.9453037962E-02    4.8567443251E-02    4.7697395221E-02    4.6842628860E-02
4.6002883460E-02    4.5177902549E-02    4.4367433832E-02    4.3571229126E-02
4.2789044296E-02    4.2020639202E-02    4.1265777632E-02    4.0524227246E-02
3.9795759518E-02    3.9080149677E-02    3.8377176650E-02    3.7686623010E-02
3.7008274913E-02    3.6341922051E-02    3.5687357593E-02    3.5044378134E-02
3.4412783641E-02    3.3792377401E-02    3.3182965974E-02    3.2584359136E-02
3.1996369833E-02    3.1418814129E-02    3.0851511163E-02    3.0294283094E-02
2.9746955058E-02    2.9209355121E-02    2.8681314231E-02    2.8162666174E-02
2.7653247531E-02    2.7152897629E-02    2.6661458502E-02    2.6178774845E-02
2.5704693976E-02    2.5239065789E-02    2.4781742714E-02    2.4332579679E-02
2.3891434070E-02    2.3458165687E-02    2.3032636710E-02    2.2614711658E-02
2.2204257353E-02    2.1801142881E-02    2.1405239557E-02    2.1016420888E-02
2.0634562538E-02    2.0259542289E-02    1.9891240016E-02    1.9529537641E-02
1.9174319108E-02    1.8825470348E-02    1.8482879244E-02    1.8146435602E-02
1.7816031118E-02    1.7491559345E-02    1.7172915668E-02    1.6859997267E-02
1.6552703092E-02    1.6250933834E-02    1.5954591891E-02    1.5663581346E-02
1.5377807937E-02    1.5097179025E-02    1.4821603575E-02    1.4550992124E-02
1.4285256754E-02    1.4024311071E-02    1.3768070175E-02    1.3516450638E-02
1.3269370478E-02    1.3026749134E-02    1.2788507444E-02    1.2554567620E-02
1.2324853227E-02    1.2099289159E-02    1.1877801613E-02    1.1660318076E-02
1.1446767293E-02    1.1237079253E-02    1.1031185166E-02    1.0829017440E-02
1.0630509665E-02    1.0435596589E-02    1.0244214101E-02    1.0056299209E-02
9.8717900258E-03    9.6906257440E-03    9.5127466226E-03    9.3380939664E-03
9.1666101090E-03    8.9982383952E-03    8.8329231633E-03    8.6706097289E-03
8.5112443674E-03    8.3547742983E-03    8.2011476686E-03    8.0503135371E-03
7.9022218586E-03    7.7568234690E-03    7.6140700695E-03    7.4739142123E-03
7.3363092857E-03    7.2012095000E-03    7.0685698730E-03    6.9383462163E-03
6.8104951216E-03    6.6849739473E-03    6.5617408051E-03    6.4407545473E-03
6.3219747538E-03    6.2053617193E-03    6.0908764416E-03    5.9784806088E-03
5.8681365876E-03    5.7598074116E-03    5.6534567696E-03    5.5490489943E-03
5.4465490511E-03    5.3459225272E-03    5.2471356209E-03    5.1501551304E-03
5.0549484442E-03    4.9614835302E-03    4.8697289258E-03    4.7796537280E-03
4.6912275837E-03    4.6044206801E-03    4.5192037351E-03    4.4355479882E-03
4.3534251914E-03    4.2728076000E-03    4.1936679643E-03    4.1159795203E-03
4.0397159817E-03    3.9648515314E-03    3.8913608131E-03    3.8192189234E-03
3.7484014039E-03    3.6788842333E-03    3.6106438196E-03    3.5436569928E-03
3.4779009975E-03    3.4133534853E-03    3.3499925080E-03    3.2877965103E-03
3.2267443230E-03    3.1668151562E-03    3.1079885927E-03    3.0502445812E-03
2.9935634300E-03    2.9379258009E-03    2.8833127024E-03    2.8297054839E-03
2.7770858300E-03    2.7254357540E-03    2.6747375923E-03    2.6249739990E-03
2.5761279396E-03    2.5281826863E-03    2.4811218120E-03    2.4349291853E-03
2.3895889648E-03    2.3450855947E-03    2.3014037990E-03    2.2585285770E-03
2.2164451982E-03    2.1751391978E-03    2.1345963714E-03    2.0948027712E-03
2.0557447005E-03    2.0174087102E-03    1.9797815935E-03    1.9428503825E-03
1.9066023429E-03    1.8710249709E-03    1.8361059885E-03    1.8018333394E-03
1.7681951855E-03    1.7351799026E-03    1.7027760768E-03    1.6709725008E-03
1.6397581700E-03    1.6091222790E-03    1.5790542182E-03    1.5495435701E-03
1.5205801057E-03    1.4921537819E-03    1.4642547370E-03    1.4368732887E-03
1.4099999298E-03    1.3836253260E-03    1.3577403121E-03    1.3323358893E-03
1.3074032223E-03    1.2829336361E-03    1.2589186134E-03    1.2353497916E-03
1.2122189601E-03    1.1895180576E-03    1.1672391694E-03    1.1453745246E-03
1.1239164939E-03    1.1028575867E-03    1.0821904488E-03    1.0619078600E-03
1.0420027314E-03    1.0224681033E-03    1.0032971431E-03    9.8448314234E-04
9.6601951507E-04    9.4789979543E-04    9.3011763550E-04    9.1266680317E-04
8.9554118007E-04    8.7873475953E-04    8.6224164457E-04    8.4605604590E-04
8.3017228001E-04    8.1458476725E-04    7.9928802995E-04    7.8427669060E-04
7.6954547002E-04    7.5508918562E-04    7.4090274963E-04    7.2698116740E-04
7.1331953569E-04    6.9991304108E-04    6.8675695829E-04    6.7384664861E-04
6.6117755835E-04    6.4874521727E-04    6.3654523709E-04    6.2457331000E-04
6.1282520724E-04    6.0129677761E-04    5.8998394610E-04    5.7888271251E-04
5.6798915006E-04    5.5729940414E-04    5.4680969091E-04    5.3651629608E-04
5.2641557361E-04    5.1650394450E-04    5.0677789555E-04    4.9723397818E-04
4.8786880727E-04    4.7867905997E-04    4.6966147461E-04    4.6081284953E-04
4.5213004207E-04    4.4360996743E-04    4.3524959767E-04    4.2704596061E-04
4.1899613887E-04    4.1109726887E-04    4.0334653980E-04    3.9574119274E-04
3.8827851964E-04    3.8095586242E-04    3.7377061209E-04    3.6672020780E-04
3.5980213598E-04    3.5301392952E-04    3.4635316687E-04    3.3981747122E-04
3.3340450971E-04    3.2711199258E-04    3.2093767242E-04    3.1487934340E-04
3.0893484048E-04    3.0310203868E-04    2.9737885237E-04    2.9176323449E-04
2.8625317590E-04    2.8084670467E-04    2.7554188540E-04    2.7033681855E-04
2.6522963975E-04    2.6021851922E-04    2.5530166108E-04    2.5047730275E-04
2.4574371438E-04    2.4109919815E-04    2.3654208778E-04    2.3207074790E-04
2.2768357350E-04    2.2337898936E-04    2.1915544951E-04    2.1501143671E-04
2.1094546189E-04    2.0695606365E-04    2.0304180776E-04    1.9920128661E-04
1.9543311881E-04    1.9173594863E-04    1.8810844556E-04    1.8454930384E-04
1.8105724201E-04    1.7763100243E-04    1.7426935090E-04    1.7097107618E-04
1.6773498960E-04    1.6455992460E-04    1.6144473637E-04    1.5838830142E-04
1.5538951718E-04    1.5244730166E-04    1.4956059301E-04    1.4672834920E-04
1.4394954760E-04    1.4122318469E-04    1.3854827563E-04    1.3592385398E-04
1.3334897132E-04    1.3082269694E-04    1.2834411749E-04    1.2591233670E-04
1.2352647500E-04    1.2118566927E-04    1.1888907249E-04    1.1663585348E-04
1.1442519660E-04    1.1225630143E-04    1.1012838253E-04    1.0804066913E-04
1.0599240487E-04    1.0398284754E-04    1.0201126881E-04    1.0007695398E-04
9.8179201716E-05    9.6317323802E-05    9.4490644908E-05    9.2698502335E-05
9.0940245802E-05    8.9215237199E-05    8.7522850368E-05    8.5862470871E-05
8.4233495786E-05    8.2635333481E-05    8.1067403405E-05    7.9529135897E-05
7.8019971970E-05    7.6539363113E-05    7.5086771101E-05    7.3661667796E-05
7.2263534967E-05    7.0891864097E-05    6.9546156215E-05    6.8225921711E-05
6.6930680161E-05    6.5659960153E-05    6.4413299126E-05    6.3190243198E-05
6.1990347007E-05    6.0813173553E-05    5.9658294051E-05    5.8525287761E-05
5.7413741846E-05    5.6323251226E-05    5.5253418431E-05    5.4203853454E-05
5.3174173621E-05    5.2164003454E-05    5.1172974532E-05    5.0200725356E-05
4.9246901227E-05    4.8311154112E-05    4.7393142527E-05    4.6492531400E-05
4.5608991977E-05    4.4742201683E-05    4.3891844010E-05    4.3057608409E-05
4.2239190171E-05    4.1436290324E-05    4.0648615520E-05    3.9875877937E-05
3.9117795174E-05    3.8374090145E-05    3.7644490984E-05    3.6928730940E-05
3.6226548291E-05    3.5537686243E-05    3.4861892833E-05    3.4198920860E-05
3.3548527772E-05    3.2910475591E-05    3.2284530823E-05    3.1670464373E-05
3.1068051467E-05    3.0477071566E-05    2.9897308290E-05    2.9328549342E-05
2.8770586429E-05    2.8223215184E-05    2.7686235094E-05    2.7159449430E-05
2.6642665173E-05    2.6135692943E-05    2.5638346939E-05    2.5150444866E-05
2.4671807867E-05    2.4202260462E-05    2.3741630481E-05    2.3289749007E-05
2.2846450310E-05    2.2411571785E-05    2.1984953906E-05    2.1566440157E-05
2.1155876975E-05    2.0753113701E-05    2.0358002519E-05    1.9970398405E-05
1.9590159076E-05    1.9217144933E-05    1.8851219024E-05    1.8492246978E-05
1.8140096967E-05    1.7794639652E-05    1.7455748139E-05    1.7123297934E-05
1.6797166894E-05    1.6477235183E-05    1.6163385239E-05    1.5855501717E-05
1.5553471457E-05    1.5257183434E-05    1.4966528728E-05    1.4681400474E-05
1.4401693832E-05    1.4127305940E-05    1.3858135890E-05    1.3594084679E-05
1.3335055179E-05    1.3080952098E-05    1.2831681947E-05    1.2587153007E-05
1.2347275296E-05    1.2111960530E-05    1.1881122104E-05    1.1654675047E-05
1.1432536001E-05    1.1214623183E-05    1.1000856359E-05    1.0791156814E-05
1.0585447324E-05    1.0383652125E-05    1.0185696891E-05    9.9915087052E-06
9.8010160294E-06    9.6141486812E-06    9.4308378075E-06    9.2510158597E-06
9.0746165687E-06    8.9015749203E-06    8.7318271315E-06    8.5653106321E-06
8.4019640354E-06    8.2417271180E-06    8.0845407979E-06    7.9303471128E-06
7.7790891992E-06    7.6307112713E-06    7.4851585987E-06    7.3423774926E-06
7.2023152813E-06    7.0649202912E-06    6.9301418283E-06    6.7979301601E-06
6.6682364969E-06    6.5410129745E-06    6.4162126357E-06    6.2937894130E-06
6.1736981167E-06    6.0558944122E-06    5.9403348057E-06    5.8269766288E-06
5.7157780224E-06    5.6066979214E-06    5.4996960401E-06    5.3947328557E-06
5.2917695970E-06    5.1907682297E-06    5.0916914403E-06    4.9945026233E-06
4.8991658678E-06    4.8056459448E-06    4.7139082936E-06    4.6239190098E-06
4.5356448307E-06    4.4490531283E-06    4.3641118933E-06    4.2807897239E-06
4.1990558142E-06    4.1188799433E-06    4.0402324641E-06    3.9630842927E-06
3.8874068971E-06    3.8131722854E-06    3.7403530014E-06    3.6689221086E-06
3.5988531820E-06    3.5301202986E-06    3.4626980277E-06    3.3965614217E-06
3.3316860070E-06    3.2680477749E-06    3.2056231708E-06    3.1443890918E-06
3.0843228720E-06    3.0254022762E-06    2.9676054918E-06    2.9109111206E-06
2.8552981710E-06    2.8007460504E-06    2.7472345575E-06    2.6947438735E-06
2.6432545591E-06    2.5927475437E-06    2.5432041189E-06    2.4946059318E-06
2.4469349786E-06    2.4001735976E-06    2.3543044629E-06    2.3093105780E-06
2.2651752685E-06    2.2218821787E-06    2.1794152641E-06    2.1377587847E-06
2.0968972996E-06    2.0568156620E-06    2.0174990128E-06    1.9789327754E-06
1.9411026508E-06    1.9039946112E-06    1.8675948956E-06    1.8318900067E-06
1.7968667026E-06    1.7625119934E-06    1.7288131365E-06    1.6957576314E-06
1.6633332157E-06    1.6315278601E-06    1.6003297643E-06    1.5697273511E-06
1.5397092664E-06    1.5102643709E-06    1.4813817371E-06    1.4530506457E-06
1.4252605813E-06    1.3980012286E-06    1.3712624685E-06    1.3450343747E-06
1.3193072091E-06    1.2940714195E-06    1.2693176364E-06    1.2450366680E-06
1.2212194976E-06    1.1978572798E-06    1.1749413380E-06    1.1524631605E-06
1.1304143977E-06    1.1087868591E-06    1.0875725092E-06    1.0667634670E-06
1.0463520013E-06    1.0263305279E-06    1.0066916070E-06    9.8742794037E-07
9.6853236900E-07    9.4999787005E-07    9.3181755446E-07    9.1398466439E-07
8.9649256970E-07    8.7933476865E-07    8.6250488237E-07    8.4599665347E-07
8.2980394378E-07    8.1392073205E-07    7.9834111176E-07    7.8305928888E-07
7.6806957981E-07    7.5336640907E-07    7.3894430687E-07    7.2479790922E-07
7.1092195354E-07    6.9731127752E-07    6.8396081723E-07    6.7086560524E-07
6.5802076878E-07    6.4542152796E-07    6.3306319395E-07    6.2094116721E-07
6.0905093533E-07    5.9738807336E-07    5.8594823994E-07    5.7472717647E-07
5.6372070555E-07    5.5292472940E-07    5.4233522834E-07    5.3194825935E-07
5.2175995456E-07    5.1176651982E-07    5.0196423265E-07    4.9234944302E-07
4.8291856979E-07    4.7366810011E-07    4.6459458810E-07    4.5569465361E-07
4.4696498092E-07    4.3840231756E-07    4.3000347309E-07    4.2176531791E-07
4.1368478155E-07    4.0575885311E-07    3.9798457885E-07    3.9035906126E-07
3.8287945808E-07    3.7554298128E-07    3.6834689600E-07    3.6128851957E-07
3.5436522046E-07    3.4757441739E-07    3.4091357802E-07    3.3438021854E-07
3.2797190300E-07    3.2168624157E-07    3.1552089002E-07    3.0947354887E-07
3.0354196250E-07    2.9772391834E-07    2.9201724603E-07    2.8641981664E-07
2.8092954188E-07    2.7554437277E-07    2.7026230048E-07    2.6508135410E-07
2.5999960027E-07    2.5501514255E-07    2.5012612072E-07    2.4533071005E-07
2.4062712062E-07    2.3601359672E-07    2.3148841613E-07    2.2704988935E-07
2.2269635915E-07    2.1842620044E-07    2.1423781885E-07    2.1012965044E-07
2.0610016115E-07    2.0214784620E-07    1.9827122953E-07    1.9446886329E-07
1.9073932726E-07    1.8708122836E-07    1.8349319983E-07    1.7997390139E-07
1.7652201845E-07    1.7313626137E-07    1.6981536512E-07    1.6655808886E-07
1.6336321543E-07    1.6022955093E-07    1.5715592425E-07    1.5414118668E-07
1.5118421142E-07    1.4828389294E-07    1.4543914729E-07    1.4264891117E-07
1.3991214149E-07    1.3722781510E-07    1.3459492838E-07    1.3201249691E-07
1.2947955507E-07    1.2699515568E-07    1.2455836966E-07    1.2216828571E-07
1.1982400966E-07    1.1752466488E-07    1.1526939141E-07    1.1305734565E-07
1.1088770012E-07    1.0875964316E-07    1.0667237861E-07    1.0462512555E-07
1.0261711796E-07    1.0064760448E-07    9.8715848114E-08    9.6821125758E-08
9.4962728402E-08    9.3139960640E-08    9.1352140254E-08    8.9598598065E-08
8.7878677690E-08    8.6191735297E-08    8.4537139360E-08    8.2914270431E-08
8.1322520905E-08    7.9761294796E-08    7.8230007419E-08    7.6728085297E-08
7.5254966167E-08    7.3810098358E-08    7.2392940748E-08    7.1002962566E-08
6.9639643190E-08    6.8302471956E-08    6.6990947969E-08    6.5704579911E-08
6.4442885864E-08    6.3205393127E-08    6.1991637825E-08    6.0801165391E-08
5.9633529760E-08    5.8488293391E-08    5.7365027116E-08    5.6263309975E-08
5.5182729064E-08    5.4122879378E-08    5.3083363660E-08    5.2063792254E-08
5.1063782961E-08    5.0082960807E-08    4.9120958057E-08    4.8177414160E-08
4.7251975353E-08    4.6344294645E-08    4.5454031684E-08    4.4580852632E-08
4.3724430040E-08    4.2884442727E-08    4.2060575657E-08    4.1252519826E-08
4.0459972141E-08    3.9682635184E-08    3.8920217452E-08    3.8172432980E-08
3.7439001237E-08    3.6719647063E-08    3.6014100564E-08    3.5322097014E-08
3.4643376756E-08    3.3977685101E-08    3.3324772238E-08    3.2684393139E-08
3.2056307467E-08    3.1440279347E-08    3.0836077697E-08    3.0243475741E-08
2.9662251036E-08    2.9092185402E-08    2.8533064834E-08    2.7984679426E-08
2.7446823292E-08    2.6919294489E-08    2.6401894941E-08    2.5894430366E-08
2.5396710203E-08    2.4908547412E-08    2.4429758797E-08    2.3960164547E-08
2.3499588293E-08    2.3047857048E-08    2.2604801135E-08    2.2170254131E-08
2.1744052797E-08    2.1326037024E-08    2.0916049770E-08    2.0513937001E-08
2.0119547634E-08    1.9732733380E-08    1.9353348986E-08    1.8981251904E-08
1.8616302308E-08    1.8258363053E-08    1.7907299619E-08    1.7562980066E-08
1.7225274981E-08    1.6894057430E-08    1.6569202915E-08    1.6250589320E-08
1.5938096870E-08    1.5631608025E-08    1.5331007591E-08    1.5036182586E-08
1.4747022164E-08    1.4463417602E-08    1.4185262262E-08    1.3912451550E-08
1.3644882875E-08    1.3382455615E-08    1.3125071075E-08    1.2872632454E-08
1.2625044803E-08    1.2382214976E-08    1.2144051593E-08    1.1910465128E-08
1.1681367715E-08    1.1456673171E-08    1.1236296963E-08    1.1020156184E-08
1.0808169511E-08    1.0600257186E-08    1.0396340975E-08    1.0196344147E-08
1.0000191443E-08    9.8078090448E-09    9.6191244999E-09    9.4340668305E-09
9.2525664081E-09    9.0745549210E-09    8.8999653680E-09    8.7287320327E-09
8.5607904593E-09    8.3960774281E-09    8.2345309318E-09    8.0760901527E-09
7.9206954393E-09    7.7682882846E-09    7.6188113007E-09    7.4722081500E-09
7.3284236875E-09    7.1874037710E-09    7.0490952971E-09    6.9134461811E-09
6.7804053376E-09    6.6499226610E-09    6.5219490074E-09    6.3964361755E-09
6.2733368886E-09    6.1526047774E-09    6.0341943621E-09    5.9180610249E-09
5.8041609857E-09    5.6924513753E-09    5.5828901081E-09    5.4754359062E-09
5.3700482838E-09    5.2666875320E-09    5.1653147040E-09    5.0658916003E-09
4.9683807546E-09    4.8727454195E-09    4.7789495530E-09    4.6869578045E-09
4.5967354931E-09    4.5082485883E-09    4.4214637720E-09    4.3363483330E-09
4.2528701879E-09    4.1709978693E-09    4.0907005135E-09    4.0119478497E-09
3.9347101879E-09    3.8589584080E-09    3.7846639491E-09    3.7117987983E-09
3.6403354808E-09    3.5702470467E-09    3.5015070344E-09    3.4340895568E-09
3.3679691906E-09    3.3031210008E-09    3.2395205313E-09    3.1771437952E-09
3.1159672666E-09    3.0559678711E-09    2.9971229773E-09    2.9394103884E-09
2.8828083340E-09    2.8272954616E-09    2.7728508285E-09    2.7194538716E-09
2.6670844616E-09    2.6157228484E-09    2.5653496542E-09    2.5159458730E-09
2.4674928642E-09    2.4199723449E-09    2.3733663837E-09    2.3276573932E-09
2.2828281240E-09    2.2388616580E-09    2.1957414021E-09    2.1534510817E-09
2.1119747275E-09    2.0712966740E-09    2.0314015858E-09    1.9922744048E-09
1.9539003618E-09    1.9162649715E-09    1.8793540269E-09    1.8431535940E-09
1.8076500062E-09    1.7728298598E-09    1.7386800084E-09    1.7051875582E-09
1.6723398632E-09    1.6401245201E-09    1.6085293501E-09    1.5775424296E-09
1.5471520650E-09    1.5173467804E-09    1.4881153203E-09    1.4594466455E-09
1.4313299291E-09    1.4037545520E-09    1.3767100994E-09    1.3501863564E-09
1.3241733046E-09    1.2986611179E-09    1.2736401593E-09    1.2491009767E-09
1.2250342844E-09    1.2014310040E-09    1.1782822213E-09    1.1555791911E-09
1.1333133362E-09    1.1114762446E-09    1.0900596656E-09    1.0690555072E-09
1.0484558331E-09    1.0282528593E-09    1.0084389515E-09    9.8900662221E-10
9.6994852779E-10    9.5125746580E-10    9.3292635871E-10    9.1494829108E-10
8.9731646983E-10    8.8002423122E-10    8.6306503964E-10    8.4643248513E-10
8.3012028094E-10    8.1412226121E-10    7.9843237859E-10    7.8304470202E-10
7.6795341444E-10    7.5315281063E-10    7.3863729507E-10    7.2440137983E-10
7.1043967281E-10    6.9674690251E-10    6.8331789465E-10    6.7014757188E-10
6.5723095452E-10    6.4456315862E-10    6.3213939415E-10    6.1995496322E-10
6.0800525823E-10    5.9628576022E-10    5.8479203710E-10    5.7351974201E-10
5.6246461171E-10    5.5162246490E-10    5.4098919574E-10    5.3056078226E-10
5.2033328538E-10    5.1030283676E-10    5.0046564246E-10    4.9081798151E-10
4.8135620452E-10    4.7207673228E-10    4.6297605443E-10    4.5405072812E-10
4.4529737671E-10    4.3671268853E-10    4.2829341558E-10    4.2003637234E-10
4.1193843436E-10    4.0399652963E-10    3.9620766137E-10    3.8856888251E-10
3.8107730271E-10    3.7373008724E-10    3.6652445590E-10    3.5945768196E-10
3.5252709116E-10    3.4573006069E-10    3.3906401819E-10    3.3252644077E-10
3.2611485410E-10    3.1982683143E-10    3.1365999272E-10    3.0761200106E-10
3.0168056566E-10    2.9586344565E-10    2.9015843923E-10    2.8456338693E-10
2.7907617085E-10    2.7369471386E-10    2.6841697877E-10    2.6324096760E-10
2.5816472081E-10    2.5318631657E-10    2.4830387002E-10    2.4351553258E-10
2.3881949123E-10    2.3421396784E-10    2.2969721531E-10    2.2526752419E-10
2.2092321965E-10    2.1666265676E-10    2.1248422224E-10    2.0838633387E-10
2.0436743986E-10    2.0042601833E-10    1.9656057663E-10    1.9276965088E-10
1.8905180535E-10    1.8540563195E-10    1.8182974968E-10    1.7832280413E-10
1.7488346696E-10    1.7151043274E-10    1.6820242459E-10    1.6495819147E-10
1.6177650456E-10    1.5865615870E-10    1.5559597194E-10    1.5259478505E-10
1.4965146116E-10    1.4676488524E-10    1.4393396374E-10    1.4115762416E-10
1.3843481465E-10    1.3576450359E-10    1.3314567923E-10    1.3057734929E-10
1.2805853911E-10    1.2558829359E-10    1.2316567900E-10    1.2078977742E-10
1.1845968862E-10    1.1617452971E-10    1.1393343477E-10    1.1173555459E-10
1.0958005628E-10    1.0746612299E-10    1.0539295360E-10    1.0335976241E-10
1.0136577885E-10    9.9410247189E-11    9.7492426232E-11    9.5611588915E-11
9.3767019656E-11    9.1958022178E-11    9.0183910859E-11    8.8444013283E-11
8.6737669980E-11    8.5064234183E-11    8.3423071578E-11    8.1813560063E-11
8.0235089517E-11    7.8687061564E-11    7.7168889353E-11    7.5679997331E-11
7.4219821025E-11    7.2787806837E-11    7.1383411824E-11    7.0006102275E-11
6.8655356051E-11    6.7330662233E-11    6.6031518597E-11    6.4757432590E-11
6.3507921149E-11    6.2282510515E-11    6.1080736049E-11    5.9902142065E-11
5.8746281649E-11    5.7612716495E-11    5.6501016737E-11    5.5410760789E-11
5.4341535183E-11    5.3292934413E-11    5.2264560785E-11    5.1256022759E-11
5.0266938951E-11    4.9296934683E-11    4.8345642093E-11    4.7412700404E-11
4.6497755792E-11    4.5600461245E-11    4.4720476438E-11    4.3857467599E-11
4.3011107386E-11    4.2181074761E-11    4.1367054870E-11    4.0568738923E-11
3.9785824078E-11    3.9018013326E-11    3.8265015380E-11    3.7526543200E-11
3.6802317815E-11    3.6092064703E-11    3.5395514437E-11    3.4712402778E-11
3.4042470579E-11    3.3385463686E-11    3.2741132841E-11    3.2109233586E-11
3.1489526173E-11    3.0881775474E-11    3.0285750888E-11    2.9701226257E-11
2.9127979777E-11    2.8565793922E-11    2.8014455352E-11    2.7475934777E-11
2.6948458197E-11    2.6431070503E-11    2.5923489698E-11    2.5425442350E-11
2.4936665351E-11    2.4456907610E-11    2.3985931640E-11    2.3523515042E-11
2.3069451835E-11    2.2623553635E-11    2.2185650647E-11    2.1755592450E-11
2.1333248554E-11    2.0918508714E-11    2.0511282960E-11    2.0101463203E-11
1.9687828100E-11    1.9282413706E-11    1.8885836834E-11    1.8498699753E-11
1.8121574794E-11    1.7754989007E-11    1.7399409002E-11    1.7055226105E-11
1.6722741959E-11    1.6402154712E-11    1.6093545912E-11    1.5796868249E-11
1.5511934277E-11    1.5238406252E-11    1.4975787202E-11    1.4723413389E-11
1.4547943565E-11    1.4381058991E-11    1.4217644361E-11    1.4054369392E-11
1.3887838541E-11    1.3714635041E-11    1.3531365574E-11    1.3334705242E-11
1.3121442511E-11    1.2888523794E-11    1.2633097326E-11    1.2352556020E-11
1.2044578947E-11    1.1707171121E-11    1.1338701250E-11    1.0937937118E-11
1.0468891980E-11    9.8770052094E-12    9.2559339005E-12    8.6098796754E-12
7.9434267881E-12    7.2614850345E-12    6.5692302132E-12    5.8720425870E-12
5.1754437948E-12    4.4850326621E-12    3.8064203612E-12    3.1451653689E-12
2.5067086715E-12    1.8963096668E-12    1.3189832121E-12    7.7943826730E-13
2.8201858315E-13   -1.1656398326E-13   -3.8350611201E-13   -6.0278259440E-13
-7.7579054740E-13   -9.0438345757E-13   -9.9083520750E-13   -1.0378012716E-12
-1.0482774229E-12   -1.0255562926E-12   -9.7318212411E-13   -8.9490406355E-13
-7.9462832810E-13   -6.7636959428E-13   -5.4420194761E-13   -4.0220973575E-13
-2.5443866653E-13   -1.0484749286E-13    1.6726577962E-14    7.0323507882E-14
1.1764590858E-13    1.5793925708E-13    1.9066232627E-13    2.1547881419E-13
2.3224738087E-13    2.4101023228E-13    2.4198039073E-13    2.3552779106E-13
2.2216434198E-13    2.0252809209E-13    1.7736663983E-13    1.4751992676E-13
1.1390255368E-13    7.7485758767E-14    3.9279197324E-14    3.1266239865E-16
-6.3074148526E-15   -1.2112208053E-14   -1.7239848554E-14   -2.1591514357E-14
-2.5091639836E-14   -2.7687938751E-14   -2.9351094583E-14   -3.0074142065E-14
-2.9871563769E-14   -2.8778125633E-14   -2.6847475287E-14   -2.4150527067E-14
-2.0773657564E-14   -1.6816735605E-14   -1.2391010518E-14   -7.6168825616E-15
-2.6215793883E-15    0.0000000000E+00    0.0000000000E+00    0.0000000000E+00
0.0000000000E+00    0.0000000000E+00    0.0000000000E+00    0.0000000000E+00
0.0000000000E+00    0.0000000000E+00    0.0000000000E+00    0.0000000000E+00
0.0000000000E+00    0.0000000000E+00    0.0000000000E+00    0.0000000000E+00
0.0000000000E+00    0.0000000000E+00    0.0000000000E+00    0.0000000000E+00
0.0000000000E+00    0.0000000000E+00    0.0000000000E+00    0.0000000000E+00
0.0000000000E+00    0.0000000000E+00    0.0000000000E+00    0.0000000000E+00
0.0000000000E+00    0.0000000000E+00    0.0000000000E+00    0.0000000000E+00
0.0000000000E+00    0.0000000000E+00    0.0000000000E+00    0.0000000000E+00
0.0000000000E+00    0.0000000000E+00    0.0000000000E+00    0.0000000000E+00
0.0000000000E+00    0.0000000000E+00    0.0000000000E+00    0.0000000000E+00
0.0000000000E+00    0.0000000000E+00    0.0000000000E+00    0.0000000000E+00
0.0000000000E+00    0.0000000000E+00    0.0000000000E+00    0.0000000000E+00
0.0000000000E+00    0.0000000000E+00    0.0000000000E+00    0.0000000000E+00
0.0000000000E+00    0.0000000000E+00    0.0000000000E+00    0.0000000000E+00
0.0000000000E+00    0.0000000000E+00    0.0000000000E+00    0.0000000000E+00
0.0000000000E+00    0.0000000000E+00    0.0000000000E+00    0.0000000000E+00
0.0000000000E+00    0.0000000000E+00    0.0000000000E+00    0.0000000000E+00
0.0000000000E+00    0.0000000000E+00    0.0000000000E+00    0.0000000000E+00
0.0000000000E+00    0.0000000000E+00    0.0000000000E+00    0.0000000000E+00
0.0000000000E+00    0.0000000000E+00    0.0000000000E+00    0.0000000000E+00
0.0000000000E+00    0.0000000000E+00    0.0000000000E+00    0.0000000000E+00
0.0000000000E+00    0.0000000000E+00    0.0000000000E+00    0.0000000000E+00
0.0000000000E+00    0.0000000000E+00    0.0000000000E+00    0.0000000000E+00
0.0000000000E+00    0.0000000000E+00    0.0000000000E+00    0.0000000000E+00
0.0000000000E+00    0.0000000000E+00    0.0000000000E+00    0.0000000000E+00
0.0000000000E+00    0.0000000000E+00    0.0000000000E+00    0.0000000000E+00
0.0000000000E+00    0.0000000000E+00    0.0000000000E+00    0.0000000000E+00
0.0000000000E+00    0.0000000000E+00    0.0000000000E+00    0.0000000000E+00
0.0000000000E+00    0.0000000000E+00    0.0000000000E+00    0.0000000000E+00
0.0000000000E+00    0.0000000000E+00    0.0000000000E+00    0.0000000000E+00
0.0000000000E+00    0.0000000000E+00    0.0000000000E+00    0.0000000000E+00
0.0000000000E+00    0.0000000000E+00    0.0000000000E+00    0.0000000000E+00
0.0000000000E+00    0.0000000000E+00    0.0000000000E+00    0.0000000000E+00
0.0000000000E+00    0.0000000000E+00    0.0000000000E+00    0.0000000000E+00
0.0000000000E+00    0.0000000000E+00    0.0000000000E+00    0.0000000000E+00
0.0000000000E+00    0.0000000000E+00    0.0000000000E+00    0.0000000000E+00
0.0000000000E+00    0.0000000000E+00    0.0000000000E+00    0.0000000000E+00
0.0000000000E+00    0.0000000000E+00    0.0000000000E+00    0.0000000000E+00
0.0000000000E+00    0.0000000000E+00    0.0000000000E+00    0.0000000000E+00
0.0000000000E+00    0.0000000000E+00    0.0000000000E+00    0.0000000000E+00
0.0000000000E+00    0.0000000000E+00    0.0000000000E+00    0.0000000000E+00
0.0000000000E+00    0.0000000000E+00    0.0000000000E+00    0.0000000000E+00
0.0000000000E+00    0.0000000000E+00    0.0000000000E+00    0.0000000000E+00
0.0000000000E+00    0.0000000000E+00    0.0000000000E+00    0.0000000000E+00
0.0000000000E+00    0.0000000000E+00    0.0000000000E+00    0.0000000000E+00
0.0000000000E+00    0.0000000000E+00    0.0000000000E+00    0.0000000000E+00
0.0000000000E+00    0.0000000000E+00    0.0000000000E+00    0.0000000000E+00
0.0000000000E+00    0.0000000000E+00    0.0000000000E+00    0.0000000000E+00
0.0000000000E+00    0.0000000000E+00    0.0000000000E+00    0.0000000000E+00
0.0000000000E+00    0.0000000000E+00    0.0000000000E+00    0.0000000000E+00
0.0000000000E+00    0.0000000000E+00    0.0000000000E+00    0.0000000000E+00
0.0000000000E+00    0.0000000000E+00    0.0000000000E+00    0.0000000000E+00
0.0000000000E+00    0.0000000000E+00    0.0000000000E+00    0.0000000000E+00
0.0000000000E+00    0.0000000000E+00    0.0000000000E+00    0.0000000000E+00
0.0000000000E+00    0.0000000000E+00    0.0000000000E+00    0.0000000000E+00
0.0000000000E+00    0.0000000000E+00    0.0000000000E+00    0.0000000000E+00
0.0000000000E+00    0.0000000000E+00    0.0000000000E+00    0.0000000000E+00
0.0000000000E+00    0.0000000000E+00    0.0000000000E+00    0.0000000000E+00
0.0000000000E+00    0.0000000000E+00    0.0000000000E+00    0.0000000000E+00
0.0000000000E+00    0.0000000000E+00    0.0000000000E+00    0.0000000000E+00
0.0000000000E+00    0.0000000000E+00    0.0000000000E+00    0.0000000000E+00
0.0000000000E+00    0.0000000000E+00    0.0000000000E+00    0.0000000000E+00
0.0000000000E+00    0.0000000000E+00    0.0000000000E+00    0.0000000000E+00
0.0000000000E+00    0.0000000000E+00    0.0000000000E+00    0.0000000000E+00
0.0000000000E+00    0.0000000000E+00    0.0000000000E+00    0.0000000000E+00
0.0000000000E+00    0.0000000000E+00    0.0000000000E+00    0.0000000000E+00
0.0000000000E+00    0.0000000000E+00    0.0000000000E+00    0.0000000000E+00
0.0000000000E+00    0.0000000000E+00    0.0000000000E+00    0.0000000000E+00
0.0000000000E+00    0.0000000000E+00    0.0000000000E+00    0.0000000000E+00
0.0000000000E+00    0.0000000000E+00    0.0000000000E+00    0.0000000000E+00
0.0000000000E+00    0.0000000000E+00    0.0000000000E+00    0.0000000000E+00
0.0000000000E+00    0.0000000000E+00    0.0000000000E+00    0.0000000000E+00
0.0000000000E+00    0.0000000000E+00    0.0000000000E+00    0.0000000000E+00
0.0000000000E+00    0.0000000000E+00    0.0000000000E+00    0.0000000000E+00
0.0000000000E+00    0.0000000000E+00    0.0000000000E+00    0.0000000000E+00
0.0000000000E+00    0.0000000000E+00    0.0000000000E+00    0.0000000000E+00
0.0000000000E+00    0.0000000000E+00    0.0000000000E+00    0.0000000000E+00
0.0000000000E+00    0.0000000000E+00    0.0000000000E+00    0.0000000000E+00
0.0000000000E+00    0.0000000000E+00    0.0000000000E+00    0.0000000000E+00
0.0000000000E+00    0.0000000000E+00    0.0000000000E+00    0.0000000000E+00
0.0000000000E+00    0.0000000000E+00    0.0000000000E+00    0.0000000000E+00
0.0000000000E+00    0.0000000000E+00    0.0000000000E+00    0.0000000000E+00
0.0000000000E+00    0.0000000000E+00    0.0000000000E+00    0.0000000000E+00
0.0000000000E+00    0.0000000000E+00    0.0000000000E+00    0.0000000000E+00
0.0000000000E+00    0.0000000000E+00    0.0000000000E+00    0.0000000000E+00
0.0000000000E+00    0.0000000000E+00    0.0000000000E+00    0.0000000000E+00
0.0000000000E+00    0.0000000000E+00    0.0000000000E+00    0.0000000000E+00
0.0000000000E+00    0.0000000000E+00    0.0000000000E+00    0.0000000000E+00
0.0000000000E+00    0.0000000000E+00    0.0000000000E+00    0.0000000000E+00
0.0000000000E+00    0.0000000000E+00    0.0000000000E+00    0.0000000000E+00
0.0000000000E+00    0.0000000000E+00    0.0000000000E+00    0.0000000000E+00
0.0000000000E+00    0.0000000000E+00    0.0000000000E+00    0.0000000000E+00
0.0000000000E+00    0.0000000000E+00    0.0000000000E+00    0.0000000000E+00
0.0000000000E+00    0.0000000000E+00    0.0000000000E+00    0.0000000000E+00
0.0000000000E+00    0.0000000000E+00    0.0000000000E+00    0.0000000000E+00
0.0000000000E+00    0.0000000000E+00    0.0000000000E+00    0.0000000000E+00
0.0000000000E+00    0.0000000000E+00    0.0000000000E+00    0.0000000000E+00
0.0000000000E+00    0.0000000000E+00    0.0000000000E+00    0.0000000000E+00
0.0000000000E+00    0.0000000000E+00    0.0000000000E+00    0.0000000000E+00
0.0000000000E+00    0.0000000000E+00    0.0000000000E+00    0.0000000000E+00
0.0000000000E+00    0.0000000000E+00    0.0000000000E+00    0.0000000000E+00
0.0000000000E+00    0.0000000000E+00    0.0000000000E+00    0.0000000000E+00
0.0000000000E+00    0.0000000000E+00    0.0000000000E+00    0.0000000000E+00
0.0000000000E+00    0.0000000000E+00    0.0000000000E+00    0.0000000000E+00
0.0000000000E+00    0.0000000000E+00    0.0000000000E+00    0.0000000000E+00
0.0000000000E+00    0.0000000000E+00    0.0000000000E+00    0.0000000000E+00
0.0000000000E+00    0.0000000000E+00    0.0000000000E+00    0.0000000000E+00
0.0000000000E+00    0.0000000000E+00    0.0000000000E+00    0.0000000000E+00
0.0000000000E+00    0.0000000000E+00    0.0000000000E+00    0.0000000000E+00
0.0000000000E+00    0.0000000000E+00    0.0000000000E+00    0.0000000000E+00
0.0000000000E+00    0.0000000000E+00    0.0000000000E+00    0.0000000000E+00
0.0000000000E+00    0.0000000000E+00    0.0000000000E+00    0.0000000000E+00
0.0000000000E+00    0.0000000000E+00    0.0000000000E+00    0.0000000000E+00
0.0000000000E+00    0.0000000000E+00    0.0000000000E+00    0.0000000000E+00
0.0000000000E+00    0.0000000000E+00    0.0000000000E+00    0.0000000000E+00
0.0000000000E+00    0.0000000000E+00    0.0000000000E+00    0.0000000000E+00