-1.4158833828E-11    7.8661793913E-03    1.5717940076E-02    2.3540902132E-02
3.1320763111E-02    3.9043336355E-02    4.6694588845E-02    5.4260678427E-02
6.1727990235E-02    6.9083172207E-02    7.6313169510E-02    8.3405257781E-02
9.0347075026E-02    9.7126652086E-02    1.0373244153E-01    1.1015334493E-01
1.1637873834E-01    1.2239849598E-01    1.2820301207E-01    1.3378322062E-01
1.3913061330E-01    1.4423725522E-01    1.4909579871E-01    1.5369949493E-01
1.5804220348E-01    1.6211839988E-01    1.6592318097E-01    1.6945226831E-01
1.7270200950E-01    1.7566937759E-01    1.7835196847E-01    1.8074799643E-01
1.8285628794E-01    1.8467627355E-01    1.8620797820E-01    1.8745200988E-01
1.8840954674E-01    1.8908232275E-01    1.8947261198E-01    1.8958321158E-01
1.8941742356E-01    1.8897903542E-01    1.8827229981E-01    1.8730191316E-01
1.8607299355E-01    1.8459105768E-01    1.8286199729E-01    1.8089205489E-01
1.7868779900E-01    1.7625609899E-01    1.7360409952E-01    1.7073919475E-01
1.6766900238E-01    1.6440133751E-01    1.6094418656E-01    1.5730568118E-01
1.5349407232E-01    1.4951770445E-01    1.4538499013E-01    1.4110438485E-01
1.3668436232E-01    1.3213339025E-01    1.2745990671E-01    1.2267229702E-01
1.1777887146E-01    1.1278784368E-01    1.0770730988E-01    1.0254522897E-01
9.7309403579E-02    9.2007462170E-02    8.6646842100E-02    8.1234773856E-02
7.5778266424E-02    7.0284093853E-02    6.4758783065E-02    5.9208602932E-02
5.3639554661E-02    4.8057363501E-02    4.2467471806E-02    3.6875033451E-02
3.1284909616E-02    2.5701665941E-02    2.0129571035E-02    1.4572596329E-02
9.0344172570E-03    3.5184157237E-03   -1.9723161639E-03   -7.4349711574E-03
-1.2867020763E-02   -1.8266208037E-02   -2.3630539337E-02   -2.8958275109E-02
-3.4247919787E-02   -3.9498210877E-02   -4.4708107326E-02   -4.9876777259E-02
-5.5003585183E-02   -6.0088078756E-02   -6.5129975213E-02   -7.0129147567E-02
-7.5085610663E-02   -7.9999507206E-02   -8.4871093851E-02   -8.9700727455E-02
-9.4488851581E-02   -9.9235983348E-02   -1.0394270071E-01   -1.0860963024E-01
-1.1323743550E-01   -1.1782680602E-01   -1.2237844705E-01   -1.2689306999E-01
-1.3137138365E-01   -1.3581408634E-01   -1.4022185875E-01   -1.4459535779E-01
-1.4893521121E-01   -1.5324201311E-01   -1.5751632030E-01   -1.6175864949E-01
-1.6596947527E-01   -1.7014922883E-01   -1.7429829744E-01   -1.7841702451E-01
-1.8250571037E-01   -1.8656461345E-01   -1.9059395209E-01   -1.9459390659E-01
-1.9856462175E-01   -2.0250620957E-01   -2.0641875217E-01   -2.1030230482E-01
-2.1415689906E-01   -2.1798254570E-01   -2.2177923784E-01   -2.2554695368E-01
-2.2928565913E-01   -2.3299531020E-01   -2.3667585510E-01   -2.4032723595E-01
-2.4394939017E-01   -2.4754225156E-01   -2.5110575315E-01   -2.5463983032E-01
-2.5814442575E-01   -2.6161949188E-01   -2.6506499045E-01   -2.6848089276E-01
-2.7186717922E-01   -2.7522384065E-01   -2.7855087932E-01   -2.8184830948E-01
-2.8511615836E-01   -2.8835446727E-01   -2.9156329275E-01   -2.9474270791E-01
-2.9789280370E-01   -3.0101369037E-01   -3.0410549891E-01   -3.0716838246E-01
-3.1020251769E-01   -3.1320810607E-01   -3.1618537495E-01   -3.1913457845E-01
-3.2205599798E-01   -3.2494994240E-01   -3.2781674770E-01   -3.3065677610E-01
-3.3347041453E-01   -3.3625807236E-01   -3.3902017843E-01   -3.4175717717E-01
-3.4446952401E-01   -3.4715767997E-01   -3.4982210556E-01   -3.5246325415E-01
-3.5508156485E-01   -3.5767745548E-01   -3.6025131538E-01   -3.6280349898E-01
-3.6533431997E-01   -3.6784404648E-01   -3.7033289810E-01   -3.7280104355E-01
-3.7524860112E-01   -3.7767563960E-01   -3.8008218163E-01   -3.8246820777E-01
-3.8483366171E-01   -3.8717845627E-01   -3.8950247953E-01   -3.9180560095E-01
-3.9408767755E-01   -3.9634855896E-01   -3.9858809274E-01   -4.0080612806E-01
-4.0300251933E-01   -4.0517712885E-01   -4.0732982879E-01   -4.0946050266E-01
-4.1156904623E-01   -4.1365536799E-01   -4.1571938938E-01   -4.1776104457E-01
-4.1978028016E-01   -4.2177705477E-01   -4.2375133830E-01   -4.2570311144E-01
-4.2763236483E-01   -4.2953909845E-01   -4.3142332092E-01   -4.3328504875E-01
-4.3512430576E-01   -4.3694112242E-01   -4.3873553533E-01   -4.4050758660E-01
-4.4225732342E-01   -4.4398479758E-01   -4.4569006503E-01   -4.4737318554E-01
-4.4903422231E-01   -4.5067324166E-01   -4.5229031279E-01   -4.5388550743E-01
-4.5545889969E-01   -4.5701056580E-01   -4.5854058393E-01   -4.6004903403E-01
-4.6153599763E-01   -4.6300155774E-01   -4.6444579872E-01   -4.6586880613E-01
-4.6727066667E-01   -4.6865146805E-01   -4.7001129892E-01   -4.7135024879E-01
-4.7266840796E-01   -4.7396586747E-01   -4.7524271901E-01   -4.7649905489E-01
-4.7773496801E-01   -4.7895055176E-01   -4.8014590005E-01   -4.8132110722E-01
-4.8247626803E-01   -4.8361147765E-01   -4.8472683157E-01   -4.8582242566E-01
-4.8689835606E-01   -4.8795471924E-01   -4.8899161191E-01   -4.9000913104E-01
-4.9100737386E-01   -4.9198643779E-01   -4.9294642048E-01   -4.9388741976E-01
-4.9480953365E-01   -4.9571286033E-01   -4.9659749815E-01   -4.9746354560E-01
-4.9831110132E-01   -4.9914026407E-01   -4.9995113275E-01   -5.0074380633E-01
-5.0151838394E-01   -5.0227496478E-01   -5.0301364814E-01   -5.0373453340E-01
-5.0443772003E-01   -5.0512330754E-01   -5.0579139553E-01   -5.0644208366E-01
-5.0707547164E-01   -5.0769165923E-01   -5.0829074621E-01   -5.0887283243E-01
-5.0943801776E-01   -5.0998640208E-01   -5.1051808532E-01   -5.1103316740E-01
-5.1153174827E-01   -5.1201392787E-01   -5.1247980615E-01   -5.1292948307E-01
-5.1336305855E-01   -5.1378063252E-01   -5.1418230488E-01   -5.1456817553E-01
-5.1493834431E-01   -5.1529291105E-01   -5.1563197553E-01   -5.1595563751E-01
-5.1626399667E-01   -5.1655715267E-01   -5.1683520511E-01   -5.1709825352E-01
-5.1734639737E-01   -5.1757973606E-01   -5.1779836893E-01   -5.1800239523E-01
-5.1819191414E-01   -5.1836702474E-01   -5.1852782604E-01   -5.1867441694E-01
-5.1880689625E-01   -5.1892536267E-01   -5.1902991482E-01   -5.1912065117E-01
-5.1919767012E-01   -5.1926106991E-01   -5.1931094870E-01   -5.1934740450E-01
-5.1937053519E-01   -5.1938043853E-01   -5.1937721214E-01   -5.1936095349E-01
-5.1933175992E-01   -5.1928972862E-01   -5.1923495663E-01   -5.1916754083E-01
-5.1908757794E-01   -5.1899516455E-01   -5.1889039704E-01   -5.1877337166E-01
-5.1864418447E-01   -5.1850293136E-01   -5.1834970806E-01   -5.1818461009E-01
-5.1800773283E-01   -5.1781917142E-01   -5.1761902086E-01   -5.1740737593E-01
-5.1718433124E-01   -5.1694998117E-01   -5.1670441993E-01   -5.1644774152E-01
-5.1618003971E-01   -5.1590140811E-01   -5.1561194007E-01   -5.1531172877E-01
-5.1500086713E-01   -5.1467944789E-01   -5.1434756355E-01   -5.1400530639E-01
-5.1365276847E-01   -5.1329004160E-01   -5.1291721738E-01   -5.1253438718E-01
-5.1214164212E-01   -5.1173907308E-01   -5.1132677071E-01   -5.1090482542E-01
-5.1047332735E-01   -5.1003236643E-01   -5.0958203231E-01   -5.0912241439E-01
-5.0865360183E-01   -5.0817568352E-01   -5.0768874809E-01   -5.0719288393E-01
-5.0668817914E-01   -5.0617472155E-01   -5.0565259875E-01   -5.0512189804E-01
-5.0458270644E-01   -5.0403511071E-01   -5.0347919732E-01   -5.0291505247E-01
-5.0234276206E-01   -5.0176241174E-01   -5.0117408682E-01   -5.0057787237E-01
-4.9997385314E-01   -4.9936211360E-01   -4.9874273790E-01   -4.9811580992E-01
-4.9748141322E-01   -4.9683963106E-01   -4.9619054640E-01   -4.9553424187E-01
-4.9487079983E-01   -4.9420030228E-01   -4.9352283094E-01   -4.9283846718E-01
-4.9214729209E-01   -4.9144938639E-01   -4.9074483051E-01   -4.9003370454E-01
-4.8931608824E-01   -4.8859206102E-01   -4.8786170200E-01   -4.8712508991E-01
-4.8638230317E-01   -4.8563341985E-01   -4.8487851769E-01   -4.8411767405E-01
-4.8335096596E-01   -4.8257847011E-01   -4.8180026282E-01   -4.8101642005E-01
-4.8022701741E-01   -4.7943213015E-01   -4.7863183314E-01   -4.7782620090E-01
-4.7701530758E-01   -4.7619922695E-01   -4.7537803242E-01   -4.7455179702E-01
-4.7372059338E-01   -4.7288449379E-01   -4.7204357014E-01   -4.7119789392E-01
-4.7034753625E-01   -4.6949256787E-01   -4.6863305912E-01   -4.6776907993E-01
-4.6690069987E-01   -4.6602798808E-01   -4.6515101334E-01   -4.6426984398E-01
-4.6338454798E-01   -4.6249519288E-01   -4.6160184582E-01   -4.6070457355E-01
-4.5980344240E-01   -4.5889851827E-01   -4.5798986668E-01   -4.5707755272E-01
-4.5616164106E-01   -4.5524219597E-01   -4.5431928128E-01   -4.5339296042E-01
-4.5246329638E-01   -4.5153035173E-01   -4.5059418864E-01   -4.4965486883E-01
-4.4871245360E-01   -4.4776700383E-01   -4.4681857997E-01   -4.4586724202E-01
-4.4491304958E-01   -4.4395606181E-01   -4.4299633743E-01   -4.4203393474E-01
-4.4106891158E-01   -4.4010132539E-01   -4.3913123317E-01   -4.3815869146E-01
-4.3718375639E-01   -4.3620648364E-01   -4.3522692847E-01   -4.3424514569E-01
-4.3326118968E-01   -4.3227511437E-01   -4.3128697327E-01   -4.3029681945E-01
-4.2930470554E-01   -4.2831068374E-01   -4.2731480579E-01   -4.2631712303E-01
-4.2531768633E-01   -4.2431654615E-01   -4.2331375251E-01   -4.2230935497E-01
-4.2130340269E-01   -4.2029594437E-01   -4.1928702830E-01   -4.1827670231E-01
-4.1726501382E-01   -4.1625200981E-01   -4.1523773684E-01   -4.1422224102E-01
-4.1320556804E-01   -4.1218776317E-01   -4.1116887124E-01   -4.1014893667E-01
-4.0912800345E-01   -4.0810611513E-01   -4.0708331486E-01   -4.0605964536E-01
-4.0503514893E-01   -4.0400986745E-01   -4.0298384238E-01   -4.0195711477E-01
-4.0092972526E-01   -3.9990171407E-01   -3.9887312101E-01   -3.9784398547E-01
-3.9681434646E-01   -3.9578424255E-01   -3.9475371194E-01   -3.9372279239E-01
-3.9269152128E-01   -3.9165993559E-01   -3.9062807191E-01   -3.8959596641E-01
-3.8856365488E-01   -3.8753117273E-01   -3.8649855496E-01   -3.8546583619E-01
-3.8443305066E-01   -3.8340023222E-01   -3.8236741433E-01   -3.8133463008E-01
-3.8030191219E-01   -3.7926929299E-01   -3.7823680444E-01   -3.7720447813E-01
-3.7617234529E-01   -3.7514043676E-01   -3.7410878304E-01   -3.7307741425E-01
-3.7204636017E-01   -3.7101565019E-01   -3.6998531338E-01   -3.6895537844E-01
-3.6792587371E-01   -3.6689682720E-01   -3.6586826657E-01   -3.6484021912E-01
-3.6381271182E-01   -3.6278577131E-01   -3.6175942389E-01   -3.6073369551E-01
-3.5970861180E-01   -3.5868419806E-01   -3.5766047927E-01   -3.5663748008E-01
-3.5561522481E-01   -3.5459373747E-01   -3.5357304175E-01   -3.5255316102E-01
-3.5153411836E-01   -3.5051593651E-01   -3.4949863793E-01   -3.4848224475E-01
-3.4746677882E-01   -3.4645226168E-01   -3.4543871458E-01   -3.4442615845E-01
-3.4341461397E-01   -3.4240410149E-01   -3.4139464110E-01   -3.4038625260E-01
-3.3937895549E-01   -3.3837276902E-01   -3.3736771214E-01   -3.3636380352E-01
-3.3536106159E-01   -3.3435950447E-01   -3.3335915005E-01   -3.3236001592E-01
-3.3136211944E-01   -3.3036547768E-01   -3.2937010748E-01   -3.2837602539E-01
-3.2738324776E-01   -3.2639179063E-01   -3.2540166983E-01   -3.2441290093E-01
-3.2342549927E-01   -3.2243947993E-01   -3.2145485776E-01   -3.2047164738E-01
-3.1948986316E-01   -3.1850951927E-01   -3.1753062961E-01   -3.1655320787E-01
-3.1557726754E-01   -3.1460282184E-01   -3.1362988381E-01   -3.1265846625E-01
-3.1168858176E-01   -3.1072024271E-01   -3.0975346126E-01   -3.0878824939E-01
-3.0782461883E-01   -3.0686258113E-01   -3.0590214764E-01   -3.0494332950E-01
-3.0398613765E-01   -3.0303058285E-01   -3.0207667565E-01   -3.0112442641E-01
-3.0017384531E-01   -2.9922494233E-01   -2.9827772727E-01   -2.9733220976E-01
-2.9638839922E-01   -2.9544630491E-01   -2.9450593591E-01   -2.9356730112E-01
-2.9263040928E-01   -2.9169526894E-01   -2.9076188848E-01   -2.8983027614E-01
-2.8890043996E-01   -2.8797238784E-01   -2.8704612750E-01   -2.8612166652E-01
-2.8519901230E-01   -2.8427817210E-01   -2.8335915303E-01   -2.8244196202E-01
-2.8152660587E-01   -2.8061309124E-01   -2.7970142462E-01   -2.7879161236E-01
-2.7788366069E-01   -2.7697757565E-01   -2.7607336319E-01   -2.7517102910E-01
-2.7427057902E-01   -2.7337201847E-01   -2.7247535283E-01   -2.7158058737E-01
-2.7068772719E-01   -2.6979677729E-01   -2.6890774253E-01   -2.6802062766E-01
-2.6713543728E-01   -2.6625217589E-01   -2.6537084787E-01   -2.6449145745E-01
-2.6361400878E-01   -2.6273850588E-01   -2.6186495264E-01   -2.6099335286E-01
-2.6012371020E-01   -2.5925602824E-01   -2.5839031044E-01   -2.5752656013E-01
-2.5666478057E-01   -2.5580497489E-01   -2.5494714612E-01   -2.5409129720E-01
-2.5323743094E-01   -2.5238555010E-01   -2.5153565728E-01   -2.5068775504E-01
-2.4984184580E-01   -2.4899793191E-01   -2.4815601563E-01   -2.4731609911E-01
-2.4647818441E-01   -2.4564227352E-01   -2.4480836833E-01   -2.4397647063E-01
-2.4314658214E-01   -2.4231870450E-01   -2.4149283925E-01   -2.4066898786E-01
-2.3984715170E-01   -2.3902733209E-01   -2.3820953023E-01   -2.3739374729E-01
-2.3657998433E-01   -2.3576824233E-01   -2.3495852222E-01   -2.3415082483E-01
-2.3334515094E-01   -2.3254150125E-01   -2.3173987637E-01   -2.3094027687E-01
-2.3014270324E-01   -2.2934715589E-01   -2.2855363518E-01   -2.2776214138E-01
-2.2697267473E-01   -2.2618523538E-01   -2.2539982342E-01   -2.2461643888E-01
-2.2383508174E-01   -2.2305575189E-01   -2.2227844919E-01   -2.2150317342E-01
-2.2072992433E-01   -2.1995870157E-01   -2.1918950478E-01   -2.1842233350E-01
-2.1765718725E-01   -2.1689406547E-01   -2.1613296758E-01   -2.1537389291E-01
-2.1461684075E-01   -2.1386181036E-01   -2.1310880093E-01   -2.1235781159E-01
-2.1160884145E-01   -2.1086188955E-01   -2.1011695489E-01   -2.0937403643E-01
-2.0863313306E-01   -2.0789424366E-01   -2.0715736703E-01   -2.0642250196E-01
-2.0568964716E-01   -2.0495880133E-01   -2.0422996311E-01   -2.0350313111E-01
-2.0277830389E-01   -2.0205547996E-01   -2.0133465781E-01   -2.0061583589E-01
-1.9989901260E-01   -1.9918418630E-01   -1.9847135534E-01   -1.9776051799E-01
-1.9705167252E-01   -1.9634481715E-01   -1.9563995006E-01   -1.9493706942E-01
-1.9423617332E-01   -1.9353725987E-01   -1.9284032711E-01   -1.9214537306E-01
-1.9145239570E-01   -1.9076139300E-01   -1.9007236288E-01   -1.8938530322E-01
-1.8870021191E-01   -1.8801708676E-01   -1.8733592559E-01   -1.8665672618E-01
-1.8597948626E-01   -1.8530420357E-01   -1.8463087579E-01   -1.8395950060E-01
-1.8329007563E-01   -1.8262259850E-01   -1.8195706679E-01   -1.8129347807E-01
-1.8063182988E-01   -1.7997211972E-01   -1.7931434510E-01   -1.7865850348E-01
-1.7800459229E-01   -1.7735260897E-01   -1.7670255090E-01   -1.7605441546E-01
-1.7540820001E-01   -1.7476390187E-01   -1.7412151836E-01   -1.7348104677E-01
-1.7284248437E-01   -1.7220582840E-01   -1.7157107610E-01   -1.7093822467E-01
-1.7030727131E-01   -1.6967821318E-01   -1.6905104744E-01   -1.6842577123E-01
-1.6780238167E-01   -1.6718087584E-01   -1.6656125084E-01   -1.6594350373E-01
-1.6532763155E-01   -1.6471363134E-01   -1.6410150011E-01   -1.6349123487E-01
-1.6288283259E-01   -1.6227629025E-01   -1.6167160479E-01   -1.6106877316E-01
-1.6046779227E-01   -1.5986865905E-01   -1.5927137037E-01   -1.5867592313E-01
-1.5808231419E-01   -1.5749054040E-01   -1.5690059861E-01   -1.5631248563E-01
-1.5572619829E-01   -1.5514173339E-01   -1.5455908771E-01   -1.5397825804E-01
-1.5339924114E-01   -1.5282203376E-01   -1.5224663265E-01   -1.5167303453E-01
-1.5110123613E-01   -1.5053123416E-01   -1.4996302531E-01   -1.4939660627E-01
-1.4883197372E-01   -1.4826912433E-01   -1.4770805475E-01   -1.4714876163E-01
-1.4659124162E-01   -1.4603549133E-01   -1.4548150739E-01   -1.4492928641E-01
-1.4437882499E-01   -1.4383011972E-01   -1.4328316718E-01   -1.4273796396E-01
-1.4219450662E-01   -1.4165279172E-01   -1.4111281581E-01   -1.4057457544E-01
-1.4003806713E-01   -1.3950328743E-01   -1.3897023285E-01   -1.3843889990E-01
-1.3790928510E-01   -1.3738138495E-01   -1.3685519593E-01   -1.3633071453E-01
-1.3580793725E-01   -1.3528686054E-01   -1.3476748088E-01   -1.3424979473E-01
-1.3373379855E-01   -1.3321948879E-01   -1.3270686190E-01   -1.3219591430E-01
-1.3168664244E-01   -1.3117904275E-01   -1.3067311165E-01   -1.3016884556E-01
-1.2966624089E-01   -1.2916529405E-01   -1.2866600145E-01   -1.2816835948E-01
-1.2767236454E-01   -1.2717801303E-01   -1.2668530132E-01   -1.2619422581E-01
-1.2570478287E-01   -1.2521696887E-01   -1.2473078019E-01   -1.2424621320E-01
-1.2376326425E-01   -1.2328192971E-01   -1.2280220594E-01   -1.2232408929E-01
-1.2184757611E-01   -1.2137266275E-01   -1.2089934556E-01   -1.2042762087E-01
-1.1995748502E-01   -1.1948893436E-01   -1.1902196521E-01   -1.1855657391E-01
-1.1809275678E-01   -1.1763051016E-01   -1.1716983037E-01   -1.1671071373E-01
-1.1625315656E-01   -1.1579715517E-01   -1.1534270590E-01   -1.1488980504E-01
-1.1443844892E-01   -1.1398863385E-01   -1.1354035614E-01   -1.1309361209E-01
-1.1264839801E-01   -1.1220471021E-01   -1.1176254500E-01   -1.1132189868E-01
-1.1088276755E-01   -1.1044514792E-01   -1.1000903607E-01   -1.0957442833E-01
-1.0914132098E-01   -1.0870971033E-01   -1.0827959267E-01   -1.0785096430E-01
-1.0742382152E-01   -1.0699816063E-01   -1.0657397793E-01   -1.0615126970E-01
-1.0573003225E-01   -1.0531026188E-01   -1.0489195488E-01   -1.0447510755E-01
-1.0405971619E-01   -1.0364577709E-01   -1.0323328656E-01   -1.0282224088E-01
-1.0241263636E-01   -1.0200446930E-01   -1.0159773600E-01   -1.0119243276E-01
-1.0078855587E-01   -1.0038610165E-01   -9.9985066395E-02   -9.9585446405E-02
-9.9187237988E-02   -9.8790437450E-02   -9.8395041097E-02   -9.8001045238E-02
-9.7608446181E-02   -9.7217240237E-02   -9.6827423719E-02   -9.6438992938E-02
-9.6051944211E-02   -9.5666273854E-02   -9.5281978183E-02   -9.4899053520E-02
-9.4517496185E-02   -9.4137302501E-02   -9.3758468793E-02   -9.3380991387E-02
-9.3004866613E-02   -9.2630090801E-02   -9.2256660284E-02   -9.1884571396E-02
-9.1513820474E-02   -9.1144403858E-02   -9.0776317889E-02   -9.0409558911E-02
-9.0044123270E-02   -8.9680007314E-02   -8.9317207395E-02   -8.8955719865E-02
-8.8595541082E-02   -8.8236667404E-02   -8.7879095192E-02   -8.7522820811E-02
-8.7167840628E-02   -8.6814151012E-02   -8.6461748337E-02   -8.6110628977E-02
-8.5760789311E-02   -8.5412225722E-02   -8.5064934594E-02   -8.4718912315E-02
-8.4374155276E-02   -8.4030659871E-02   -8.3688422498E-02   -8.3347439557E-02
-8.3007707454E-02   -8.2669222595E-02   -8.2331981392E-02   -8.1995980260E-02
-8.1661215616E-02   -8.1327683882E-02   -8.0995381484E-02   -8.0664304851E-02
-8.0334450416E-02   -8.0005814616E-02   -7.9678393889E-02   -7.9352184682E-02
-7.9027183442E-02   -7.8703386621E-02   -7.8380790675E-02   -7.8059392065E-02
-7.7739187254E-02   -7.7420172710E-02   -7.7102344907E-02   -7.6785700320E-02
-7.6470235431E-02   -7.6155946724E-02   -7.5842830689E-02   -7.5530883819E-02
-7.5220102613E-02   -7.4910483573E-02   -7.4602023206E-02   -7.4294718023E-02
-7.3988564540E-02   -7.3683559278E-02   -7.3379698762E-02   -7.3076979522E-02
-7.2775398092E-02   -7.2474951011E-02   -7.2175634823E-02   -7.1877446076E-02
-7.1580381325E-02   -7.1284437128E-02   -7.0989610047E-02   -7.0695896651E-02
-7.0403293512E-02   -7.0111797210E-02   -6.9821404326E-02   -6.9532111450E-02
-6.9243915174E-02   -6.8956812096E-02   -6.8670798820E-02   -6.8385871955E-02
-6.8102028114E-02   -6.7819263916E-02   -6.7537575986E-02   -6.7256960954E-02
-6.6977415454E-02   -6.6698936126E-02   -6.6421519616E-02   -6.6145162576E-02
-6.5869861662E-02   -6.5595613536E-02   -6.5322414865E-02   -6.5050262323E-02
-6.4779152588E-02   -6.4509082343E-02   -6.4240048280E-02   -6.3972047094E-02
-6.3705075485E-02   -6.3439130160E-02   -6.3174207831E-02   -6.2910305218E-02
-6.2647419044E-02   -6.2385546039E-02   -6.2124682937E-02   -6.1864826482E-02
-6.1605973419E-02   -6.1348120503E-02   -6.1091264492E-02   -6.0835402152E-02
-6.0580530252E-02   -6.0326645571E-02   -6.0073744891E-02   -5.9821825001E-02
-5.9570882696E-02   -5.9320914777E-02   -5.9071918052E-02   -5.8823889333E-02
-5.8576825441E-02   -5.8330723200E-02   -5.8085579442E-02   -5.7841391006E-02
-5.7598154734E-02   -5.7355867479E-02   -5.7114526096E-02   -5.6874127447E-02
-5.6634668403E-02   -5.6396145839E-02   -5.6158556636E-02   -5.5921897683E-02
-5.5686165874E-02   -5.5451358109E-02   -5.5217471297E-02   -5.4984502350E-02
-5.4752448189E-02   -5.4521305740E-02   -5.4291071936E-02   -5.4061743717E-02
-5.3833318028E-02   -5.3605791822E-02   -5.3379162057E-02   -5.3153425700E-02
-5.2928579722E-02   -5.2704621101E-02   -5.2481546823E-02   -5.2259353880E-02
-5.2038039269E-02   -5.1817599996E-02   -5.1598033072E-02   -5.1379335516E-02
-5.1161504352E-02   -5.0944536611E-02   -5.0728429332E-02   -5.0513179560E-02
-5.0298784346E-02   -5.0085240749E-02   -4.9872545833E-02   -4.9660696669E-02
-4.9449690338E-02   -4.9239523923E-02   -4.9030194517E-02   -4.8821699218E-02
-4.8614035133E-02   -4.8407199372E-02   -4.8201189055E-02   -4.7996001309E-02
-4.7791633266E-02   -4.7588082064E-02   -4.7385344852E-02   -4.7183418782E-02
-4.6982301013E-02   -4.6781988713E-02   -4.6582479056E-02   -4.6383769223E-02
-4.6185856399E-02   -4.5988737782E-02   -4.5792410570E-02   -4.5596871973E-02
-4.5402119206E-02   -4.5208149491E-02   -4.5014960056E-02   -4.4822548137E-02
-4.4630910978E-02   -4.4440045827E-02   -4.4249949942E-02   -4.4060620586E-02
-4.3872055029E-02   -4.3684250549E-02   -4.3497204430E-02   -4.3310913963E-02
-4.3125376447E-02   -4.2940589187E-02   -4.2756549496E-02   -4.2573254692E-02
-4.2390702101E-02   -4.2208889057E-02   -4.2027812899E-02   -4.1847470975E-02
-4.1667860639E-02   -4.1488979252E-02   -4.1310824181E-02   -4.1133392803E-02
-4.0956682497E-02   -4.0780690655E-02   -4.0605414671E-02   -4.0430851948E-02
-4.0256999897E-02   -4.0083855934E-02   -3.9911417483E-02   -3.9739681975E-02
-3.9568646848E-02   -3.9398309547E-02   -3.9228667523E-02   -3.9059718235E-02
-3.8891459149E-02   -3.8723887738E-02   -3.8557001482E-02   -3.8390797866E-02
-3.8225274386E-02   -3.8060428541E-02   -3.7896257840E-02   -3.7732759797E-02
-3.7569931933E-02   -3.7407771777E-02   -3.7246276866E-02   -3.7085444740E-02
-3.6925272950E-02   -3.6765759051E-02   -3.6606900609E-02   -3.6448695192E-02
-3.6291140378E-02   -3.6134233751E-02   -3.5977972903E-02   -3.5822355431E-02
-3.5667378941E-02   -3.5513041045E-02   -3.5359339360E-02   -3.5206271514E-02
-3.5053835139E-02   -3.4902027874E-02   -3.4750847366E-02   -3.4600291269E-02
-3.4450357243E-02   -3.4301042955E-02   -3.4152346079E-02   -3.4004264296E-02
-3.3856795294E-02   -3.3709936768E-02   -3.3563686419E-02   -3.3418041956E-02
-3.3273001094E-02   -3.3128561555E-02   -3.2984721069E-02   -3.2841477370E-02
-3.2698828202E-02   -3.2556771315E-02   -3.2415304463E-02   -3.2274425411E-02
-3.2134131929E-02   -3.1994421792E-02   -3.1855292785E-02   -3.1716742698E-02
-3.1578769327E-02   -3.1441370477E-02   -3.1304543957E-02   -3.1168287586E-02
-3.1032599186E-02   -3.0897476590E-02   -3.0762917634E-02   -3.0628920162E-02
-3.0495482025E-02   -3.0362601081E-02   -3.0230275194E-02   -3.0098502235E-02
-2.9967280082E-02   -2.9836606618E-02   -2.9706479735E-02   -2.9576897330E-02
-2.9447857307E-02   -2.9319357577E-02   -2.9191396057E-02   -2.9063970672E-02
-2.8937079353E-02   -2.8810720035E-02   -2.8684890663E-02   -2.8559589188E-02
-2.8434813566E-02   -2.8310561760E-02   -2.8186831741E-02   -2.8063621486E-02
-2.7940928976E-02   -2.7818752202E-02   -2.7697089160E-02   -2.7575937852E-02
-2.7455296287E-02   -2.7335162481E-02   -2.7215534455E-02   -2.7096410238E-02
-2.6977787864E-02   -2.6859665376E-02   -2.6742040819E-02   -2.6624912249E-02
-2.6508277726E-02   -2.6392135317E-02   -2.6276483094E-02   -2.6161319137E-02
-2.6046641533E-02   -2.5932448372E-02   -2.5818737755E-02   -2.5705507784E-02
-2.5592756573E-02   -2.5480482237E-02   -2.5368682901E-02   -2.5257356694E-02
-2.5146501753E-02   -2.5036116220E-02   -2.4926198244E-02   -2.4816745980E-02
-2.4707757588E-02   -2.4599231236E-02   -2.4491165097E-02   -2.4383557351E-02
-2.4276406184E-02   -2.4169709788E-02   -2.4063466360E-02   -2.3957674104E-02
-2.3852331231E-02   -2.3747435958E-02   -2.3642986506E-02   -2.3538981105E-02
-2.3435417988E-02   -2.3332295396E-02   -2.3229611576E-02   -2.3127364780E-02
-2.3025553268E-02   -2.2924175303E-02   -2.2823229156E-02   -2.2722713104E-02
-2.2622625429E-02   -2.2522964420E-02   -2.2423728372E-02   -2.2324915583E-02
-2.2226524361E-02   -2.2128553018E-02   -2.2030999871E-02   -2.1933863244E-02
-2.1837141468E-02   -2.1740832877E-02   -2.1644935812E-02   -2.1549448622E-02
-2.1454369658E-02   -2.1359697280E-02   -2.1265429851E-02   -2.1171565743E-02
-2.1078103331E-02   -2.0985040996E-02   -2.0892377126E-02   -2.0800110115E-02
-2.0708238360E-02   -2.0616760266E-02   -2.0525674244E-02   -2.0434978709E-02
-2.0344672083E-02   -2.0254752791E-02   -2.0165219268E-02   -2.0076069951E-02
-1.9987303284E-02   -1.9898917717E-02   -1.9810911703E-02   -1.9723283704E-02
-1.9636032185E-02   -1.9549155617E-02   -1.9462652479E-02   -1.9376521252E-02
-1.9290760423E-02   -1.9205368487E-02   -1.9120343942E-02   -1.9035685292E-02
-1.8951391046E-02   -1.8867459720E-02   -1.8783889834E-02   -1.8700679914E-02
-1.8617828491E-02   -1.8535334100E-02   -1.8453195285E-02   -1.8371410592E-02
-1.8289978572E-02   -1.8208897785E-02   -1.8128166792E-02   -1.8047784162E-02
-1.7967748469E-02   -1.7888058290E-02   -1.7808712210E-02   -1.7729708818E-02
-1.7651046707E-02   -1.7572724478E-02   -1.7494740735E-02   -1.7417094087E-02
-1.7339783149E-02   -1.7262806541E-02   -1.7186162888E-02   -1.7109850821E-02
-1.7033868974E-02   -1.6958215987E-02   -1.6882890506E-02   -1.6807891182E-02
-1.6733216669E-02   -1.6658865627E-02   -1.6584836723E-02   -1.6511128625E-02
-1.6437740010E-02   -1.6364669558E-02   -1.6291915954E-02   -1.6219477887E-02
-1.6147354053E-02   -1.6075543151E-02   -1.6004043886E-02   -1.5932854968E-02
-1.5861975110E-02   -1.5791403033E-02   -1.5721137460E-02   -1.5651177120E-02
-1.5581520746E-02   -1.5512167077E-02   -1.5443114857E-02   -1.5374362832E-02
-1.5305909756E-02   -1.5237754386E-02   -1.5169895483E-02   -1.5102331815E-02
-1.5035062154E-02   -1.4968085274E-02   -1.4901399957E-02   -1.4835004989E-02
-1.4768899158E-02   -1.4703081261E-02   -1.4637550095E-02   -1.4572304464E-02
-1.4507343178E-02   -1.4442665048E-02   -1.4378268893E-02   -1.4314153533E-02
-1.4250317796E-02   -1.4186760513E-02   -1.4123480518E-02   -1.4060476652E-02
-1.3997747759E-02   -1.3935292688E-02   -1.3873110291E-02   -1.3811199427E-02
-1.3749558958E-02   -1.3688187749E-02   -1.3627084672E-02   -1.3566248602E-02
-1.3505678418E-02   -1.3445373004E-02   -1.3385331248E-02   -1.3325552043E-02
-1.3266034284E-02   -1.3206776874E-02   -1.3147778717E-02   -1.3089038723E-02
-1.3030555805E-02   -1.2972328881E-02   -1.2914356874E-02   -1.2856638710E-02
-1.2799173319E-02   -1.2741959637E-02   -1.2684996601E-02   -1.2628283155E-02
-1.2571818245E-02   -1.2515600824E-02   -1.2459629846E-02   -1.2403904271E-02
-1.2348423062E-02   -1.2293185187E-02   -1.2238189618E-02   -1.2183435329E-02
-1.2128921300E-02   -1.2074646516E-02   -1.2020609963E-02   -1.1966810634E-02
-1.1913247524E-02   -1.1859919632E-02   -1.1806825962E-02   -1.1753965522E-02
-1.1701337321E-02   -1.1648940377E-02   -1.1596773708E-02   -1.1544836336E-02
-1.1493127289E-02   -1.1441645597E-02   -1.1390390296E-02   -1.1339360422E-02
-1.1288555019E-02   -1.1237973132E-02   -1.1187613811E-02   -1.1137476110E-02
-1.1087559085E-02   -1.1037861798E-02   -1.0988383314E-02   -1.0939122701E-02
-1.0890079031E-02   -1.0841251380E-02   -1.0792638828E-02   -1.0744240457E-02
-1.0696055356E-02   -1.0648082613E-02   -1.0600321324E-02   -1.0552770586E-02
-1.0505429501E-02   -1.0458297174E-02   -1.0411372712E-02   -1.0364655229E-02
-1.0318143840E-02   -1.0271837664E-02   -1.0225735825E-02   -1.0179837447E-02
-1.0134141662E-02   -1.0088647602E-02   -1.0043354405E-02   -9.9982612095E-03
-9.9533671608E-03   -9.9086714054E-03   -9.8641730942E-03   -9.8198713810E-03
-9.7757654233E-03   -9.7318543820E-03   -9.6881374213E-03   -9.6446137089E-03
-9.6012824156E-03   -9.5581427159E-03   -9.5151937874E-03   -9.4724348111E-03
-9.4298649714E-03   -9.3874834557E-03   -9.3452894551E-03   -9.3032821638E-03
-9.2614607792E-03   -9.2198245020E-03   -9.1783725362E-03   -9.1371040891E-03
-9.0960183709E-03   -9.0551145955E-03   -9.0143919796E-03   -8.9738497432E-03
-8.9334871095E-03   -8.8933033050E-03   -8.8532975592E-03   -8.8134691046E-03
-8.7738171772E-03   -8.7343410158E-03   -8.6950398624E-03   -8.6559129623E-03
-8.6169595635E-03   -8.5781789174E-03   -8.5395702783E-03   -8.5011329037E-03
-8.4628660539E-03   -8.4247689925E-03   -8.3868409860E-03   -8.3490813038E-03
-8.3114892185E-03   -8.2740640054E-03   -8.2368049432E-03   -8.1997113132E-03
-8.1627823998E-03   -8.1260174904E-03   -8.0894158751E-03   -8.0529768471E-03
-8.0166997026E-03   -7.9805837405E-03   -7.9446282627E-03   -7.9088325739E-03
-7.8731959818E-03   -7.8377177968E-03   -7.8023973322E-03   -7.7672339043E-03
-7.7322268319E-03   -7.6973754370E-03   -7.6626790440E-03   -7.6281369804E-03
-7.5937485763E-03   -7.5595131647E-03   -7.5254300813E-03   -7.4914986646E-03
-7.4577182557E-03   -7.4240881987E-03   -7.3906078401E-03   -7.3572765293E-03
-7.3240936184E-03   -7.2910584622E-03   -7.2581704180E-03   -7.2254288461E-03
-7.1928331091E-03   -7.1603825724E-03   -7.1280766042E-03   -7.0959145752E-03
-7.0638958585E-03   -7.0320198302E-03   -7.0002858688E-03   -6.9686933553E-03
-6.9372416735E-03   -6.9059302097E-03   -6.8747583525E-03   -6.8437254935E-03
-6.8128310265E-03   -6.7820743480E-03   -6.7514548569E-03   -6.7209719548E-03
-6.6906250455E-03   -6.6604135356E-03   -6.6303368341E-03   -6.6003943523E-03
-6.5705855042E-03   -6.5409097061E-03   -6.5113663769E-03   -6.4819549377E-03
-6.4526748122E-03   -6.4235254265E-03   -6.3945062091E-03   -6.3656165909E-03
-6.3368560051E-03   -6.3082238875E-03   -6.2797196760E-03   -6.2513428110E-03
-6.2230927353E-03   -6.1949688939E-03   -6.1669707344E-03   -6.1390977064E-03
-6.1113492619E-03   -6.0837248555E-03   -6.0562239437E-03   -6.0288459856E-03
-6.0015904422E-03   -5.9744567773E-03   -5.9474444565E-03   -5.9205529479E-03
-5.8937817218E-03   -5.8671302506E-03   -5.8405980092E-03   -5.8141844744E-03
-5.7878891256E-03   -5.7617114439E-03   -5.7356509130E-03   -5.7097070187E-03
-5.6838792489E-03   -5.6581670937E-03   -5.6325700453E-03   -5.6070875982E-03
-5.5817192489E-03   -5.5564644960E-03   -5.5313228405E-03   -5.5062937851E-03
-5.4813768350E-03   -5.4565714973E-03   -5.4318772812E-03   -5.4072936980E-03
-5.3828202612E-03   -5.3584564861E-03   -5.3342018902E-03   -5.3100559932E-03
-5.2860183167E-03   -5.2620883842E-03   -5.2382657215E-03   -5.2145498562E-03
-5.1909403180E-03   -5.1674366387E-03   -5.1440383519E-03   -5.1207449933E-03
-5.0975561005E-03   -5.0744712133E-03   -5.0514898731E-03   -5.0286116236E-03
-5.0058360102E-03   -4.9831625803E-03   -4.9605908834E-03   -4.9381204707E-03
-4.9157508955E-03   -4.8934817127E-03   -4.8713124796E-03   -4.8492427549E-03
-4.8272720994E-03   -4.8054000760E-03   -4.7836262490E-03   -4.7619501848E-03
-4.7403714519E-03   -4.7188896202E-03   -4.6975042618E-03   -4.6762149503E-03
-4.6550212615E-03   -4.6339227727E-03   -4.6129190633E-03   -4.5920097141E-03
-4.5711943082E-03   -4.5504724301E-03   -4.5298436662E-03   -4.5093076048E-03
-4.4888638357E-03   -4.4685119508E-03   -4.4482515434E-03   -4.4280822089E-03
-4.4080035440E-03   -4.3880151477E-03   -4.3681166202E-03   -4.3483075637E-03
-4.3285875821E-03   -4.3089562808E-03   -4.2894132672E-03   -4.2699581502E-03
-4.2505905404E-03   -4.2313100501E-03   -4.2121162933E-03   -4.1930088856E-03
-4.1739874443E-03   -4.1550515883E-03   -4.1362009383E-03   -4.1174351164E-03
-4.0987537464E-03   -4.0801564540E-03   -4.0616428660E-03   -4.0432126114E-03
-4.0248653202E-03   -4.0066006245E-03   -3.9884181578E-03   -3.9703175550E-03
-3.9522984528E-03   -3.9343604895E-03   -3.9165033049E-03   -3.8987265402E-03
-3.8810298384E-03   -3.8634128439E-03   -3.8458752026E-03   -3.8284165622E-03
-3.8110365715E-03   -3.7937348813E-03   -3.7765111434E-03   -3.7593650115E-03
-3.7422961408E-03   -3.7253041876E-03   -3.7083888102E-03   -3.6915496680E-03
-3.6747864220E-03   -3.6580987347E-03   -3.6414862702E-03   -3.6249486937E-03
-3.6084856722E-03   -3.5920968739E-03   -3.5757819686E-03   -3.5595406275E-03
-3.5433725232E-03   -3.5272773297E-03   -3.5112547225E-03   -3.4953043783E-03
-3.4794259756E-03   -3.4636191939E-03   -3.4478837142E-03   -3.4322192191E-03
-3.4166253924E-03   -3.4011019192E-03   -3.3856484861E-03   -3.3702647810E-03
-3.3549504933E-03   -3.3397053136E-03   -3.3245289338E-03   -3.3094210474E-03
-3.2943813489E-03   -3.2794095343E-03   -3.2645053011E-03   -3.2496683478E-03
-3.2348983744E-03   -3.2201950821E-03   -3.2055581736E-03   -3.1909873526E-03
-3.1764823244E-03   -3.1620427954E-03   -3.1476684733E-03   -3.1333590671E-03
-3.1191142872E-03   -3.1049338449E-03   -3.0908174532E-03   -3.0767648261E-03
-3.0627756788E-03   -3.0488497280E-03   -3.0349866914E-03   -3.0211862880E-03
-3.0074482381E-03   -2.9937722632E-03   -2.9801580859E-03   -2.9666054302E-03
-2.9531140211E-03   -2.9396835850E-03   -2.9263138494E-03   -2.9130045430E-03
-2.8997553957E-03   -2.8865661385E-03   -2.8734365037E-03   -2.8603662248E-03
-2.8473550363E-03   -2.8344026741E-03   -2.8215088749E-03   -2.8086733769E-03
-2.7958959193E-03   -2.7831762425E-03   -2.7705140879E-03   -2.7579091982E-03
-2.7453613172E-03   -2.7328701898E-03   -2.7204355619E-03   -2.7080571807E-03
-2.6957347943E-03   -2.6834681523E-03   -2.6712570049E-03   -2.6591011038E-03
-2.6470002015E-03   -2.6349540517E-03   -2.6229624094E-03   -2.6110250302E-03
-2.5991416713E-03   -2.5873120905E-03   -2.5755360470E-03   -2.5638133010E-03
-2.5521436135E-03   -2.5405267469E-03   -2.5289624645E-03   -2.5174505305E-03
-2.5059907104E-03   -2.4945827705E-03   -2.4832264783E-03   -2.4719216022E-03
-2.4606679118E-03   -2.4494651774E-03   -2.4383131706E-03   -2.4272116640E-03
-2.4161604309E-03   -2.4051592460E-03   -2.3942078847E-03   -2.3833061235E-03
-2.3724537400E-03   -2.3616505124E-03   -2.3508962204E-03   -2.3401906442E-03
-2.3295335654E-03   -2.3189247661E-03   -2.3083640297E-03   -2.2978511406E-03
-2.2873858838E-03   -2.2769680455E-03   -2.2665974129E-03   -2.2562737739E-03
-2.2459969177E-03   -2.2357666340E-03   -2.2255827137E-03   -2.2154449486E-03
-2.2053531313E-03   -2.1953070555E-03   -2.1853065157E-03   -2.1753513073E-03
-2.1654412266E-03   -2.1555760708E-03   -2.1457556381E-03   -2.1359797274E-03
-2.1262481388E-03   -2.1165606728E-03   -2.1069171314E-03   -2.0973173169E-03
-2.0877610328E-03   -2.0782480834E-03   -2.0687782739E-03   -2.0593514102E-03
-2.0499672993E-03   -2.0406257489E-03   -2.0313265675E-03   -2.0220695647E-03
-2.0128545507E-03   -2.0036813365E-03   -1.9945497342E-03   -1.9854595566E-03
-1.9764106172E-03   -1.9674027306E-03   -1.9584357119E-03   -1.9495093773E-03
-1.9406235437E-03   -1.9317780287E-03   -1.9229726510E-03   -1.9142072298E-03
-1.9054815852E-03   -1.8967955383E-03   -1.8881489107E-03   -1.8795415249E-03
-1.8709732042E-03   -1.8624437728E-03   -1.8539530554E-03   -1.8455008778E-03
-1.8370870663E-03   -1.8287114482E-03   -1.8203738513E-03   -1.8120741045E-03
-1.8038120371E-03   -1.7955874795E-03   -1.7874002626E-03   -1.7792502182E-03
-1.7711371788E-03   -1.7630609776E-03   -1.7550214486E-03   -1.7470184265E-03
-1.7390517467E-03   -1.7311212455E-03   -1.7232267597E-03   -1.7153681271E-03
-1.7075451858E-03   -1.6997577752E-03   -1.6920057348E-03   -1.6842889053E-03
-1.6766071279E-03   -1.6689602444E-03   -1.6613480975E-03   -1.6537705306E-03
-1.6462273877E-03   -1.6387185134E-03   -1.6312437533E-03   -1.6238029534E-03
-1.6163959604E-03   -1.6090226219E-03   -1.6016827861E-03   -1.5943763017E-03
-1.5871030182E-03   -1.5798627858E-03   -1.5726554554E-03   -1.5654808784E-03
-1.5583389071E-03   -1.5512293942E-03   -1.5441521932E-03   -1.5371071582E-03
-1.5300941442E-03   -1.5231130063E-03   -1.5161636009E-03   -1.5092457845E-03
-1.5023594145E-03   -1.4955043490E-03   -1.4886804465E-03   -1.4818875663E-03
-1.4751255683E-03   -1.4683943130E-03   -1.4616936616E-03   -1.4550234758E-03
-1.4483836180E-03   -1.4417739511E-03   -1.4351943388E-03   -1.4286446452E-03
-1.4221247353E-03   -1.4156344744E-03   -1.4091737284E-03   -1.4027423642E-03
-1.3963402488E-03   -1.3899672500E-03   -1.3836232364E-03   -1.3773080768E-03
-1.3710216408E-03   -1.3647637986E-03   -1.3585344210E-03   -1.3523333791E-03
-1.3461605450E-03   -1.3400157911E-03   -1.3338989904E-03   -1.3278100166E-03
-1.3217487437E-03   -1.3157150466E-03   -1.3097088005E-03   -1.3037298812E-03
-1.2977781652E-03   -1.2918535294E-03   -1.2859558513E-03   -1.2800850091E-03
-1.2742408812E-03   -1.2684233468E-03   -1.2626322857E-03   -1.2568675780E-03
-1.2511291045E-03   -1.2454167465E-03   -1.2397303858E-03   -1.2340699048E-03
-1.2284351864E-03   -1.2228261139E-03   -1.2172425714E-03   -1.2116844432E-03
-1.2061516143E-03   -1.2006439702E-03   -1.1951613969E-03   -1.1897037809E-03
-1.1842710093E-03   -1.1788629695E-03   -1.1734795495E-03   -1.1681206380E-03
-1.1627861239E-03   -1.1574758967E-03   -1.1521898466E-03   -1.1469278639E-03
-1.1416898397E-03   -1.1364756656E-03   -1.1312852334E-03   -1.1261184356E-03
-1.1209751652E-03   -1.1158553157E-03   -1.1107587808E-03   -1.1056854551E-03
-1.1006352334E-03   -1.0956080110E-03   -1.0906036836E-03   -1.0856221476E-03
-1.0806632997E-03   -1.0757270372E-03   -1.0708132575E-03   -1.0659218589E-03
-1.0610527400E-03   -1.0562057998E-03   -1.0513809377E-03   -1.0465780537E-03
-1.0417970481E-03   -1.0370378219E-03   -1.0323002763E-03   -1.0275843130E-03
-1.0228898341E-03   -1.0182167424E-03   -1.0135649407E-03   -1.0089343326E-03
-1.0043248221E-03   -9.9973631334E-04   -9.9516871123E-04   -9.9062192093E-04
-9.8609584808E-04   -9.8159039872E-04   -9.7710547932E-04   -9.7264099678E-04
-9.6819685841E-04   -9.6377297194E-04   -9.5936924551E-04   -9.5498558769E-04
-9.5062190743E-04   -9.4627811411E-04   -9.4195411753E-04   -9.3764982788E-04
-9.3336515574E-04   -9.2910001212E-04   -9.2485430842E-04   -9.2062795643E-04