1.2191064130E-11    3.6494241943E-04    1.4589264112E-03    3.2794247117E-03
5.8222337911E-03    9.0814867209E-03    1.3049671153E-02    1.7717652380E-02
2.3074701434E-02    2.9108528164E-02    3.5805319234E-02    4.3149780951E-02
5.1125186829E-02    5.9713429783E-02    6.8895078807E-02    7.8649440008E-02
8.8954621805E-02    9.9787604118E-02    1.1112431133E-01    1.2293968879E-01
1.3520778259E-01    1.4790182234E-01    1.6099430666E-01    1.7445709102E-01
1.8826147765E-01    2.0237830706E-01    2.1677805085E-01    2.3143090548E-01
2.4630688635E-01    2.6137592211E-01    2.7660794840E-01    2.9197300092E-01
3.0744130708E-01    3.2298337614E-01    3.3857008700E-01    3.5417277361E-01
3.6976330737E-01    3.8531417610E-01    4.0079855946E-01    4.1619040012E-01
4.3146447071E-01    4.4659643604E-01    4.6156291041E-01    4.7634150976E-01
4.9091089866E-01    5.0525083164E-01    5.1934218918E-01    5.3316700799E-01
5.4670850571E-01    5.5995110007E-01    5.7288042242E-01    5.8548332596E-01
5.9774788864E-01    6.0966341094E-01    6.2122040876E-01    6.3241060165E-01
6.4322689660E-01    6.5366336772E-01    6.6371523206E-01    6.7337882189E-01
6.8265155373E-01    6.9153189455E-01    7.0001932536E-01    7.0811430248E-01
7.1581821698E-01    7.2313335241E-01    7.3006284119E-01    7.3661061996E-01
7.4278138413E-01    7.4858054180E-01    7.5401416745E-01    7.5908895538E-01
7.6381217325E-01    7.6819161580E-01    7.7223555888E-01    7.7595271397E-01
7.7935218316E-01    7.8244341480E-01    7.8523615984E-01    7.8774042884E-01
7.8996644975E-01    7.9192462656E-01    7.9362549861E-01    7.9507970085E-01
7.9629792493E-01    7.9729088105E-01    7.9806926083E-01    7.9864370103E-01
7.9902474819E-01    7.9922282437E-01    7.9924819382E-01    7.9911093088E-01
7.9882088907E-01    7.9838767141E-01    7.9782060229E-01    7.9712870074E-01
7.9632065542E-01    7.9540480140E-01    7.9438909887E-01    7.9328111394E-01
7.9208800161E-01    7.9081649124E-01    7.8947287438E-01    7.8806299536E-01
7.8659224457E-01    7.8506555467E-01    7.8348739970E-01    7.8186179728E-01
7.8019231378E-01    7.7848207266E-01    7.7673376585E-01    7.7494966812E-01
7.7313165447E-01    7.7128122028E-01    7.6939950419E-01    7.6748731357E-01
7.6554515216E-01    7.6357324995E-01    7.6157159471E-01    7.5953996514E-01
7.5747796519E-01    7.5538505915E-01    7.5326060730E-01    7.5110390165E-01
7.4891420139E-01    7.4669076769E-01    7.4443289739E-01    7.4213995537E-01
7.3981140499E-01    7.3744683640E-01    7.3504599241E-01    7.3260879139E-01
7.3013534752E-01    7.2762598588E-01    7.2508125789E-01    7.2250194783E-01
7.1988908036E-01    7.1724386834E-01    7.1456764277E-01    7.1186172463E-01
7.0912737367E-01    7.0636579938E-01    7.0357817888E-01    7.0076568214E-01
6.9792944607E-01    6.9507057270E-01    6.9219013803E-01    6.8928919077E-01
6.8636875224E-01    6.8342981734E-01    6.8047335511E-01    6.7750030930E-01
6.7451159896E-01    6.7150811898E-01    6.6849074068E-01    6.6546031232E-01
6.6241765964E-01    6.5936358639E-01    6.5629887488E-01    6.5322428638E-01
6.5014056173E-01    6.4704842176E-01    6.4394856775E-01    6.4084168194E-01
6.3772842795E-01    6.3460945123E-01    6.3148537951E-01    6.2835682317E-01
6.2522437574E-01    6.2208861423E-01    6.1895009956E-01    6.1580937694E-01
6.1266697625E-01    6.0952341242E-01    6.0637918577E-01    6.0323478236E-01
6.0009067437E-01    5.9694732040E-01    5.9380516581E-01    5.9066464304E-01
5.8752617192E-01    5.8439016000E-01    5.8125700280E-01    5.7812708415E-01
5.7500077642E-01    5.7187844085E-01    5.6876042781E-01    5.6564707701E-01
5.6253871784E-01    5.5943566955E-01    5.5633824154E-01    5.5324673356E-01
5.5016143600E-01    5.4708263004E-01    5.4401058795E-01    5.4094557324E-01
5.3788784092E-01    5.3483763769E-01    5.3179520210E-01    5.2876076483E-01
5.2573454880E-01    5.2271676941E-01    5.1970763468E-01    5.1670734548E-01
5.1371609563E-01    5.1073407217E-01    5.0776145540E-01    5.0479841916E-01
5.0184513091E-01    4.9890175192E-01    4.9596843739E-01    4.9304533664E-01
4.9013259320E-01    4.8723034500E-01    4.8433872448E-01    4.8145785872E-01
4.7858786956E-01    4.7572887378E-01    4.7288098316E-01    4.7004430464E-01
4.6721894042E-01    4.6440498809E-01    4.6160254074E-01    4.5881168706E-01
4.5603251144E-01    4.5326509413E-01    4.5050951127E-01    4.4776583504E-01
4.4503413374E-01    4.4231447190E-01    4.3960691034E-01    4.3691150633E-01
4.3422831361E-01    4.3155738250E-01    4.2889876002E-01    4.2625248994E-01
4.2361861286E-01    4.2099716631E-01    4.1838818483E-01    4.1579170004E-01
4.1320774070E-01    4.1063633282E-01    4.0807749971E-01    4.0553126205E-01
4.0299763796E-01    4.0047664310E-01    3.9796829067E-01    3.9547259156E-01
3.9298955434E-01    3.9051918536E-01    3.8806148882E-01    3.8561646680E-01
3.8318411933E-01    3.8076444447E-01    3.7835743834E-01    3.7596309518E-01
3.7358140741E-01    3.7121236569E-01    3.6885595894E-01    3.6651217445E-01
3.6418099787E-01    3.6186241327E-01    3.5955640323E-01    3.5726294884E-01
3.5498202976E-01    3.5271362427E-01    3.5045770931E-01    3.4821426053E-01
3.4598325232E-01    3.4376465785E-01    3.4155844913E-01    3.3936459700E-01
3.3718307125E-01    3.3501384058E-01    3.3285687268E-01    3.3071213424E-01
3.2857959100E-01    3.2645920780E-01    3.2435094856E-01    3.2225477639E-01
3.2017065354E-01    3.1809854148E-01    3.1603840095E-01    3.1399019192E-01
3.1195387368E-01    3.0992940484E-01    3.0791674336E-01    3.0591584661E-01
3.0392667133E-01    3.0194917370E-01    2.9998330939E-01    2.9802903353E-01
2.9608630074E-01    2.9415506519E-01    2.9223528061E-01    2.9032690028E-01
2.8842987710E-01    2.8654416357E-01    2.8466971183E-01    2.8280647368E-01
2.8095440059E-01    2.7911344374E-01    2.7728355400E-01    2.7546468198E-01
2.7365677805E-01    2.7185979234E-01    2.7007367474E-01    2.6829837496E-01
2.6653384252E-01    2.6478002676E-01    2.6303687687E-01    2.6130434188E-01
2.5958237072E-01    2.5787091218E-01    2.5616991495E-01    2.5447932763E-01
2.5279909875E-01    2.5112917676E-01    2.4946951007E-01    2.4782004703E-01
2.4618073597E-01    2.4455152519E-01    2.4293236297E-01    2.4132319762E-01
2.3972397741E-01    2.3813465065E-01    2.3655516569E-01    2.3498547089E-01
2.3342551466E-01    2.3187524545E-01    2.3033461179E-01    2.2880356226E-01
2.2728204551E-01    2.2577001027E-01    2.2426740537E-01    2.2277417971E-01
2.2129028231E-01    2.1981566229E-01    2.1835026886E-01    2.1689405138E-01
2.1544695931E-01    2.1400894225E-01    2.1257994990E-01    2.1115993214E-01
2.0974883897E-01    2.0834662053E-01    2.0695322712E-01    2.0556860919E-01
2.0419271734E-01    2.0282550236E-01    2.0146691516E-01    2.0011690686E-01
1.9877542873E-01    1.9744243221E-01    1.9611786893E-01    1.9480169070E-01
1.9349384951E-01    1.9219429752E-01    1.9090298711E-01    1.8961987082E-01
1.8834490140E-01    1.8707803178E-01    1.8581921510E-01    1.8456840469E-01
1.8332555408E-01    1.8209061700E-01    1.8086354739E-01    1.7964429938E-01
1.7843282731E-01    1.7722908574E-01    1.7603302942E-01    1.7484461332E-01
1.7366379260E-01    1.7249052266E-01    1.7132475908E-01    1.7016645767E-01
1.6901557445E-01    1.6787206565E-01    1.6673588771E-01    1.6560699729E-01
1.6448535126E-01    1.6337090670E-01    1.6226362091E-01    1.6116345140E-01
1.6007035591E-01    1.5898429236E-01    1.5790521892E-01    1.5683309396E-01
1.5576787605E-01    1.5470952401E-01    1.5365799684E-01    1.5261325376E-01
1.5157525423E-01    1.5054395788E-01    1.4951932459E-01    1.4850131443E-01
1.4748988770E-01    1.4648500489E-01    1.4548662671E-01    1.4449471410E-01
1.4350922817E-01    1.4253013028E-01    1.4155738197E-01    1.4059094500E-01
1.3963078134E-01    1.3867685316E-01    1.3772912284E-01    1.3678755297E-01
1.3585210632E-01    1.3492274591E-01    1.3399943492E-01    1.3308213675E-01
1.3217081501E-01    1.3126543348E-01    1.3036595619E-01    1.2947234732E-01
1.2858457127E-01    1.2770259265E-01    1.2682637623E-01    1.2595588702E-01
1.2509109020E-01    1.2423195114E-01    1.2337843541E-01    1.2253050878E-01
1.2168813719E-01    1.2085128680E-01    1.2001992394E-01    1.1919401513E-01
1.1837352707E-01    1.1755842668E-01    1.1674868102E-01    1.1594425736E-01
1.1514512316E-01    1.1435124605E-01    1.1356259384E-01    1.1277913453E-01
1.1200083630E-01    1.1122766751E-01    1.1045959668E-01    1.0969659252E-01
1.0893862393E-01    1.0818565997E-01    1.0743766988E-01    1.0669462306E-01
1.0595648910E-01    1.0522323775E-01    1.0449483894E-01    1.0377126277E-01
1.0305247950E-01    1.0233845956E-01    1.0162917355E-01    1.0092459223E-01
1.0022468654E-01    9.9529427578E-02    9.8838786591E-02    9.8152735006E-02
9.7471244403E-02    9.6794286527E-02    9.6121833280E-02    9.5453856724E-02
9.4790329080E-02    9.4131222725E-02    9.3476510192E-02    9.2826164171E-02
9.2180157506E-02    9.1538463194E-02    9.0901054386E-02    9.0267904384E-02
8.9638986644E-02    8.9014274769E-02    8.8393742514E-02    8.7777363781E-02
8.7165112623E-02    8.6556963236E-02    8.5952889966E-02    8.5352867302E-02
8.4756869881E-02    8.4164872481E-02    8.3576850025E-02    8.2992777577E-02
8.2412630344E-02    8.1836383674E-02    8.1264013053E-02    8.0695494111E-02
8.0130802611E-02    7.9569914458E-02    7.9012805694E-02    7.8459452494E-02
7.7909831174E-02    7.7363918180E-02    7.6821690095E-02    7.6283123635E-02
7.5748195650E-02    7.5216883120E-02    7.4689163158E-02    7.4165013008E-02
7.3644410042E-02    7.3127331764E-02    7.2613755805E-02    7.2103659925E-02
7.1597022012E-02    7.1093820078E-02    7.0594032263E-02    7.0097636834E-02
6.9604612179E-02    6.9114936814E-02    6.8628589375E-02    6.8145548622E-02
6.7665793439E-02    6.7189302830E-02    6.6716055919E-02    6.6246031951E-02
6.5779210293E-02    6.5315570428E-02    6.4855091958E-02    6.4397754604E-02
6.3943538203E-02    6.3492422710E-02    6.3044388195E-02    6.2599414845E-02
6.2157482959E-02    6.1718572953E-02    6.1282665355E-02    6.0849740807E-02
6.0419780063E-02    5.9992763991E-02    5.9568673567E-02    5.9147489881E-02
5.8729194131E-02    5.8313767626E-02    5.7901191784E-02    5.7491448130E-02
5.7084518301E-02    5.6680384038E-02    5.6279027189E-02    5.5880429712E-02
5.5484573666E-02    5.5091441219E-02    5.4701014642E-02    5.4313276312E-02
5.3928208709E-02    5.3545794415E-02    5.3166016116E-02    5.2788856600E-02
5.2414298758E-02    5.2042325580E-02    5.1672920158E-02    5.1306065683E-02
5.0941745448E-02    5.0579942844E-02    5.0220641359E-02    4.9863824581E-02
4.9509476196E-02    4.9157579987E-02    4.8808119832E-02    4.8461079707E-02
4.8116443684E-02    4.7774195929E-02    4.7434320702E-02    4.7096802361E-02
4.6761625354E-02    4.6428774223E-02    4.6098233605E-02    4.5769988228E-02
4.5444022911E-02    4.5120322566E-02    4.4798872195E-02    4.4479656891E-02
4.4162661837E-02    4.3847872306E-02    4.3535273660E-02    4.3224851348E-02
4.2916590911E-02    4.2610477973E-02    4.2306498250E-02    4.2004637542E-02
4.1704881736E-02    4.1407216805E-02    4.1111628809E-02    4.0818103891E-02
4.0526628280E-02    4.0237188288E-02    3.9949770313E-02    3.9664360834E-02
3.9380946415E-02    3.9099513701E-02    3.8820049420E-02    3.8542540381E-02
3.8266973475E-02    3.7993335673E-02    3.7721614027E-02    3.7451795669E-02
3.7183867810E-02    3.6917817740E-02    3.6653632829E-02    3.6391300524E-02
3.6130808351E-02    3.5872143912E-02    3.5615294888E-02    3.5360249035E-02
3.5106994186E-02    3.4855518250E-02    3.4605809211E-02    3.4357855129E-02
3.4111644138E-02    3.3867164445E-02    3.3624404333E-02    3.3383352157E-02
3.3143996347E-02    3.2906325403E-02    3.2670327899E-02    3.2435992480E-02
3.2203307865E-02    3.1972262840E-02    3.1742846265E-02    3.1515047070E-02
3.1288854252E-02    3.1064256882E-02    3.0841244098E-02    3.0619805106E-02
3.0399929182E-02    3.0181605669E-02    2.9964823979E-02    2.9749573591E-02
2.9535844049E-02    2.9323624966E-02    2.9112906021E-02    2.8903676957E-02
2.8695927586E-02    2.8489647781E-02    2.8284827483E-02    2.8081456695E-02
2.7879525487E-02    2.7679023989E-02    2.7479942399E-02    2.7282270973E-02
2.7086000032E-02    2.6891119962E-02    2.6697621206E-02    2.6505494271E-02
2.6314729726E-02    2.6125318199E-02    2.5937250381E-02    2.5750517022E-02
2.5565108930E-02    2.5381016976E-02    2.5198232087E-02    2.5016745251E-02
2.4836547515E-02    2.4657629981E-02    2.4479983813E-02    2.4303600229E-02
2.4128470507E-02    2.3954585979E-02    2.3781938036E-02    2.3610518124E-02
2.3440317746E-02    2.3271328459E-02    2.3103541876E-02    2.2936949666E-02
2.2771543550E-02    2.2607315306E-02    2.2444256764E-02    2.2282359809E-02
2.2121616379E-02    2.1962018464E-02    2.1803558109E-02    2.1646227409E-02
2.1490018512E-02    2.1334923618E-02    2.1180934979E-02    2.1028044897E-02
2.0876245726E-02    2.0725529869E-02    2.0575889781E-02    2.0427317967E-02
2.0279806980E-02    2.0133349424E-02    1.9987937951E-02    1.9843565262E-02
1.9700224107E-02    1.9557907285E-02    1.9416607641E-02    1.9276318069E-02
1.9137031510E-02    1.8998740951E-02    1.8861439428E-02    1.8725120023E-02
1.8589775861E-02    1.8455400117E-02    1.8321986011E-02    1.8189526806E-02
1.8058015813E-02    1.7927446385E-02    1.7797811922E-02    1.7669105868E-02
1.7541321709E-02    1.7414452976E-02    1.7288493245E-02    1.7163436134E-02
1.7039275302E-02    1.6916004453E-02    1.6793617334E-02    1.6672107732E-02
1.6551469477E-02    1.6431696441E-02    1.6312782538E-02    1.6194721720E-02
1.6077507984E-02    1.5961135364E-02    1.5845597937E-02    1.5730889818E-02
1.5617005165E-02    1.5503938172E-02    1.5391683075E-02    1.5280234147E-02
1.5169585702E-02    1.5059732091E-02    1.4950667704E-02    1.4842386970E-02
1.4734884354E-02    1.4628154361E-02    1.4522191532E-02    1.4416990444E-02
1.4312545714E-02    1.4208851994E-02    1.4105903972E-02    1.4003696373E-02
1.3902223959E-02    1.3801481525E-02    1.3701463905E-02    1.3602165966E-02
1.3503582611E-02    1.3405708778E-02    1.3308539439E-02    1.3212069601E-02
1.3116294305E-02    1.3021208627E-02    1.2926807676E-02    1.2833086593E-02
1.2740040556E-02    1.2647664774E-02    1.2555954487E-02    1.2464904972E-02
1.2374511536E-02    1.2284769519E-02    1.2195674291E-02    1.2107221258E-02
1.2019405854E-02    1.1932223546E-02    1.1845669833E-02    1.1759740243E-02
1.1674430337E-02    1.1589735706E-02    1.1505651972E-02    1.1422174785E-02
1.1339299827E-02    1.1257022810E-02    1.1175339476E-02    1.1094245595E-02
1.1013736967E-02    1.0933809421E-02    1.0854458816E-02    1.0775681039E-02
1.0697472004E-02    1.0619827657E-02    1.0542743968E-02    1.0466216938E-02
1.0390242594E-02    1.0314816992E-02    1.0239936215E-02    1.0165596374E-02
1.0091793604E-02    1.0018524071E-02    9.9457839644E-03    9.8735695027E-03
9.8018769293E-03    9.7307025141E-03    9.6600425533E-03    9.5898933685E-03
9.5202513075E-03    9.4511127431E-03    9.3824740738E-03    9.3143317231E-03
9.2466821397E-03    9.1795217969E-03    9.1128471928E-03    9.0466548500E-03
8.9809413155E-03    8.9157031603E-03    8.8509369797E-03    8.7866393926E-03
8.7228070417E-03    8.6594365934E-03    8.5965247372E-03    8.5340681860E-03
8.4720636757E-03    8.4105079653E-03    8.3493978364E-03    8.2887300931E-03
8.2285015622E-03    8.1687090927E-03    8.1093495558E-03    8.0504198446E-03
7.9919168742E-03    7.9338375813E-03    7.8761789242E-03    7.8189378827E-03
7.7621114578E-03    7.7056966716E-03    7.6496905673E-03    7.5940902088E-03
7.5388926808E-03    7.4840950887E-03    7.4296945579E-03    7.3756882346E-03
7.3220732848E-03    7.2688468947E-03    7.2160062702E-03    7.1635486372E-03
7.1114712409E-03    7.0597713462E-03    7.0084462372E-03    6.9574932174E-03
6.9069096092E-03    6.8566927540E-03    6.8068400120E-03    6.7573487621E-03
6.7082164018E-03    6.6594403470E-03    6.6110180320E-03    6.5629469091E-03
6.5152244488E-03    6.4678481395E-03    6.4208154874E-03    6.3741240164E-03
6.3277712680E-03    6.2817548011E-03    6.2360721920E-03    6.1907210340E-03
6.1456989379E-03    6.1010035310E-03    6.0566324578E-03    6.0125833794E-03
5.9688539736E-03    5.9254419345E-03    5.8823449729E-03    5.8395608158E-03
5.7970872061E-03    5.7549219031E-03    5.7130626819E-03    5.6715073335E-03
5.6302536646E-03    5.5892994975E-03    5.5486426699E-03    5.5082810352E-03
5.4682124619E-03    5.4284348336E-03    5.3889460492E-03    5.3497440226E-03
5.3108266823E-03    5.2721919717E-03    5.2338378492E-03    5.1957622872E-03
5.1579632730E-03    5.1204388081E-03    5.0831869084E-03    5.0462056037E-03
5.0094929381E-03    4.9730469697E-03    4.9368657703E-03    4.9009474256E-03
4.8652900350E-03    4.8298917114E-03    4.7947505812E-03    4.7598647843E-03
4.7252324739E-03    4.6908518162E-03    4.6567209907E-03    4.6228381900E-03
4.5892016196E-03    4.5558094976E-03    4.5226600552E-03    4.4897515360E-03
4.4570821964E-03    4.4246503051E-03    4.3924541434E-03    4.3604920047E-03
4.3287621949E-03    4.2972630317E-03    4.2659928451E-03    4.2349499771E-03
4.2041327814E-03    4.1735396238E-03    4.1431688814E-03    4.1130189434E-03
4.0830882102E-03    4.0533750940E-03    4.0238780180E-03    3.9945954171E-03
3.9655257373E-03    3.9366674357E-03    3.9080189805E-03    3.8795788510E-03
3.8513455373E-03    3.8233175404E-03    3.7954933721E-03    3.7678715549E-03
3.7404506218E-03    3.7132291165E-03    3.6862055932E-03    3.6593786163E-03
3.6327467607E-03    3.6063086114E-03    3.5800627637E-03    3.5540078230E-03
3.5281424047E-03    3.5024651341E-03    3.4769746466E-03    3.4516695873E-03
3.4265486109E-03    3.4016103819E-03    3.3768535747E-03    3.3522768728E-03
3.3278789694E-03    3.3036585671E-03    3.2796143779E-03    3.2557451230E-03
3.2320495328E-03    3.2085263469E-03    3.1851743139E-03    3.1619921917E-03
3.1389787468E-03    3.1161327547E-03    3.0934529999E-03    3.0709382754E-03
3.0485873832E-03    3.0263991337E-03    3.0043723459E-03    2.9825058476E-03
2.9607984746E-03    2.9392490715E-03    2.9178564911E-03    2.8966195945E-03
2.8755372508E-03    2.8546083377E-03    2.8338317406E-03    2.8132063532E-03
2.7927310770E-03    2.7724048216E-03    2.7522265044E-03    2.7321950507E-03
2.7123093934E-03    2.6925684732E-03    2.6729712386E-03    2.6535166454E-03
2.6342036571E-03    2.6150312448E-03    2.5959983869E-03    2.5771040693E-03
2.5583472850E-03    2.5397270345E-03    2.5212423254E-03    2.5028921727E-03
2.4846755983E-03    2.4665916311E-03    2.4486393074E-03    2.4308176700E-03
2.4131257690E-03    2.3955626612E-03    2.3781274103E-03    2.3608190866E-03
2.3436367674E-03    2.3265795365E-03    2.3096464844E-03    2.2928367081E-03
2.2761493113E-03    2.2595834039E-03    2.2431381026E-03    2.2268125302E-03
2.2106058161E-03    2.1945170958E-03    2.1785455112E-03    2.1626902104E-03
2.1469503474E-03    2.1313250829E-03    2.1158135831E-03    2.1004150205E-03
2.0851285737E-03    2.0699534270E-03    2.0548887709E-03    2.0399338015E-03
2.0250877209E-03    2.0103497368E-03    1.9957190629E-03    1.9811949184E-03
1.9667765283E-03    1.9524631230E-03    1.9382539388E-03    1.9241482172E-03
1.9101452055E-03    1.8962441562E-03    1.8824443275E-03    1.8687449827E-03
1.8551453906E-03    1.8416448253E-03    1.8282425661E-03    1.8149378977E-03
1.8017301097E-03    1.7886184970E-03    1.7756023598E-03    1.7626810030E-03
1.7498537370E-03    1.7371198767E-03    1.7244787424E-03    1.7119296592E-03
1.6994719569E-03    1.6871049704E-03    1.6748280394E-03    1.6626405083E-03
1.6505417263E-03    1.6385310475E-03    1.6266078303E-03    1.6147714380E-03
1.6030212387E-03    1.5913566048E-03    1.5797769133E-03    1.5682815458E-03
1.5568698884E-03    1.5455413317E-03    1.5342952705E-03    1.5231311043E-03
1.5120482368E-03    1.5010460759E-03    1.4901240342E-03    1.4792815281E-03
1.4685179786E-03    1.4578328107E-03    1.4472254536E-03    1.4366953408E-03
1.4262419098E-03    1.4158646021E-03    1.4055628635E-03    1.3953361436E-03
1.3851838961E-03    1.3751055786E-03    1.3651006528E-03    1.3551685842E-03
1.3453088422E-03    1.3355209000E-03    1.3258042348E-03    1.3161583273E-03
1.3065826624E-03    1.2970767283E-03    1.2876400173E-03    1.2782720251E-03
1.2689722513E-03    1.2597401990E-03    -999999 -999999    