-1.0427284036E-11    7.1440177964E-03    1.4300382883E-02    2.1481395294E-02
2.8699260656E-02    3.5966043188E-02    4.3293618958E-02    5.0693629491E-02
5.8177435821E-02    6.5756073118E-02    7.3440205991E-02    8.1240084614E-02
8.9165501816E-02    9.7225751289E-02    1.0542958710E-01    1.1378518465E-01
1.2230010334E-01    1.3098125102E-01    1.3983485060E-01    1.4886640886E-01
1.5808068777E-01    1.6748167850E-01    1.7707257833E-01    1.8685577068E-01
1.9683280834E-01    2.0700440025E-01    2.1737040179E-01    2.2792980890E-01
2.3868075594E-01    2.4962051759E-01    2.6074551461E-01    2.7205132370E-01
2.8353269130E-01    2.9518355134E-01    3.0699704690E-01    3.1896555553E-01
3.3108071830E-01    3.4333347220E-01    3.5571408579E-01    3.6821219780E-01
3.8081685848E-01    3.9351657340E-01    4.0629934927E-01    4.1915274163E-01
4.3206390399E-01    4.4501963804E-01    4.5800644462E-01    4.7101057512E-01
4.8401808292E-01    4.9701487459E-01    5.0998676045E-01    5.2291950423E-01
5.3579887166E-01    5.4861067746E-01    5.6134083075E-01    5.7397537863E-01
5.8650054761E-01    5.9890278294E-01    6.1116878561E-01    6.2328554698E-01
6.3524038104E-01    6.4702095420E-01    6.5861531266E-01    6.7001190746E-01
6.8119961722E-01    6.9216776858E-01    7.0290615464E-01    7.1340505132E-01
7.2365523185E-01    7.3364797956E-01    7.4337509903E-01    7.5282892577E-01
7.6200233453E-01    7.7088874643E-01    7.7948213492E-01    7.8777703071E-01
7.9576852577E-01    8.0345227643E-01    8.1082450554E-01    8.1788200390E-01
8.2462213074E-01    8.3104281336E-01    8.3714254586E-01    8.4292038680E-01
8.4837595595E-01    8.5350942966E-01    8.5832153521E-01    8.6281354357E-01
8.6698726082E-01    8.7084501788E-01    8.7438965858E-01    8.7762452588E-01
8.8055344616E-01    8.8318071161E-01    8.8551106046E-01    8.8754965525E-01
8.8930205890E-01    8.9077420879E-01    8.9197238878E-01    8.9290319928E-01
8.9357352552E-01    8.9399050407E-01    8.9416148788E-01    8.9409400999E-01
8.9379574613E-01    8.9327447653E-01    8.9253804718E-01    8.9159433081E-01
8.9045118804E-01    8.8911642881E-01    8.8759777471E-01    8.8590282228E-01
8.8403900786E-01    8.8201357415E-01    8.7983353884E-01    8.7750566575E-01
8.7503643857E-01    8.7243203736E-01    8.6969831932E-01    8.6684080051E-01
8.6386464407E-01    8.6077465441E-01    8.5757532920E-01    8.5427094956E-01
8.5086570378E-01    8.4736369730E-01    8.4376894422E-01    8.4008533530E-01
8.3631666352E-01    8.3246662919E-01    8.2853883431E-01    8.2453678667E-01
8.2046390161E-01    8.1632350362E-01    8.1211882805E-01    8.0785302295E-01
8.0352915073E-01    7.9915018992E-01    7.9471903690E-01    7.9023850760E-01
7.8571133919E-01    7.8114019177E-01    7.7652765005E-01    7.7187622496E-01
7.6718835532E-01    7.6246640943E-01    7.5771268667E-01    7.5292941904E-01
7.4811877274E-01    7.4328284969E-01    7.3842368901E-01    7.3354326850E-01
7.2864350610E-01    7.2372626133E-01    7.1879333666E-01    7.1384647891E-01
7.0888738060E-01    7.0391768129E-01    6.9893896886E-01    6.9395278079E-01
6.8896060544E-01    6.8396388325E-01    6.7896400796E-01    6.7396232777E-01
6.6896014652E-01    6.6395872481E-01    6.5895928110E-01    6.5396299279E-01
6.4897099730E-01    6.4398439307E-01    6.3900424063E-01    6.3403156352E-01
6.2906734933E-01    6.2411255058E-01    6.1916808569E-01    6.1423483987E-01
6.0931366601E-01    6.0440538553E-01    5.9951078921E-01    5.9463063805E-01
5.8976566405E-01    5.8491657100E-01    5.8008403522E-01    5.7526870636E-01
5.7047120806E-01    5.6569213872E-01    5.6093207218E-01    5.5619155838E-01
5.5147112401E-01    5.4677127320E-01    5.4209248812E-01    5.3743522957E-01
5.3279993762E-01    5.2818703219E-01    5.2359691357E-01    5.1902996304E-01
5.1448654335E-01    5.0996699930E-01    5.0547165820E-01    5.0100083044E-01
4.9655480990E-01    4.9213387448E-01    4.8773828655E-01    4.8336829340E-01
4.7902412766E-01    4.7470600779E-01    4.7041413842E-01    4.6614871083E-01
4.6190990328E-01    4.5769788146E-01    4.5351279883E-01    4.4935479701E-01
4.4522400611E-01    4.4112054511E-01    4.3704452217E-01    4.3299603501E-01
4.2897517118E-01    4.2498200840E-01    4.2101661488E-01    4.1707904960E-01
4.1316936259E-01    4.0928759524E-01    4.0543378059E-01    4.0160794356E-01
3.9781010121E-01    3.9404026305E-01    3.9029843125E-01    3.8658460086E-01
3.8289876012E-01    3.7924089060E-01    3.7561096752E-01    3.7200895987E-01
3.6843483070E-01    3.6488853731E-01    3.6137003142E-01    3.5787925939E-01
3.5441616243E-01    3.5098067675E-01    3.4757273376E-01    3.4419226026E-01
3.4083917859E-01    3.3751340681E-01    3.3421485884E-01    3.3094344467E-01
3.2769907047E-01    3.2448163874E-01    3.2129104850E-01    3.1812719537E-01
3.1498997177E-01    3.1187926702E-01    3.0879496747E-01    3.0573695664E-01
3.0270511535E-01    2.9969932183E-01    2.9671945182E-01    2.9376537873E-01
2.9083697371E-01    2.8793410578E-01    2.8505664193E-01    2.8220444721E-01
2.7937738485E-01    2.7657531634E-01    2.7379810154E-01    2.7104559875E-01
2.6831766482E-01    2.6561415522E-01    2.6293492412E-01    2.6027982449E-01
2.5764870818E-01    2.5504142597E-01    2.5245782764E-01    2.4989776211E-01
2.4736107742E-01    2.4484762085E-01    2.4235723897E-01    2.3988977772E-01
2.3744508244E-01    2.3502299796E-01    2.3262336865E-01    2.3024603845E-01
2.2789085097E-01    2.2555764952E-01    2.2324627713E-01    2.2095657666E-01
2.1868839079E-01    2.1644156212E-01    2.1421593316E-01    2.1201134643E-01
2.0982764443E-01    2.0766466975E-01    2.0552226508E-01    2.0340027324E-01
2.0129853721E-01    1.9921690021E-01    1.9715520568E-01    1.9511329732E-01
1.9309101918E-01    1.9108821559E-01    1.8910473130E-01    1.8714041141E-01
1.8519510145E-01    1.8326864741E-01    1.8136089573E-01    1.7947169335E-01
1.7760088773E-01    1.7574832687E-01    1.7391385932E-01    1.7209733421E-01
1.7029860127E-01    1.6851751085E-01    1.6675391394E-01    1.6500766217E-01
1.6327860783E-01    1.6156660392E-01    1.5987150412E-01    1.5819316281E-01
1.5653143512E-01    1.5488617690E-01    1.5325724476E-01    1.5164449606E-01
1.5004778893E-01    1.4846698230E-01    1.4690193588E-01    1.4535251017E-01
1.4381856649E-01    1.4229996698E-01    1.4079657459E-01    1.3930825312E-01
1.3783486720E-01    1.3637628230E-01    1.3493236473E-01    1.3350298169E-01
1.3208800119E-01    1.3068729215E-01    1.2930072434E-01    1.2792816838E-01
1.2656949581E-01    1.2522457900E-01    1.2389329124E-01    1.2257550668E-01
1.2127110036E-01    1.1997994820E-01    1.1870192703E-01    1.1743691455E-01
1.1618478934E-01    1.1494543089E-01    1.1371871958E-01    1.1250453666E-01
1.1130276428E-01    1.1011328550E-01    1.0893598423E-01    1.0777074530E-01
1.0661745441E-01    1.0547599814E-01    1.0434626399E-01    1.0322814029E-01
1.0212151628E-01    1.0102628208E-01    9.9942328673E-02    9.8869547925E-02
9.7807832568E-02    9.6757076204E-02    9.5717173298E-02    9.4688019181E-02
9.3669510042E-02    9.2661542924E-02    9.1664015726E-02    9.0676827196E-02
8.9699876925E-02    8.8733065349E-02    8.7776293743E-02    8.6829464214E-02
8.5892479703E-02    8.4965243976E-02    8.4047661622E-02    8.3139638048E-02
8.2241079476E-02    8.1351892940E-02    8.0471986277E-02    7.9601268126E-02
7.8739647924E-02    7.7887035899E-02    7.7043343068E-02    7.6208481232E-02
7.5382362968E-02    7.4564901628E-02    7.3756011334E-02    7.2955606973E-02
7.2163604188E-02    7.1379919380E-02    7.0604469700E-02    6.9837173041E-02
6.9077948040E-02    6.8326714066E-02    6.7583391220E-02    6.6847900326E-02
6.6120162932E-02    6.5400101298E-02    6.4687638396E-02    6.3982697902E-02
6.3285204194E-02    6.2595082342E-02    6.1912258111E-02    6.1236657947E-02
6.0568208978E-02    5.9906839007E-02    5.9252476507E-02    5.8605050615E-02
5.7964491130E-02    5.7330728505E-02    5.6703693843E-02    5.6083318892E-02
5.5469536040E-02    5.4862278312E-02    5.4261479359E-02    5.3667073461E-02
5.3078995517E-02    5.2497181040E-02    5.1921566156E-02    5.1352087594E-02
5.0788682686E-02    5.0231289357E-02    4.9679846126E-02    4.9134292095E-02
4.8594566950E-02    4.8060610952E-02    4.7532364934E-02    4.7009770297E-02
4.6492769003E-02    4.5981303572E-02    4.5475317078E-02    4.4974753141E-02
4.4479555927E-02    4.3989670140E-02    4.3505041019E-02    4.3025614331E-02
4.2551336372E-02    4.2082153956E-02    4.1618014413E-02    4.1158865589E-02
4.0704655832E-02    4.0255333998E-02    3.9810849438E-02    3.9371152001E-02
3.8936192022E-02    3.8505920326E-02    3.8080288216E-02    3.7659247474E-02
3.7242750356E-02    3.6830749585E-02    3.6423198349E-02    3.6020050299E-02
3.5621259539E-02    3.5226780627E-02    3.4836568571E-02    3.4450578821E-02
3.4068767269E-02    3.3691090241E-02    3.3317504499E-02    3.2947967232E-02
3.2582436052E-02    3.2220868994E-02    3.1863224511E-02    3.1509461465E-02
3.1159539133E-02    3.0813417193E-02    3.0471055728E-02    3.0132415219E-02
2.9797456540E-02    2.9466140958E-02    2.9138430126E-02    2.8814286082E-02
2.8493671245E-02    2.8176548409E-02    2.7862880743E-02    2.7552631784E-02
2.7245765439E-02    2.6942245973E-02    2.6642038016E-02    2.6345106551E-02
2.6051416916E-02    2.5760934796E-02    2.5473626225E-02    2.5189457579E-02
2.4908395576E-02    2.4630407267E-02    2.4355460041E-02    2.4083521614E-02
2.3814560032E-02    2.3548543662E-02    2.3285441197E-02    2.3025221644E-02
2.2767854326E-02    2.2513308881E-02    2.2261555253E-02    2.2012563694E-02
2.1766304758E-02    2.1522749300E-02    2.1281868475E-02    2.1043633729E-02
2.0808016803E-02    2.0574989725E-02    2.0344524810E-02    2.0116594658E-02
1.9891172149E-02    1.9668230441E-02    1.9447742968E-02    1.9229683436E-02
1.9014025823E-02    1.8800744373E-02    1.8589813596E-02    1.8381208265E-02
1.8174903411E-02    1.7970874325E-02    1.7769096552E-02    1.7569545889E-02
1.7372198383E-02    1.7177030330E-02    1.6984018270E-02    1.6793138986E-02
1.6604369501E-02    1.6417687078E-02    1.6233069214E-02    1.6050493640E-02
1.5869938319E-02    1.5691381441E-02    1.5514801425E-02    1.5340176913E-02
1.5167486770E-02    1.4996710081E-02    1.4827826148E-02    1.4660814491E-02
1.4495654841E-02    1.4332327141E-02    1.4170811547E-02    1.4011088417E-02
1.3853138319E-02    1.3696942021E-02    1.3542480494E-02    1.3389734908E-02
1.3238686631E-02    1.3089317225E-02    1.2941608446E-02    1.2795542242E-02
1.2651100751E-02    1.2508266296E-02    1.2367021390E-02    1.2227348727E-02
1.2089231183E-02    1.1952651816E-02    1.1817593863E-02    1.1684040735E-02
1.1551976021E-02    1.1421383480E-02    1.1292247046E-02    1.1164550821E-02
1.1038279074E-02    1.0913416242E-02    1.0789946926E-02    1.0667855891E-02
1.0547128063E-02    1.0427748526E-02    1.0309702524E-02    1.0192975458E-02
1.0077552882E-02    9.9634205046E-03    9.8505641870E-03    9.7389699394E-03
9.6286239212E-03    9.5195124393E-03    9.4116219462E-03    9.3049390388E-03
9.1994504567E-03    9.0951430811E-03    8.9920039329E-03    8.8900201716E-03
8.7891790940E-03    8.6894681324E-03    8.5908748535E-03    8.4933869568E-03
8.3969922736E-03    8.3016787653E-03    8.2074345224E-03    8.1142477626E-03
8.0221068304E-03    7.9310001948E-03    7.8409164488E-03    7.7518443077E-03
7.6637726080E-03    7.5766903062E-03    7.4905864772E-03    7.4054503138E-03
7.3212711246E-03    7.2380383337E-03    7.1557414786E-03    7.0743702099E-03
6.9939142895E-03    6.9143635896E-03    6.8357080919E-03    6.7579378859E-03
6.6810431682E-03    6.6050142414E-03    6.5298415125E-03    6.4555154926E-03
6.3820267951E-03    6.3093661351E-03    6.2375243280E-03    6.1664922889E-03
6.0962610309E-03    6.0268216648E-03    5.9581653977E-03    5.8902835319E-03
5.8231674642E-03    5.7568086846E-03    5.6911987756E-03    5.6263294112E-03
5.5621923557E-03    5.4987794629E-03    5.4360826753E-03    5.3740940230E-03
5.3128056228E-03    5.2522096774E-03    5.1922984742E-03    5.1330643849E-03
5.0744998641E-03    5.0165974489E-03    4.9593497575E-03    4.9027494889E-03
4.8467894217E-03    4.7914624131E-03    4.7367613988E-03    4.6826793914E-03
4.6292094797E-03    4.5763448285E-03    4.5240786770E-03    4.4724043385E-03
4.4213151996E-03    4.3708047191E-03    4.3208664277E-03    4.2714939267E-03
4.2226808878E-03    4.1744210520E-03    4.1267082288E-03    4.0795362958E-03
4.0328991977E-03    3.9867909459E-03    3.9412056173E-03    3.8961373540E-03
3.8515803624E-03    3.8075289128E-03    3.7639773383E-03    3.7209200344E-03
3.6783514584E-03    3.6362661284E-03    3.5946586231E-03    3.5535235807E-03
3.5128556987E-03    3.4726497328E-03    3.4329004967E-03    3.3936028613E-03
3.3547517540E-03    3.3163421583E-03    3.2783691129E-03    3.2408277114E-03
3.2037131016E-03    3.1670204850E-03    3.1307451159E-03    3.0948823013E-03
3.0594273999E-03    3.0243758220E-03    2.9897230284E-03    2.9554645303E-03
2.9215958887E-03    2.8881127136E-03    2.8550106636E-03    2.8222854455E-03
2.7899328138E-03    2.7579485699E-03    2.7263285617E-03    2.6950686834E-03
2.6641648747E-03    2.6336131202E-03    2.6034094492E-03    2.5735499352E-03
2.5440306951E-03    2.5148478892E-03    2.4859977201E-03    2.4574764331E-03
2.4292803150E-03    2.4014056938E-03    2.3738489385E-03    2.3466064585E-03
2.3196747032E-03    2.2930501615E-03    2.2667293614E-03    2.2407088696E-03
2.2149852909E-03    2.1895552683E-03    2.1644154818E-03    2.1395626489E-03
2.1149935232E-03    2.0907048949E-03    2.0666935899E-03    2.0429564694E-03
2.0194904300E-03    1.9962924025E-03    1.9733593524E-03    1.9506882788E-03
1.9282762145E-03    1.9061202254E-03    1.8842174103E-03    1.8625649003E-03
1.8411598588E-03    1.8199994806E-03    1.7990809922E-03    1.7784016511E-03
1.7579587455E-03    1.7377495937E-03    1.7177715444E-03    1.6980219759E-03
1.6784982958E-03    1.6591979407E-03    1.6401183762E-03    1.6212570960E-03
1.6026116221E-03    1.5841795044E-03    1.5659583199E-03    1.5479456733E-03
1.5301391957E-03    1.5125365452E-03    1.4951354059E-03    1.4779334882E-03
1.4609285278E-03    1.4441182863E-03    1.4275005502E-03    1.4110731309E-03
1.3948338645E-03    1.3787806113E-03    1.3629112558E-03    1.3472237062E-03
1.3317158943E-03    1.3163857751E-03    1.3012313268E-03    1.2862505501E-03
1.2714414683E-03    1.2568021272E-03    1.2423305943E-03    1.2280249589E-03
1.2138833320E-03    1.1999038459E-03    1.1860846537E-03    1.1724239296E-03
1.1589198683E-03    1.1455706847E-03    1.1323746141E-03    1.1193299115E-03
1.1064348517E-03    1.0936877290E-03    1.0810868568E-03    1.0686305677E-03
1.0563172131E-03    1.0441451629E-03    1.0321128056E-03    1.0202185478E-03
1.0084608141E-03    9.9683804693E-04    9.8534870629E-04    9.7399126963E-04
9.6276423160E-04    9.5166610390E-04    9.4069541502E-04    9.2985071014E-04
9.1913055087E-04    9.0853351511E-04    8.9805819685E-04    8.8770320600E-04
8.7746716820E-04    8.6734872465E-04    8.5734653197E-04    8.4745926197E-04
8.3768560149E-04    8.2802425229E-04    8.1847393080E-04    8.0903336803E-04
7.9970130936E-04    7.9047651438E-04    7.8135775677E-04    7.7234382409E-04
7.6343351769E-04    7.5462565248E-04    7.4591905682E-04    7.3731257239E-04
7.2880505398E-04    7.2039536941E-04    7.1208239931E-04    7.0386503706E-04
6.9574218859E-04    6.8771277225E-04    6.7977571868E-04    6.7192997067E-04
6.6417448300E-04    6.5650822235E-04    6.4893016714E-04    6.4143930739E-04
6.3403464458E-04    6.2671519159E-04    6.1947997249E-04    6.1232802246E-04
6.0525838764E-04    5.9827012503E-04    5.9136230236E-04    5.8453399794E-04
5.7778430060E-04    5.7111230951E-04    5.6451713412E-04    5.5799789399E-04
5.5155371873E-04    5.4518374784E-04    5.3888713062E-04    5.3266302606E-04
5.2651060274E-04    5.2042903868E-04    5.1441752129E-04    5.0847524724E-04
5.0260142232E-04    4.9679526141E-04    4.9105598831E-04    4.8538283570E-04
4.7977504498E-04    4.7423186619E-04    4.6875255795E-04    4.6333638732E-04
4.5798262971E-04    4.5269056881E-04    4.4745949647E-04    4.4228871262E-04
4.3717752518E-04    4.3212524999E-04    4.2713121065E-04    4.2219473851E-04
4.1731517255E-04    4.1249185930E-04    4.0772415274E-04    4.0301141422E-04
3.9835301239E-04    3.9374832313E-04    3.8919672941E-04    3.8469762129E-04
3.8025039576E-04    3.7585445673E-04    3.7150921489E-04    3.6721408769E-04
3.6296849923E-04    3.5877188018E-04    3.5462366773E-04    3.5052330551E-04
3.4647024349E-04    3.4246393795E-04    3.3850385137E-04    3.3458945239E-04
3.3072021572E-04    3.2689562208E-04    3.2311515813E-04    3.1937831641E-04
3.1568459523E-04    3.1203349870E-04    3.0842453655E-04    3.0485722416E-04
3.0133108243E-04    2.9784563777E-04    2.9440042197E-04    2.9099497222E-04
2.8762883100E-04    2.8430154600E-04    2.8101267013E-04    2.7776176138E-04
2.7454838285E-04    2.7137210260E-04    2.6823249367E-04    2.6512913397E-04
2.6206160625E-04    2.5902949804E-04    2.5603240161E-04    2.5306991388E-04
2.5014163641E-04    2.4724717531E-04    2.4438614122E-04    2.4155814923E-04
2.3876281885E-04    2.3599977395E-04    2.3326864272E-04    2.3056905760E-04
2.2790065526E-04    2.2526307652E-04    2.2265596633E-04    2.2007897371E-04
2.1753175170E-04    2.1501395734E-04    2.1252525158E-04    2.1006529928E-04
2.0763376914E-04    2.0523033364E-04    2.0285466906E-04    2.0050645536E-04
1.9818537619E-04    1.9589111883E-04    1.9362337413E-04    1.9138183652E-04
1.8916620393E-04    1.8697617773E-04    1.8481146277E-04    1.8267176724E-04
1.8055680271E-04    1.7846628405E-04    1.7639992942E-04    1.7435746019E-04
1.7233860096E-04    1.7034307947E-04    1.6837062660E-04    1.6642097633E-04
1.6449386568E-04    1.6258903470E-04    1.6070622643E-04    1.5884518686E-04
1.5700566489E-04    1.5518741232E-04    1.5339018381E-04    1.5161373680E-04
1.4985783156E-04    1.4812223110E-04    1.4640670117E-04    1.4471101018E-04
1.4303492924E-04    1.4137823207E-04    1.3974069500E-04    1.3812209692E-04
1.3652221928E-04    1.3494084604E-04    1.3337776364E-04    1.3183276097E-04
1.3030562936E-04    1.2879616254E-04    1.2730415661E-04    1.2582941002E-04
1.2437172354E-04    1.2293090022E-04    1.2150674539E-04    1.2009906661E-04
1.1870767367E-04    1.1733237853E-04    1.1597299532E-04    1.1462934033E-04
1.1330123193E-04    1.1198849060E-04    1.1069093891E-04    1.0940840142E-04
1.0814070476E-04    1.0688767753E-04    1.0564915030E-04    1.0442495560E-04
1.0321492790E-04    1.0201890356E-04    1.0083672082E-04    9.9668219802E-05
9.8513242460E-05    9.7371632569E-05    9.6243235704E-05    9.5127899217E-05
9.4025472223E-05    9.2935805571E-05    9.1858751830E-05    9.0794165269E-05
8.9741901835E-05    8.8701819131E-05    8.7673776408E-05    8.6657634538E-05
8.5653255995E-05    8.4660504838E-05    8.3679246694E-05    8.2709348737E-05
8.1750679673E-05    8.0803109722E-05    7.9866510600E-05    7.8940755500E-05
7.8025719079E-05    7.7121277435E-05    7.6227308102E-05    7.5343690025E-05
7.4470303541E-05    7.3607030369E-05    7.2753753591E-05    7.1910357640E-05
7.1076728279E-05    7.0252752588E-05    6.9438318953E-05    6.8633317045E-05
6.7837637805E-05    6.7051173435E-05    6.6273817383E-05    6.5505464325E-05
6.4746010151E-05    6.3995351952E-05    6.3253388007E-05    6.2520017769E-05
6.1795141851E-05    6.1078662011E-05    6.0370481144E-05    5.9670503262E-05
5.8978633487E-05    5.8294778032E-05    5.7618844200E-05    5.6950740361E-05
5.6290375941E-05    5.5637661412E-05    5.4992508281E-05    5.4354829074E-05
5.3724537329E-05    5.3101547580E-05    5.2485775350E-05    5.1877137135E-05
5.1275550396E-05    5.0680933544E-05    5.0093205941E-05    4.9512287873E-05
4.8938100549E-05    4.8370566086E-05    4.7809607503E-05    4.7255148705E-05
4.6707114478E-05    4.6165430477E-05    4.5630023213E-05    4.5100820047E-05
4.4577749181E-05    4.4060739640E-05    4.3549721278E-05    4.3044624755E-05
4.2545381532E-05    4.2051923861E-05    4.1564184780E-05    4.1082098097E-05
4.0605598385E-05    4.0134620975E-05    3.9669101944E-05    3.9208978107E-05
3.8754187010E-05    3.8304666919E-05    3.7860356814E-05    3.7421196384E-05
3.6987126012E-05    3.6558086770E-05    3.6134020412E-05    3.5714869362E-05
3.5300576714E-05    3.4891086216E-05    3.4486342269E-05    3.4086289914E-05
3.3690874830E-05    3.3300043320E-05    -999999             -999999