-5.2378101856E-12    2.8904750887E-02    5.7787743207E-02    8.6627241363E-02
1.1540155578E-01    1.4408906597E-01    1.7266824359E-01    2.0111767558E-01
2.2941608742E-01    2.5754236635E-01    2.8547558474E-01    3.1319502352E-01
3.4068019563E-01    3.6791086960E-01    3.9486709309E-01    4.2152921651E-01
4.4787791663E-01    4.7389422010E-01    4.9955952700E-01    5.2485563416E-01
5.4976475844E-01    5.7426955970E-01    5.9835316358E-01    6.2199918393E-01
6.4519174487E-01    6.6791550234E-01    6.9015566523E-01    7.1189801581E-01
7.3312892956E-01    7.5383539424E-01    7.7400502814E-01    7.9362609743E-01
8.1268753254E-01    8.3117894355E-01    8.4909063438E-01    8.6641361588E-01
8.8313961766E-01    8.9926109859E-01    9.1477125599E-01    9.2966403336E-01
9.4393412674E-01    9.5757698948E-01    9.7058883558E-01    9.8296664145E-01
9.9470814610E-01    1.0058118498E+00    1.0162770110E+00    1.0261036422E+00
1.0352925033E+00    1.0438450944E+00    1.0517636469E+00    1.0590511120E+00
1.0657111497E+00    1.0717481147E+00    1.0771670418E+00    1.0819736300E+00
1.0861742247E+00    1.0897758000E+00    1.0927859385E+00    1.0952128107E+00
1.0970651543E+00    1.0983522507E+00    1.0990839026E+00    1.0992704100E+00
1.0989225453E+00    1.0980515288E+00    1.0966690027E+00    1.0947870054E+00
1.0924179452E+00    1.0895745740E+00    1.0862699602E+00    1.0825174625E+00
1.0783307026E+00    1.0737235388E+00    1.0687100390E+00    1.0633044545E+00
1.0575211931E+00    1.0513747937E+00    1.0448798995E+00    1.0380512335E+00
1.0309035723E+00    1.0234517221E+00    1.0157104937E+00    1.0076946790E+00
9.9941902699E-01    9.9089822135E-01    9.8214685742E-01    9.7317942043E-01
9.6401026395E-01    9.5465358898E-01    9.4512342357E-01    9.3543360298E-01
9.2559775045E-01    9.1562925854E-01    9.0554127105E-01    8.9534666555E-01
8.8505803653E-01    8.7468767915E-01    8.6424757364E-01    8.5374937031E-01
8.4320437529E-01    8.3262353681E-01    8.2201743229E-01    8.1139625601E-01
8.0076980758E-01    7.9014748103E-01    7.7953825475E-01    7.6895068205E-01
7.5839288259E-01    7.4787253454E-01    7.3739686750E-01    7.2697265632E-01
7.1660621562E-01    7.0630339522E-01    6.9606957640E-01    6.8590966896E-01
6.7582810920E-01    6.6582885852E-01    6.5591540400E-01    6.4609075729E-01
6.3635745771E-01    6.2671757604E-01    6.1717277314E-01    6.0772440476E-01
5.9837370766E-01    5.8912179767E-01    5.7996965091E-01    5.7091812269E-01
5.6196795156E-01    5.5311976521E-01    5.4437408609E-01    5.3573133679E-01
5.2719184519E-01    5.1875584941E-01    5.1042350255E-01    5.0219487722E-01
4.9406996987E-01    4.8604870496E-01    4.7813093893E-01    4.7031646400E-01
4.6260501187E-01    4.5499625714E-01    4.4748982073E-01    4.4008527301E-01
4.3278213694E-01    4.2557989092E-01    4.1847797166E-01    4.1147577683E-01
4.0457266764E-01    3.9776797128E-01    3.9106098328E-01    3.8445096974E-01
3.7793716946E-01    3.7151879602E-01    3.6519503970E-01    3.5896506936E-01
3.5282803419E-01    3.4678306545E-01    3.4082927804E-01    3.3496577208E-01
3.2919163433E-01    3.2350593963E-01    3.1790775219E-01    3.1239612689E-01
3.0697011045E-01    3.0162874256E-01    2.9637105701E-01    2.9119608265E-01
2.8610284442E-01    2.8109036424E-01    2.7615766189E-01    2.7130375582E-01
2.6652766396E-01    2.6182840442E-01    2.5720499621E-01    2.5265645989E-01
2.4818181818E-01    2.4378009654E-01    2.3945032372E-01    2.3519153227E-01
2.3100275903E-01    2.2688304558E-01    2.2283143862E-01    2.1884699045E-01
2.1492875924E-01    2.1107580947E-01    2.0728721217E-01    2.0356204526E-01
1.9989939382E-01    1.9629835035E-01    1.9275801499E-01    1.8927749575E-01
1.8585590871E-01    1.8249237823E-01    1.7918603706E-01    1.7593602655E-01
1.7274149676E-01    1.6960160663E-01    1.6651552401E-01    1.6348242585E-01
1.6050149826E-01    1.5757193655E-01    1.5469294538E-01    1.5186373873E-01
1.4908354001E-01    1.4635158210E-01    1.4366710733E-01    1.4102936757E-01
1.3843762418E-01    1.3589114808E-01    1.3338921967E-01    1.3093112891E-01
1.2851617523E-01    1.2614366755E-01    1.2381292421E-01    1.2152327299E-01
1.1927405098E-01    1.1706460462E-01    1.1489428957E-01    1.1276247068E-01
1.1066852192E-01    1.0861182627E-01    1.0659177567E-01    1.0460777094E-01
1.0265922162E-01    1.0074554596E-01    9.8866170736E-02    9.7020531193E-02
9.5208070908E-02    9.3428241674E-02    9.1680503385E-02    8.9964323910E-02
8.8279178965E-02    8.6624551989E-02    8.4999934009E-02    8.3404823515E-02
8.1838726330E-02    8.0301155476E-02    7.8791631048E-02    7.7309680090E-02
7.5854836465E-02    7.4426640737E-02    7.3024640053E-02    7.1648388025E-02
7.0297444623E-02    6.8971376074E-02    6.7669754752E-02    6.6392159092E-02
6.5138173503E-02    6.3907388275E-02    6.2699399513E-02    6.1513809062E-02
6.0350224440E-02    5.9208258781E-02    5.8087530782E-02    5.6987664650E-02
5.5908290061E-02    5.4849042118E-02    5.3809561314E-02    5.2789493497E-02
5.1788489842E-02    5.0806206818E-02    4.9842306160E-02    4.8896454842E-02
4.7968325052E-02    4.7057594159E-02    4.6163944688E-02    4.5287064291E-02
4.4426645712E-02    4.3582386756E-02    4.2753990253E-02    4.1941164022E-02
4.1143620828E-02    4.0361078338E-02    3.9593259084E-02    3.8839890405E-02
3.8100704402E-02    3.7375437886E-02    3.6663832324E-02    3.5965633776E-02
3.5280592845E-02    3.4608464612E-02    3.3949008574E-02    3.3301988583E-02
3.2667172781E-02    3.2044333537E-02    3.1433247378E-02    3.0833694924E-02
3.0245460825E-02    2.9668333691E-02    2.9102106025E-02    2.8546574160E-02
2.8001538192E-02    2.7466801910E-02    2.6942172738E-02    2.6427461664E-02
2.5922483179E-02    2.5427055216E-02    2.4940999081E-02    2.4464139397E-02
2.3996304044E-02    2.3537324092E-02    2.3087033751E-02    2.2645270307E-02
2.2211874068E-02    2.1786688303E-02    2.1369559196E-02    2.0960335784E-02
2.0558869906E-02    2.0165016153E-02    1.9778631814E-02    1.9399576828E-02
1.9027713734E-02    1.8662907622E-02    1.8305026086E-02    1.7953939177E-02
1.7609519360E-02    1.7271641466E-02    1.6940182649E-02    1.6615022344E-02
1.6296042225E-02    1.5983126160E-02    1.5676160176E-02    1.5375032414E-02
1.5079633095E-02    1.4789854477E-02    1.4505590818E-02    1.4226738342E-02
1.3953195203E-02    1.3684861443E-02    1.3421638966E-02    1.3163431498E-02
1.2910144555E-02    1.2661685409E-02    1.2417963060E-02    1.2178888197E-02
1.1944373175E-02    1.1714331978E-02    1.1488680192E-02    1.1267334975E-02
1.1050215028E-02    1.0837240567E-02    1.0628333296E-02    1.0423416377E-02
1.0222414405E-02    1.0025253383E-02    9.8318606924E-03    9.6421650722E-03
9.4560965903E-03    9.2735866209E-03    9.0945678200E-03    8.9189741021E-03
8.7467406167E-03    8.5778037258E-03    8.4121009814E-03    8.2495711038E-03
8.0901539600E-03    7.9337905426E-03    7.7804229490E-03    7.6299943609E-03
7.4824490247E-03    7.3377322316E-03    7.1957902982E-03    7.0565705479E-03
6.9200212921E-03    6.7860918119E-03    6.6547323404E-03    6.5258940450E-03
6.3995290100E-03    6.2755902199E-03    6.1540315424E-03    6.0348077125E-03
5.9178743159E-03    5.8031877739E-03    5.6907053273E-03    5.5803850214E-03
5.4721856915E-03    5.3660669474E-03    5.2619891600E-03    5.1599134463E-03
5.0598016562E-03    4.9616163584E-03    4.8653208275E-03    4.7708790305E-03
4.6782556140E-03    4.5874158917E-03    4.4983258319E-03    4.4109520451E-03
4.3252617727E-03    4.2412228743E-03    4.1588038169E-03    4.0779736634E-03
3.9987020613E-03    3.9209592319E-03    3.8447159598E-03    3.7699435819E-03
3.6966139776E-03    3.6246995584E-03    3.5541732580E-03    3.4850085223E-03
3.4171793004E-03    3.3506600346E-03    3.2854256515E-03    3.2214515527E-03
3.1587136063E-03    3.0971881376E-03    3.0368519211E-03    2.9776821717E-03
2.9196565364E-03    2.8627530867E-03    2.8069503099E-03    2.7522271019E-03
2.6985627594E-03    2.6459369721E-03    2.5943298156E-03    2.5437217440E-03
2.4940935829E-03    2.4454265223E-03    2.3977021098E-03    2.3509022440E-03
2.3050091676E-03    2.2600054613E-03    2.2158740371E-03    2.1725981322E-03
2.1301613029E-03    2.0885474185E-03    2.0477406557E-03    2.0077254924E-03
1.9684867020E-03    1.9300093485E-03    1.8922787800E-03    1.8552806244E-03
1.8190007833E-03    1.7834254271E-03    1.7485409901E-03    1.7143341655E-03
1.6807919000E-03    1.6479013898E-03    1.6156500753E-03    1.5840256366E-03
1.5530159893E-03    1.5226092796E-03    1.4927938801E-03    1.4635583857E-03
1.4348916091E-03    1.4067825768E-03    1.3792205254E-03    1.3521948969E-03
1.3256953354E-03    1.2997116830E-03    1.2742339762E-03    1.2492524422E-03
1.2247574951E-03    1.2007397327E-03    1.1771899324E-03    1.1540990488E-03
1.1314582092E-03    1.1092587112E-03    1.0874920190E-03    1.0661497605E-03
1.0452237239E-03    1.0247058551E-03    1.0045882541E-03    9.8486317263E-04
9.6552301104E-04    9.4656031542E-04    9.2796777492E-04    9.0973821904E-04
8.9186461491E-04    8.7434006469E-04    8.5715780304E-04    8.4031119451E-04
8.2379373118E-04    8.0759903019E-04    7.9172083134E-04    7.7615299475E-04
7.6088949861E-04    7.4592443689E-04    7.3125201719E-04    7.1686655854E-04
7.0276248926E-04    6.8893434492E-04    6.7537676625E-04    6.6208449717E-04
6.4905238283E-04    6.3627536765E-04    6.2374849346E-04    6.1146689759E-04
5.9942581109E-04    5.8762055695E-04    5.7604654832E-04    5.6469928680E-04
5.5357436074E-04    5.4266744359E-04    5.3197429228E-04    5.2149074563E-04
5.1121272277E-04    5.0113622162E-04    4.9125731737E-04    4.8157216099E-04
4.7207697782E-04    4.6276806613E-04    4.5364179572E-04    4.4469460655E-04
4.3592300741E-04    4.2732357456E-04    4.1889295050E-04    4.1062784268E-04
4.0252502223E-04    3.9458132277E-04    3.8679363920E-04    3.7915892652E-04
3.7167419867E-04    3.6433652745E-04    3.5714304137E-04    3.5009092455E-04
3.4317741567E-04    3.3639980694E-04    3.2975544303E-04    3.2324172011E-04
3.1685608484E-04    3.1059603340E-04    3.0445911054E-04    2.9844290863E-04
2.9254506677E-04    2.8676326988E-04    2.8109524783E-04    2.7553877457E-04
2.7009166727E-04    2.6475178550E-04    2.5951703040E-04    2.5438534390E-04
2.4935470794E-04    2.4442314367E-04    2.3958871073E-04    2.3484950647E-04
2.3020366525E-04    2.2564935771E-04    2.2118479008E-04    2.1680820353E-04
2.1251787343E-04    2.0831210872E-04    2.0418925126E-04    2.0014767522E-04
1.9618578640E-04    1.9230202170E-04    1.8849484843E-04    1.8476276380E-04
1.8110429430E-04    1.7751799511E-04    1.7400244961E-04    1.7055626881E-04
1.6717809078E-04    1.6386658020E-04    1.6062042776E-04    1.5743834971E-04
1.5431908736E-04    1.5126140657E-04    1.4826409732E-04    1.4532597322E-04
1.4244587101E-04    1.3962265020E-04    1.3685519253E-04    1.3414240162E-04
1.3148320251E-04    1.2887654125E-04    1.2632138449E-04    1.2381671909E-04
1.2136155170E-04    1.1895490843E-04    1.1659583440E-04    1.1428339345E-04
1.1201666770E-04    1.0979475727E-04    1.0761677987E-04    1.0548187048E-04
1.0338918102E-04    1.0133788001E-04    9.9327152263E-05    9.7356198564E-05
9.5424235344E-05    9.3530494390E-05    9.1674222541E-05    8.9854681394E-05
8.8071147015E-05    8.6322909681E-05    8.4609273572E-05    8.2929556517E-05
8.1283089719E-05    7.9669217503E-05    7.8087297053E-05    7.6536698161E-05
7.5016803002E-05    7.3527005868E-05    7.2066712942E-05    7.0635342060E-05
6.9232322492E-05    6.7857094711E-05    6.6509110174E-05    6.5187831129E-05
6.3892730378E-05    6.2623291084E-05    6.1379006562E-05    6.0159380085E-05
5.8963924690E-05    5.7792162976E-05    5.6643626945E-05    5.5517857795E-05
5.4414405744E-05    5.3332829857E-05    5.2272697869E-05    5.1233586021E-05
5.0215078884E-05    4.9216769211E-05    4.8238257771E-05    4.7279153189E-05
4.6339071791E-05    4.5417637455E-05    4.4514481467E-05    4.3629242367E-05
4.2761565815E-05    4.1911104458E-05    4.1077517780E-05    4.0260471973E-05
3.9459639804E-05    3.8674700487E-05    3.7905339560E-05    3.7151248749E-05
3.6412125869E-05    3.5687674691E-05    3.4977604820E-05    3.4281631590E-05
3.3599475945E-05    3.2930864335E-05    3.2275528599E-05    3.1633205870E-05
3.1003638471E-05    3.0386573805E-05    2.9781764258E-05    2.9188967104E-05
2.8607944404E-05    2.8038462916E-05    2.7480293998E-05    2.6933213529E-05
2.6397001813E-05    2.5871443487E-05    2.5356327443E-05    2.4851446742E-05
2.4356598529E-05    2.3871583958E-05    2.3396208105E-05    2.2930279908E-05
2.2473612075E-05    2.2026021015E-05    2.1587326763E-05    2.1157352913E-05
2.0735926542E-05    2.0322878146E-05    1.9918041569E-05    1.9521253950E-05
1.9132355640E-05    1.8751190149E-05    1.8377604082E-05    1.8011447074E-05
1.7652571738E-05    1.7300833597E-05    1.6956091035E-05    1.6618205240E-05
1.6287040145E-05    1.5962462376E-05    1.5644341195E-05    1.5332548453E-05
1.5026958538E-05    1.4727448319E-05    1.4433897105E-05    1.4146186601E-05
1.3864200846E-05    1.3587826179E-05    1.3316951187E-05    1.3051466663E-05
1.2791265564E-05    1.2536242963E-05    1.2286296014E-05    1.2041323911E-05
1.1801227842E-05    1.1565910954E-05    1.1335278310E-05    1.1109236857E-05
1.0887695383E-05    1.0670564483E-05    1.0457756523E-05    1.0249185611E-05
1.0044767556E-05    9.8444198333E-06    9.6480615549E-06    9.4556134363E-06
9.2669977646E-06    9.0821383675E-06    8.9009605789E-06    8.7233912215E-06
8.5493585657E-06    8.3787923039E-06    8.2116235230E-06    8.0477846764E-06
7.8872095575E-06    7.7298332726E-06    7.5755922132E-06    7.4244240356E-06
7.2762676345E-06    7.1310631150E-06    6.9887517709E-06    6.8492760606E-06
6.7125795844E-06    6.5786070619E-06    6.4473043093E-06    6.3186182157E-06
6.1924967309E-06    6.0688888349E-06    5.9477445201E-06    5.8290147717E-06
5.7126515482E-06    5.5986077617E-06    5.4868372591E-06    5.3772948021E-06
5.2699360528E-06    5.1647175554E-06    5.0615967154E-06    4.9605317845E-06
4.8614818433E-06    4.7644067851E-06    4.6692673002E-06    4.5760248593E-06
4.4846416960E-06    4.3950807995E-06    4.3073058923E-06    4.2212814176E-06
4.1369725248E-06    4.0543450559E-06    3.9733655316E-06    3.8940011379E-06
3.8162197126E-06    3.7399897307E-06    3.6652802991E-06    3.5920611358E-06
3.5203025611E-06    3.4499754850E-06    3.3810513960E-06    3.3135023491E-06
3.2473009551E-06    3.1824203685E-06    3.1188342770E-06    3.0565168951E-06
2.9954429478E-06    2.9355876629E-06    2.8769267609E-06    2.8194364450E-06
2.7630933915E-06    2.7078747409E-06    2.6537580875E-06    2.6007214708E-06
2.5487433702E-06    2.4978026916E-06    2.4478787603E-06    2.3989513132E-06
2.3510004899E-06    2.3040068255E-06    2.2579512422E-06    2.2128150413E-06
2.1685798953E-06    2.1252278448E-06    2.0827412858E-06    2.0411029649E-06
2.0002959718E-06    1.9603037330E-06    1.9211100047E-06    1.8826988662E-06
1.8450547141E-06    1.8081622535E-06    1.7720064975E-06    1.7365727563E-06
1.7018466323E-06    1.6678140145E-06    1.6344610728E-06    1.6017742525E-06
1.5697402687E-06    1.5383461011E-06    1.5075789873E-06    1.4774264211E-06
1.4478761453E-06    1.4189161462E-06    1.3905346494E-06    1.3627201150E-06
1.3354612328E-06    1.3087469179E-06    1.2825663064E-06    1.2569087501E-06
1.2317638125E-06    1.2071212673E-06    1.1829710906E-06    1.1593034583E-06
1.1361087419E-06    1.1133775049E-06    1.0911004984E-06    1.0692686582E-06
1.0478731005E-06    1.0269051175E-06    1.0063561764E-06    9.8621791478E-07
9.6648213601E-07    9.4714080701E-07    9.2818605473E-07    9.0961016302E-07
8.9140556951E-07    8.7356486253E-07    8.5608077814E-07    8.3894619587E-07
8.2215413989E-07    8.0569777214E-07    7.8957039085E-07    7.7376542787E-07
7.5827644595E-07    7.4309713619E-07    7.2822131545E-07    7.1364292386E-07
6.9935602207E-07    6.8535478887E-07    6.7163352066E-07    6.5818662669E-07
6.4500862772E-07    6.3209415374E-07    6.1943794182E-07    6.0703483399E-07
5.9487977514E-07    5.8296781096E-07    5.7129408557E-07    5.5985384003E-07
5.4864241137E-07    5.3765522895E-07    5.2688781328E-07    5.1633577424E-07
5.0599480928E-07    4.9586070166E-07    4.8592931875E-07    4.7619661038E-07
4.6665860682E-07    4.5731141763E-07    4.4815123091E-07    4.3917431024E-07
4.3037699371E-07    4.2175569250E-07    4.1330688940E-07    4.0502713736E-07
3.9691305813E-07    3.8896134084E-07    3.8116874053E-07    3.7353207673E-07
3.6604823358E-07    3.5871415678E-07    3.5152685300E-07    3.4448338863E-07
3.3758088861E-07    3.3081653528E-07    3.2418756721E-07    3.1769127807E-07
3.1132501559E-07    3.0508617967E-07    2.9897222364E-07    2.9298065095E-07
2.8710901490E-07    2.8135491764E-07    2.7571600916E-07    2.7018998640E-07
2.6477459226E-07    2.5946761471E-07    2.5426688589E-07    2.4917028082E-07
2.4417571752E-07    2.3928115572E-07    2.3448459565E-07    2.2978407745E-07
2.2517768044E-07    2.2066352225E-07    2.1623975812E-07    2.1190458016E-07
2.0765621653E-07    2.0349293076E-07    1.9941302067E-07    1.9541481906E-07
1.9149669154E-07    1.8765703636E-07    1.8389428378E-07    1.8020689540E-07
1.7659336356E-07    1.7305221071E-07    1.6958198884E-07    1.6618127883E-07
1.6284868968E-07    1.5958285846E-07    1.5638244973E-07    1.5324615447E-07
1.5017268985E-07    1.4716079865E-07    1.4420924877E-07    1.4131683274E-07
1.3848236722E-07    1.3570469250E-07    1.3298267205E-07    1.3031519173E-07
1.2770116024E-07    1.2513950798E-07    1.2262918663E-07    1.2016916882E-07
1.1775844770E-07    1.1539603657E-07    1.1308096843E-07    1.1081229562E-07
1.0858908942E-07    1.0641043968E-07    1.0427545408E-07    1.0218325881E-07
1.0013299731E-07    9.8123830053E-08    9.6154934337E-08    9.4225503889E-08
9.2334748560E-08    9.0481893997E-08    8.8666181331E-08    8.6886866866E-08
8.5143221776E-08    8.3434531506E-08    8.1760096368E-08    8.0119230454E-08
7.8511261532E-08    7.6935530816E-08    7.5391392693E-08    7.3878214463E-08
7.2395376077E-08    7.0942269888E-08    6.9518300403E-08    6.8122884037E-08
6.6755448658E-08    6.5415433953E-08    6.4102290759E-08    6.2815480821E-08
6.1554476655E-08    6.0318761325E-08    5.9107828240E-08    5.7921180939E-08
5.6758332895E-08    5.5618807315E-08    5.4502136943E-08    5.3407863749E-08
5.2335538984E-08    5.1284723032E-08    5.0254984944E-08    4.9245902394E-08
4.8257061506E-08    4.7288056684E-08    4.6338490452E-08    4.5407973284E-08
4.4496123450E-08    4.3602566860E-08    4.2726936893E-08    4.1868874093E-08
4.1028026601E-08    4.0204049403E-08    3.9396604389E-08    3.8605360216E-08
3.7829992173E-08    3.7070182049E-08    3.6325618001E-08    3.5595994430E-08
3.4881011853E-08    3.4180376782E-08    3.3493801503E-08    3.2821004177E-08
3.2161708694E-08    3.1515644385E-08    3.0882545999E-08    3.0262153595E-08
2.9654212438E-08    2.9058472892E-08    2.8474690320E-08    2.7902624981E-08
2.7342041937E-08    2.6792710953E-08    2.6254406265E-08    2.5726906887E-08
2.5209996179E-08    2.4703461811E-08    2.4207095706E-08    2.3720693955E-08
2.3244056732E-08    2.2776988213E-08    2.2319296496E-08    2.1870793522E-08
2.1431294999E-08    2.1000620324E-08    2.0578592378E-08    2.0165037869E-08
1.9759786842E-08    1.9362672745E-08    1.8973532366E-08    1.8592205759E-08
1.8218536185E-08    1.7852370041E-08    1.7493556805E-08    1.7141948969E-08
1.6797401981E-08    1.6459774176E-08    1.6128926629E-08    1.5804723425E-08
1.5487031259E-08    1.5175719499E-08    1.4870660130E-08    1.4571727702E-08
1.4278799278E-08    1.3991754386E-08    1.3710474968E-08    1.3434845331E-08
1.3164752100E-08    1.2900084173E-08    1.2640732576E-08    1.2386590715E-08
1.2137554046E-08    1.1893520114E-08    1.1654388520E-08    1.1420060876E-08
1.1190440768E-08    1.0965433712E-08    1.0744947118E-08    1.0528890255E-08
1.0317174207E-08    1.0109711842E-08    9.9064177131E-09    9.7072081854E-09
9.5120012940E-09    9.3207166916E-09    9.1332756420E-09    8.9496009876E-09
8.7696171174E-09    8.5932499368E-09    8.4204268365E-09    8.2510766630E-09
8.0851296896E-09    7.9225175875E-09    7.7631733759E-09    7.6070314099E-09
7.4540274457E-09    7.3040984770E-09    7.1571827607E-09    7.0132197924E-09
6.8721502808E-09    6.7339161237E-09    6.5984603841E-09    6.4657272670E-09
6.3356620963E-09    6.2082112926E-09    6.0833223510E-09    5.9609437725E-09
5.8410251711E-09    5.7235171578E-09    5.6083713187E-09    5.4955402112E-09
5.3849773444E-09    5.2766371601E-09    5.1704750137E-09    5.0664471565E-09
4.9645107172E-09    4.8646236847E-09    4.7667448907E-09    4.6708339899E-09
4.5768514021E-09    4.4847584402E-09    4.3945171444E-09    4.3060903167E-09
4.2194415055E-09    4.1345349906E-09    4.0513357685E-09    3.9698095381E-09
3.8899226865E-09    3.8116422754E-09    3.7349360272E-09    3.6597723124E-09
3.5861201270E-09    3.5139490717E-09    3.4432294209E-09    3.3739320109E-09
3.3060282633E-09    3.2394901734E-09    3.1742902982E-09    3.1104017461E-09
3.0477981647E-09    2.9864537307E-09    2.9263431392E-09    2.8674415930E-09
2.8097247928E-09    2.7531689198E-09    2.6977506179E-09    2.6434470537E-09
2.5902358229E-09    2.5380949710E-09    2.4870029842E-09    2.4369387807E-09
2.3878817020E-09    2.3398115042E-09    2.2927083498E-09    2.2465527995E-09
2.2013258046E-09    2.1570086984E-09    2.1135831883E-09    2.0710313210E-09
2.0293355632E-09    1.9884787048E-09    1.9484438811E-09    1.9092145660E-09
1.8707745654E-09    1.8331080104E-09    1.7961993506E-09    1.7600333481E-09
1.7245950707E-09    1.6898698863E-09    1.6558434566E-09    1.6225017310E-09
1.5898309231E-09    1.5578175529E-09    1.5264484083E-09    1.4957105354E-09
1.4655912405E-09    1.4360780848E-09    1.4071588795E-09    1.3788216804E-09
1.3510547833E-09    1.3238467192E-09    1.2971862492E-09    1.2710623605E-09
1.2454642612E-09    1.2203813713E-09    1.1958033173E-09    1.1717199619E-09
1.1481213558E-09    1.1249977496E-09    1.1023395897E-09    1.0801375144E-09
1.0583823502E-09    1.0370651078E-09    1.0161769785E-09    9.9570933071E-10
9.7565370610E-10    9.5600181635E-10    9.3674553969E-10    9.1787690651E-10
8.9938812198E-10    8.8127155256E-10    8.6351971071E-10    8.4612525935E-10
8.2908100885E-10    8.1237991408E-10    7.9601507144E-10    7.7997971608E-10
7.6426721908E-10    7.4887108472E-10    7.3378494781E-10    7.1900257107E-10
7.0451784258E-10    6.9040001842E-10    6.7658566437E-10    6.6304468060E-10
6.4976764035E-10    6.3674553203E-10    6.2396986864E-10    6.1143279079E-10
5.9912716141E-10    5.8704665032E-10    5.7518580677E-10    5.6354011807E-10
5.5210605249E-10    5.4088108447E-10    5.2986370034E-10    5.1846701780E-10
5.0716652201E-10    4.9612461083E-10    4.8537123370E-10    4.7493483730E-10
4.6484141454E-10    4.5511356634E-10    4.4576958762E-10    4.3682258859E-10
4.2827966251E-10    4.2014111131E-10    4.1239974006E-10    4.0504023159E-10
3.9803861258E-10    3.9293478261E-10    3.8880697852E-10    3.8476540004E-10
3.8065984470E-10    3.7633691222E-10    3.7164273606E-10    3.6642575377E-10
3.6053948782E-10    3.5384530918E-10    3.4621515532E-10    3.3753417466E-10
3.2770326950E-10    3.1664150924E-10    3.0428838595E-10    2.8906082390E-10
2.6991707004E-10    2.4964566860E-10    2.2844408205E-10    2.0652857946E-10
1.8413064525E-10    1.6149323261E-10    1.3886689912E-10    1.1650586197E-10
9.4664010652E-11    7.3590914470E-11    5.3527862509E-11    3.4703973716E-11
1.7332414569E-11    1.6067619807E-12   -8.3017577237E-12   -1.5890940477E-11
-2.1706091950E-11   -2.5826264108E-11   -2.8352636082E-11   -2.9406140845E-11
-2.9124917474E-11   -2.7661617423E-11   -2.5180593214E-11   -2.1854997971E-11
-1.7863824197E-11   -1.3388910235E-11   -8.6119428069E-12   -3.7114840526E-12
4.4411424240E-13    2.1804111647E-12    3.6732975656E-12    4.8914243193E-12
5.8143648718E-12    6.4320732188E-12    6.7442337003E-12    6.7595141209E-12
6.4947337080E-12    5.9739574176E-12    5.2275280985E-12    4.2910480271E-12
3.2043213214E-12    2.0102687464E-12    7.5382642152E-13   -8.6019428954E-14
-2.8275969028E-13   -4.5538407738E-13   -5.9925549852E-13   -7.1093269650E-13
-7.8817379390E-13   -8.2991646572E-13   -8.3623669384E-13   -8.0828805781E-13
-7.4822351623E-13   -6.5910163343E-13   -5.4477920563E-13   -4.0979224118E-13
-2.5922724930E-13   -9.8584791633E-14    0.0000000000E+00    0.0000000000E+00
0.0000000000E+00    0.0000000000E+00    0.0000000000E+00    0.0000000000E+00
0.0000000000E+00    0.0000000000E+00    0.0000000000E+00    0.0000000000E+00
0.0000000000E+00    0.0000000000E+00    0.0000000000E+00    0.0000000000E+00
0.0000000000E+00    0.0000000000E+00    0.0000000000E+00    0.0000000000E+00
0.0000000000E+00    0.0000000000E+00    0.0000000000E+00    0.0000000000E+00
0.0000000000E+00    0.0000000000E+00    0.0000000000E+00    0.0000000000E+00
0.0000000000E+00    0.0000000000E+00    0.0000000000E+00    0.0000000000E+00
0.0000000000E+00    0.0000000000E+00    0.0000000000E+00    0.0000000000E+00
0.0000000000E+00    0.0000000000E+00    0.0000000000E+00    0.0000000000E+00
0.0000000000E+00    0.0000000000E+00    0.0000000000E+00    0.0000000000E+00
0.0000000000E+00    0.0000000000E+00    0.0000000000E+00    0.0000000000E+00
0.0000000000E+00    0.0000000000E+00    0.0000000000E+00    0.0000000000E+00
0.0000000000E+00    0.0000000000E+00    0.0000000000E+00    0.0000000000E+00
0.0000000000E+00    0.0000000000E+00    0.0000000000E+00    0.0000000000E+00
0.0000000000E+00    0.0000000000E+00    0.0000000000E+00    0.0000000000E+00
0.0000000000E+00    0.0000000000E+00    0.0000000000E+00    0.0000000000E+00
0.0000000000E+00    0.0000000000E+00    0.0000000000E+00    0.0000000000E+00
0.0000000000E+00    0.0000000000E+00    0.0000000000E+00    0.0000000000E+00
0.0000000000E+00    0.0000000000E+00    0.0000000000E+00    0.0000000000E+00
0.0000000000E+00    0.0000000000E+00    0.0000000000E+00    0.0000000000E+00
0.0000000000E+00    0.0000000000E+00    0.0000000000E+00    0.0000000000E+00
0.0000000000E+00    0.0000000000E+00    0.0000000000E+00    0.0000000000E+00
0.0000000000E+00    0.0000000000E+00    0.0000000000E+00    0.0000000000E+00
0.0000000000E+00    0.0000000000E+00    0.0000000000E+00    0.0000000000E+00
0.0000000000E+00    0.0000000000E+00    0.0000000000E+00    0.0000000000E+00
0.0000000000E+00    0.0000000000E+00    0.0000000000E+00    0.0000000000E+00
0.0000000000E+00    0.0000000000E+00    0.0000000000E+00    0.0000000000E+00
0.0000000000E+00    0.0000000000E+00    0.0000000000E+00    0.0000000000E+00
0.0000000000E+00    0.0000000000E+00    0.0000000000E+00    0.0000000000E+00
0.0000000000E+00    0.0000000000E+00    0.0000000000E+00    0.0000000000E+00
0.0000000000E+00    0.0000000000E+00    0.0000000000E+00    0.0000000000E+00
0.0000000000E+00    0.0000000000E+00    0.0000000000E+00    0.0000000000E+00
0.0000000000E+00    0.0000000000E+00    0.0000000000E+00    0.0000000000E+00
0.0000000000E+00    0.0000000000E+00    0.0000000000E+00    0.0000000000E+00
0.0000000000E+00    0.0000000000E+00    0.0000000000E+00    0.0000000000E+00
0.0000000000E+00    0.0000000000E+00    0.0000000000E+00    0.0000000000E+00
0.0000000000E+00    0.0000000000E+00    0.0000000000E+00    0.0000000000E+00
0.0000000000E+00    0.0000000000E+00    0.0000000000E+00    0.0000000000E+00
0.0000000000E+00    0.0000000000E+00    0.0000000000E+00    0.0000000000E+00
0.0000000000E+00    0.0000000000E+00    0.0000000000E+00    0.0000000000E+00
0.0000000000E+00    0.0000000000E+00    0.0000000000E+00    0.0000000000E+00
0.0000000000E+00    0.0000000000E+00    0.0000000000E+00    0.0000000000E+00
0.0000000000E+00    0.0000000000E+00    0.0000000000E+00    0.0000000000E+00
0.0000000000E+00    0.0000000000E+00    0.0000000000E+00    0.0000000000E+00
0.0000000000E+00    0.0000000000E+00    0.0000000000E+00    0.0000000000E+00
0.0000000000E+00    0.0000000000E+00    0.0000000000E+00    0.0000000000E+00
0.0000000000E+00    0.0000000000E+00    0.0000000000E+00    0.0000000000E+00
0.0000000000E+00    0.0000000000E+00    0.0000000000E+00    0.0000000000E+00
0.0000000000E+00    0.0000000000E+00    0.0000000000E+00    0.0000000000E+00
0.0000000000E+00    0.0000000000E+00    0.0000000000E+00    0.0000000000E+00
0.0000000000E+00    0.0000000000E+00    0.0000000000E+00    0.0000000000E+00
0.0000000000E+00    0.0000000000E+00    0.0000000000E+00    0.0000000000E+00
0.0000000000E+00    0.0000000000E+00    0.0000000000E+00    0.0000000000E+00
0.0000000000E+00    0.0000000000E+00    0.0000000000E+00    0.0000000000E+00
0.0000000000E+00    0.0000000000E+00    0.0000000000E+00    0.0000000000E+00
0.0000000000E+00    0.0000000000E+00    0.0000000000E+00    0.0000000000E+00
0.0000000000E+00    0.0000000000E+00    0.0000000000E+00    0.0000000000E+00
0.0000000000E+00    0.0000000000E+00    0.0000000000E+00    0.0000000000E+00
0.0000000000E+00    0.0000000000E+00    0.0000000000E+00    0.0000000000E+00
0.0000000000E+00    0.0000000000E+00    0.0000000000E+00    0.0000000000E+00
0.0000000000E+00    0.0000000000E+00    0.0000000000E+00    0.0000000000E+00
0.0000000000E+00    0.0000000000E+00    0.0000000000E+00    0.0000000000E+00
0.0000000000E+00    0.0000000000E+00    0.0000000000E+00    0.0000000000E+00
0.0000000000E+00    0.0000000000E+00    0.0000000000E+00    0.0000000000E+00
0.0000000000E+00    0.0000000000E+00    0.0000000000E+00    0.0000000000E+00
0.0000000000E+00    0.0000000000E+00    0.0000000000E+00    0.0000000000E+00
0.0000000000E+00    0.0000000000E+00    0.0000000000E+00    0.0000000000E+00
0.0000000000E+00    0.0000000000E+00    0.0000000000E+00    0.0000000000E+00
0.0000000000E+00    0.0000000000E+00    0.0000000000E+00    0.0000000000E+00
0.0000000000E+00    0.0000000000E+00    0.0000000000E+00    0.0000000000E+00
0.0000000000E+00    0.0000000000E+00    0.0000000000E+00    0.0000000000E+00
0.0000000000E+00    0.0000000000E+00    0.0000000000E+00    0.0000000000E+00
0.0000000000E+00    0.0000000000E+00    0.0000000000E+00    0.0000000000E+00
0.0000000000E+00    0.0000000000E+00    0.0000000000E+00    0.0000000000E+00
0.0000000000E+00    0.0000000000E+00    0.0000000000E+00    0.0000000000E+00
0.0000000000E+00    0.0000000000E+00    0.0000000000E+00    0.0000000000E+00
0.0000000000E+00    0.0000000000E+00    0.0000000000E+00    0.0000000000E+00
0.0000000000E+00    0.0000000000E+00    0.0000000000E+00    0.0000000000E+00
0.0000000000E+00    0.0000000000E+00    0.0000000000E+00    0.0000000000E+00
0.0000000000E+00    0.0000000000E+00    0.0000000000E+00    0.0000000000E+00
0.0000000000E+00    0.0000000000E+00    0.0000000000E+00    0.0000000000E+00
0.0000000000E+00    0.0000000000E+00    0.0000000000E+00    0.0000000000E+00
0.0000000000E+00    0.0000000000E+00    0.0000000000E+00    0.0000000000E+00
0.0000000000E+00    0.0000000000E+00    0.0000000000E+00    0.0000000000E+00
0.0000000000E+00    0.0000000000E+00    0.0000000000E+00    0.0000000000E+00
0.0000000000E+00    0.0000000000E+00    0.0000000000E+00    0.0000000000E+00
0.0000000000E+00    0.0000000000E+00    0.0000000000E+00    0.0000000000E+00
0.0000000000E+00    0.0000000000E+00    0.0000000000E+00    0.0000000000E+00
0.0000000000E+00    0.0000000000E+00    0.0000000000E+00    0.0000000000E+00
0.0000000000E+00    0.0000000000E+00    0.0000000000E+00    0.0000000000E+00
0.0000000000E+00    0.0000000000E+00    0.0000000000E+00    0.0000000000E+00
0.0000000000E+00    0.0000000000E+00    0.0000000000E+00    0.0000000000E+00
0.0000000000E+00    0.0000000000E+00    0.0000000000E+00    0.0000000000E+00
0.0000000000E+00    0.0000000000E+00    0.0000000000E+00    0.0000000000E+00
0.0000000000E+00    0.0000000000E+00    0.0000000000E+00    0.0000000000E+00
0.0000000000E+00    0.0000000000E+00    0.0000000000E+00    0.0000000000E+00
0.0000000000E+00    0.0000000000E+00    0.0000000000E+00    0.0000000000E+00
0.0000000000E+00    0.0000000000E+00    0.0000000000E+00    0.0000000000E+00
0.0000000000E+00    0.0000000000E+00    0.0000000000E+00    0.0000000000E+00
0.0000000000E+00    0.0000000000E+00    0.0000000000E+00    0.0000000000E+00
0.0000000000E+00    0.0000000000E+00    0.0000000000E+00    0.0000000000E+00
0.0000000000E+00    0.0000000000E+00    0.0000000000E+00    0.0000000000E+00
0.0000000000E+00    0.0000000000E+00    0.0000000000E+00    0.0000000000E+00
0.0000000000E+00    0.0000000000E+00    0.0000000000E+00    0.0000000000E+00
0.0000000000E+00    0.0000000000E+00    0.0000000000E+00    0.0000000000E+00
0.0000000000E+00    0.0000000000E+00    0.0000000000E+00    0.0000000000E+00
0.0000000000E+00    0.0000000000E+00    0.0000000000E+00    0.0000000000E+00
0.0000000000E+00    0.0000000000E+00    0.0000000000E+00    0.0000000000E+00
0.0000000000E+00    0.0000000000E+00    0.0000000000E+00    0.0000000000E+00
0.0000000000E+00    0.0000000000E+00    0.0000000000E+00    0.0000000000E+00
0.0000000000E+00    0.0000000000E+00    0.0000000000E+00    0.0000000000E+00
0.0000000000E+00    0.0000000000E+00    0.0000000000E+00    0.0000000000E+00
0.0000000000E+00    0.0000000000E+00    0.0000000000E+00    0.0000000000E+00
0.0000000000E+00    0.0000000000E+00    0.0000000000E+00    0.0000000000E+00
0.0000000000E+00    0.0000000000E+00    0.0000000000E+00    0.0000000000E+00
0.0000000000E+00    0.0000000000E+00    0.0000000000E+00    0.0000000000E+00
0.0000000000E+00    0.0000000000E+00    0.0000000000E+00    0.0000000000E+00
0.0000000000E+00    0.0000000000E+00    0.0000000000E+00    0.0000000000E+00
0.0000000000E+00    0.0000000000E+00    0.0000000000E+00    0.0000000000E+00
0.0000000000E+00    0.0000000000E+00    0.0000000000E+00    0.0000000000E+00
0.0000000000E+00    0.0000000000E+00    0.0000000000E+00    0.0000000000E+00
0.0000000000E+00    0.0000000000E+00    0.0000000000E+00    0.0000000000E+00
0.0000000000E+00    0.0000000000E+00    0.0000000000E+00    0.0000000000E+00
0.0000000000E+00    0.0000000000E+00    0.0000000000E+00    0.0000000000E+00
0.0000000000E+00    0.0000000000E+00    0.0000000000E+00    0.0000000000E+00
0.0000000000E+00    0.0000000000E+00    0.0000000000E+00    0.0000000000E+00
0.0000000000E+00    0.0000000000E+00    0.0000000000E+00    0.0000000000E+00
0.0000000000E+00    0.0000000000E+00    0.0000000000E+00    0.0000000000E+00
0.0000000000E+00    0.0000000000E+00    0.0000000000E+00    0.0000000000E+00
0.0000000000E+00    0.0000000000E+00    0.0000000000E+00    0.0000000000E+00
0.0000000000E+00    0.0000000000E+00    0.0000000000E+00    0.0000000000E+00
0.0000000000E+00    0.0000000000E+00    0.0000000000E+00    0.0000000000E+00
0.0000000000E+00    0.0000000000E+00    0.0000000000E+00    0.0000000000E+00
0.0000000000E+00    0.0000000000E+00    0.0000000000E+00    0.0000000000E+00
0.0000000000E+00    0.0000000000E+00    0.0000000000E+00    0.0000000000E+00
0.0000000000E+00    0.0000000000E+00    0.0000000000E+00    0.0000000000E+00
0.0000000000E+00    0.0000000000E+00    0.0000000000E+00    0.0000000000E+00
0.0000000000E+00    0.0000000000E+00    0.0000000000E+00    0.0000000000E+00
0.0000000000E+00    0.0000000000E+00    0.0000000000E+00    0.0000000000E+00
0.0000000000E+00    0.0000000000E+00    0.0000000000E+00    0.0000000000E+00
0.0000000000E+00    0.0000000000E+00    0.0000000000E+00    0.0000000000E+00
0.0000000000E+00    0.0000000000E+00    0.0000000000E+00    0.0000000000E+00
0.0000000000E+00    0.0000000000E+00    0.0000000000E+00    0.0000000000E+00
0.0000000000E+00    0.0000000000E+00    0.0000000000E+00    0.0000000000E+00
0.0000000000E+00    0.0000000000E+00    0.0000000000E+00    0.0000000000E+00
0.0000000000E+00    0.0000000000E+00    0.0000000000E+00    0.0000000000E+00
0.0000000000E+00    0.0000000000E+00    0.0000000000E+00    0.0000000000E+00
0.0000000000E+00    0.0000000000E+00    0.0000000000E+00    0.0000000000E+00
0.0000000000E+00    0.0000000000E+00    0.0000000000E+00    0.0000000000E+00
0.0000000000E+00    0.0000000000E+00    0.0000000000E+00    0.0000000000E+00
0.0000000000E+00    0.0000000000E+00    0.0000000000E+00    0.0000000000E+00
0.0000000000E+00    0.0000000000E+00    0.0000000000E+00    0.0000000000E+00
0.0000000000E+00    0.0000000000E+00    0.0000000000E+00    0.0000000000E+00
0.0000000000E+00    0.0000000000E+00    0.0000000000E+00    0.0000000000E+00
0.0000000000E+00    0.0000000000E+00    0.0000000000E+00    0.0000000000E+00
0.0000000000E+00    0.0000000000E+00    0.0000000000E+00    0.0000000000E+00
0.0000000000E+00    0.0000000000E+00    0.0000000000E+00    0.0000000000E+00
0.0000000000E+00    0.0000000000E+00    0.0000000000E+00    0.0000000000E+00
0.0000000000E+00    0.0000000000E+00    0.0000000000E+00    0.0000000000E+00
0.0000000000E+00    0.0000000000E+00    0.0000000000E+00    0.0000000000E+00
0.0000000000E+00    0.0000000000E+00    0.0000000000E+00    0.0000000000E+00
0.0000000000E+00    0.0000000000E+00    0.0000000000E+00    0.0000000000E+00
0.0000000000E+00    0.0000000000E+00    0.0000000000E+00    0.0000000000E+00
0.0000000000E+00    0.0000000000E+00    0.0000000000E+00    0.0000000000E+00
0.0000000000E+00    0.0000000000E+00    0.0000000000E+00    0.0000000000E+00
0.0000000000E+00    0.0000000000E+00    0.0000000000E+00    0.0000000000E+00
0.0000000000E+00    0.0000000000E+00    0.0000000000E+00    0.0000000000E+00
0.0000000000E+00    0.0000000000E+00    0.0000000000E+00    0.0000000000E+00
0.0000000000E+00    0.0000000000E+00    0.0000000000E+00    0.0000000000E+00
0.0000000000E+00    0.0000000000E+00    0.0000000000E+00    0.0000000000E+00
0.0000000000E+00    0.0000000000E+00    0.0000000000E+00    0.0000000000E+00
0.0000000000E+00    0.0000000000E+00    0.0000000000E+00    0.0000000000E+00
0.0000000000E+00    0.0000000000E+00    0.0000000000E+00    0.0000000000E+00
0.0000000000E+00    0.0000000000E+00    0.0000000000E+00    0.0000000000E+00
0.0000000000E+00    0.0000000000E+00    0.0000000000E+00    0.0000000000E+00
0.0000000000E+00    0.0000000000E+00    0.0000000000E+00    0.0000000000E+00
0.0000000000E+00    0.0000000000E+00    0.0000000000E+00    0.0000000000E+00
0.0000000000E+00    0.0000000000E+00    0.0000000000E+00    0.0000000000E+00
0.0000000000E+00    0.0000000000E+00    0.0000000000E+00    0.0000000000E+00
0.0000000000E+00    0.0000000000E+00    0.0000000000E+00    0.0000000000E+00
0.0000000000E+00    0.0000000000E+00    0.0000000000E+00    0.0000000000E+00