5.5550342104E-11    6.9558971384E-04    2.7804670337E-03    6.2489629873E-03
1.1091651143E-02    1.7295380337E-02    2.4843320288E-02    3.3715019928E-02
4.3886478186E-02    5.5330226958E-02    6.8015425889E-02    8.1907968605E-02
9.6970599935E-02    1.1316304364E-01    1.3044214015E-01    1.4876199369E-01
1.6807412826E-01    1.8832765176E-01    2.0946942766E-01    2.3144425347E-01
2.5419504529E-01    2.7766302770E-01    3.0178792831E-01    3.2650817598E-01
3.5176110221E-01    3.7748314460E-01    4.0361005187E-01    4.3007708939E-01
4.5681924457E-01    4.8377143128E-01    5.1086869254E-01    5.3804640059E-01
5.6524045380E-01    5.9238746953E-01    6.1942497221E-01    6.4629157617E-01
6.7292716226E-01    6.9927304793E-01    7.2527214997E-01    7.5086913952E-01
7.7601058872E-01    8.0064510859E-01    8.2472347769E-01    8.4819876124E-01
8.7102642030E-01    8.9316441064E-01    9.1457327132E-01    9.3521620251E-01
9.5505913249E-01    9.7407077386E-01    9.9222266872E-01    1.0094892229E+00
1.0258477294E+00    1.0412783809E+00    1.0557642716E+00    1.0692913885E+00
1.0818485929E+00    1.0934275912E+00    1.1040228964E+00    1.1136317802E+00
1.1222542160E+00    1.1298928137E+00    1.1365527457E+00    1.1422416661E+00
1.1469696217E+00    1.1507489576E+00    1.1535942152E+00    1.1555220261E+00
1.1565510000E+00    1.1567016083E+00    1.1559960642E+00    1.1544581995E+00
1.1521133381E+00    1.1489881684E+00    1.1451106131E+00    1.1405096991E+00
1.1352154259E+00    1.1292586357E+00    1.1226708825E+00    1.1154843037E+00
1.1077314931E+00    1.0994453758E+00    1.0906590863E+00    1.0814058493E+00
1.0717188645E+00    1.0616311948E+00    1.0511756592E+00    1.0403847300E+00
1.0292904354E+00    1.0179242663E+00    1.0063170898E+00    9.9449906693E-01
9.8249957710E-01    9.7034714814E-01    9.5806939215E-01    9.4569294769E-01
9.3324342785E-01    9.2074537461E-01    9.0822221913E-01    8.9569624826E-01
8.8318857684E-01    8.7071912604E-01    8.5830660732E-01    8.4596851212E-01
8.3372110685E-01    8.2157943324E-01    8.0955731368E-01    7.9766736144E-01
7.8592099536E-01    7.7432845905E-01    7.6289884403E-01    7.5164011676E-01
7.4055914917E-01    7.2966175248E-01    7.1895271401E-01    7.0843583658E-01
6.9811398046E-01    6.8798910733E-01    6.7806232610E-01    6.6833394028E-01
6.5880349667E-01    6.4946983503E-01    6.4033113848E-01    6.3138498443E-01
6.2262839583E-01    6.1405789229E-01    6.0566954120E-01    5.9745900830E-01
5.8942160769E-01    5.8155235113E-01    5.7384599626E-01    5.6629709378E-01
5.5890003337E-01    5.5164908815E-01    5.4453845766E-01    5.3756230922E-01
5.3071481748E-01    5.2399020221E-01    5.1738276423E-01    5.1088691922E-01
5.0449722968E-01    4.9820843473E-01    4.9201547778E-01    4.8591353212E-01
4.7989802434E-01    4.7396465547E-01    4.6810942007E-01    4.6232862305E-01
4.5661889423E-01    4.5097720083E-01    4.4540085809E-01    4.3988753582E-01
4.3443526592E-01    4.2904244628E-01    4.2370783999E-01    4.1843058207E-01
4.1321010542E-01    4.0804608311E-01    4.0293827218E-01    3.9788632967E-01
3.9288989463E-01    3.8794862383E-01    3.8306215855E-01    3.7823013023E-01
3.7345216225E-01    3.6872787062E-01    3.6405686432E-01    3.5943874590E-01
3.5487311205E-01    3.5035955406E-01    3.4589765836E-01    3.4148700697E-01
3.3712717791E-01    3.3281774571E-01    3.2855828171E-01    3.2434835456E-01
3.2018753048E-01    3.1607537373E-01    3.1201144684E-01    3.0799531099E-01
3.0402652632E-01    3.0010465218E-01    2.9622924744E-01    2.9239987075E-01
2.8861608078E-01    2.8487743645E-01    2.8118349719E-01    2.7753382313E-01
2.7392797529E-01    2.7036551581E-01    2.6684600814E-01    2.6336901716E-01
2.5993410940E-01    2.5654085319E-01    2.5318881881E-01    2.4987757861E-01
2.4660670719E-01    2.4337578148E-01    2.4018438093E-01    2.3703208755E-01
2.3391848610E-01    2.3084316412E-01    2.2780571210E-01    2.2480572353E-01
2.2184279499E-01    2.1891652627E-01    2.1602652039E-01    2.1317238374E-01
2.1035372609E-01    2.0757016067E-01    2.0482130424E-01    2.0210677714E-01
1.9942620329E-01    1.9677921027E-01    1.9416542936E-01    1.9158449550E-01
1.8903604740E-01    1.8651972745E-01    1.8403518180E-01    1.8158206033E-01
1.7916001661E-01    1.7676870793E-01    1.7440779523E-01    1.7207694309E-01
1.6977581969E-01    1.6750409671E-01    1.6526144935E-01    1.6304755621E-01
1.6086209923E-01    1.5870476361E-01    1.5657523774E-01    1.5447321309E-01
1.5239838412E-01    1.5035044820E-01    1.4832910548E-01    1.4633405878E-01
1.4436501353E-01    1.4242167760E-01    1.4050376124E-01    1.3861097694E-01
1.3674303937E-01    1.3489966521E-01    1.3308057314E-01    1.3128548366E-01
1.2951411908E-01    1.2776620340E-01    1.2604146227E-01    1.2433962290E-01
1.2266041403E-01    1.2100356590E-01    1.1936881018E-01    1.1775588003E-01
1.1616450998E-01    1.1459443605E-01    1.1304539567E-01    1.1151712776E-01
1.1000937274E-01    1.0852187258E-01    1.0705437083E-01    1.0560661271E-01
1.0417834514E-01    1.0276931680E-01    1.0137927823E-01    1.0000798190E-01
9.8655182241E-02    9.7320635766E-02    9.6004101115E-02    9.4705339138E-02
9.3424112957E-02    9.2160188031E-02    9.0913332220E-02    8.9683315842E-02
8.8469911716E-02    8.7272895217E-02    8.6092044313E-02    8.4927139599E-02
8.3777964323E-02    8.2644304418E-02    8.1525948511E-02    8.0422687936E-02
7.9334316746E-02    7.8260631712E-02    7.7201432320E-02    7.6156520764E-02
7.5125701937E-02    7.4108783415E-02    7.3105575441E-02    7.2115890902E-02
7.1139545306E-02    7.0176356761E-02    6.9226145941E-02    6.8288736060E-02
6.7363952844E-02    6.6451624493E-02    6.5551581653E-02    6.4663657383E-02
6.3787687115E-02    6.2923508629E-02    6.2070962008E-02    6.1229889612E-02
6.0400136038E-02    5.9581548086E-02    5.8773974726E-02    5.7977267066E-02
5.7191278311E-02    5.6415863737E-02    5.5650880654E-02    5.4896188376E-02
5.4151648186E-02    5.3417123306E-02    5.2692478869E-02    5.1977581883E-02
5.1272301207E-02    5.0576507515E-02    4.9890073276E-02    4.9212872720E-02
4.8544781809E-02    4.7885678217E-02    4.7235441298E-02    4.6593952062E-02
4.5961093147E-02    4.5336748801E-02    4.4720804850E-02    4.4113148678E-02
4.3513669205E-02    4.2922256860E-02    4.2338803563E-02    4.1763202699E-02
4.1195349100E-02    4.0635139021E-02    4.0082470121E-02    3.9537241443E-02
3.8999353393E-02    3.8468707719E-02    3.7945207497E-02    3.7428757104E-02
3.6919262208E-02    3.6416629745E-02    3.5920767900E-02    3.5431586094E-02
3.4948994963E-02    3.4472906341E-02    3.4003233247E-02    3.3539889865E-02
3.3082791527E-02    3.2631854702E-02    3.2186996976E-02    3.1748137037E-02
3.1315194663E-02    3.0888090703E-02    3.0466747066E-02    3.0051086704E-02
2.9641033597E-02    2.9236512744E-02    2.8837450144E-02    2.8443772783E-02
2.8055408625E-02    2.7672286592E-02    2.7294336557E-02    2.6921489328E-02
2.6553676638E-02    2.6190831127E-02    2.5832886338E-02    2.5479776697E-02
2.5131437505E-02    2.4787804928E-02    2.4448815982E-02    2.4114408520E-02
2.3784521229E-02    2.3459093608E-02    2.3138065966E-02    2.2821379407E-02
2.2508975818E-02    2.2200797863E-02    2.1896788969E-02    2.1596893316E-02
2.1301055831E-02    2.1009222171E-02    2.0721338720E-02    2.0437352576E-02
2.0157211539E-02    1.9880864109E-02    1.9608259469E-02    1.9339347480E-02
1.9074078671E-02    1.8812404230E-02    1.8554275996E-02    1.8299646449E-02
1.8048468701E-02    1.7800696491E-02    1.7556284173E-02    1.7315186708E-02
1.7077359658E-02    1.6842759178E-02    1.6611342006E-02    1.6383065455E-02
1.6157887409E-02    1.5935766311E-02    1.5716661159E-02    1.5500531497E-02
1.5287337406E-02    1.5077039501E-02    1.4869598920E-02    1.4664977320E-02
1.4463136867E-02    1.4264040232E-02    1.4067650582E-02    1.3873931577E-02
1.3682847359E-02    1.3494362547E-02    1.3308442233E-02    1.3125051972E-02
1.2944157779E-02    1.2765726122E-02    1.2589723913E-02    1.2416118508E-02
1.2244877695E-02    1.2075969692E-02    1.1909363140E-02    1.1745027098E-02
1.1582931037E-02    1.1423044833E-02    1.1265338765E-02    1.1109783507E-02
1.0956350123E-02    1.0805010064E-02    1.0655735158E-02    1.0508497611E-02
1.0363269997E-02    1.0220025258E-02    1.0078736694E-02    9.9393779594E-03
9.8019230624E-03    9.6663463554E-03    9.5326225329E-03    9.4007266261E-03
9.2706339988E-03    9.1423203428E-03    9.0157616736E-03    8.8909343263E-03
8.7678149507E-03    8.6463805080E-03    8.5266082659E-03    8.4084757951E-03
8.2919609649E-03    8.1770419394E-03    8.0636971735E-03    7.9519054091E-03
7.8416456713E-03    7.7328972647E-03    7.6256397696E-03    7.5198530381E-03
7.4155171911E-03    7.3126126143E-03    7.2111199546E-03    7.1110201170E-03
7.0122942611E-03    6.9149237973E-03    6.8188903841E-03    6.7241759244E-03
6.6307625624E-03    6.5386326803E-03    6.4477688956E-03    6.3581540571E-03
6.2697712428E-03    6.1826037562E-03    6.0966351237E-03    6.0118490914E-03
5.9282296223E-03    5.8457608936E-03    5.7644272936E-03    5.6842134189E-03
5.6051040720E-03    5.5270842581E-03    5.4501391829E-03    5.3742542496E-03
5.2994150563E-03    5.2256073939E-03    5.1528172427E-03    5.0810307709E-03
5.0102343312E-03    4.9404144591E-03    4.8715578699E-03    4.8036514567E-03
4.7366822881E-03    4.6706376056E-03    4.6055048213E-03    4.5412715161E-03
4.4779254369E-03    4.4154544950E-03    4.3538467634E-03    4.2930904748E-03
4.2331740199E-03    4.1740859447E-03    4.1158149488E-03    4.0583498835E-03
4.0016797495E-03    3.9457936951E-03    3.8906810140E-03    3.8363311439E-03
3.7827336640E-03    3.7298782937E-03    3.6777548903E-03    3.6263534473E-03
3.5756640929E-03    3.5256770878E-03    3.4763828235E-03    3.4277718210E-03
3.3798347287E-03    3.3325623206E-03    3.2859454952E-03    3.2399752733E-03
3.1946427967E-03    3.1499393263E-03    3.1058562410E-03    3.0623850356E-03
3.0195173199E-03    2.9772448165E-03    2.9355593596E-03    2.8944528939E-03
2.8539174725E-03    2.8139452557E-03    2.7745285100E-03    2.7356596059E-03
2.6973310174E-03    2.6595353198E-03    2.6222651889E-03    2.5855133996E-03
2.5492728245E-03    2.5135364325E-03    2.4782972876E-03    2.4435485479E-03
2.4092834640E-03    2.3754953778E-03    2.3421777216E-03    2.3093240166E-03
2.2769278717E-03    2.2449829827E-03    2.2134831307E-03    2.1824221812E-03
2.1517940829E-03    2.1215928669E-03    2.0918126450E-03    2.0624476091E-03
2.0334920301E-03    2.0049402567E-03    1.9767867143E-03    1.9490259043E-03
1.9216524027E-03    1.8946608594E-03    1.8680459970E-03    1.8418026101E-03
1.8159255642E-03    1.7904097944E-03    1.7652503053E-03    1.7404421691E-03
1.7159805255E-03    1.6918605803E-03    1.6680776048E-03    1.6446269348E-03
1.6215039697E-03    1.5987041718E-03    1.5762230652E-03    1.5540562352E-03
1.5321993275E-03    1.5106480473E-03    1.4893981584E-03    1.4684454826E-03
1.4477858988E-03    1.4274153424E-03    1.4073298043E-03    1.3875253304E-03
1.3679980205E-03    1.3487440281E-03    1.3297595593E-03    1.3110408722E-03
1.2925842760E-03    1.2743861307E-03    1.2564428463E-03    1.2387508819E-03
1.2213067452E-03    1.2041069919E-03    1.1871482248E-03    1.1704270936E-03
1.1539402939E-03    1.1376845667E-03    1.1216566978E-03    1.1058535172E-03
1.0902718985E-03    1.0749087581E-03    1.0597610552E-03    1.0448257905E-03
1.0301000061E-03    1.0155807849E-03    1.0012652499E-03    9.8715056364E-04
9.7323392792E-04    9.5951258297E-04    9.4598380712E-04    9.3264491620E-04
9.1949326307E-04    9.0652623709E-04    8.9374126364E-04    8.8113580363E-04
8.6870735301E-04    8.5645344231E-04    8.4437163615E-04    8.3245953280E-04
8.2071476371E-04    8.0913499304E-04    7.9771791726E-04    7.8646126467E-04
7.7536279497E-04    7.6442029886E-04    7.5363159762E-04    7.4299454263E-04
7.3250701505E-04    7.2216692533E-04    7.1197221288E-04    7.0192084563E-04
6.9201081965E-04    6.8224015879E-04    6.7260691426E-04    6.6310916431E-04
6.5374501380E-04    6.4451259387E-04    6.3541006158E-04    6.2643559955E-04
6.1758741562E-04    6.0886374250E-04    6.0026283741E-04    5.9178298177E-04
5.8342248086E-04    5.7517966349E-04    5.6705288168E-04    5.5904051034E-04
5.5114094697E-04    5.4335261134E-04    5.3567394516E-04    5.2810341182E-04
5.2063949608E-04    5.1328070375E-04    5.0602556143E-04    4.9887261623E-04
4.9182043546E-04    4.8486760638E-04    4.7801273589E-04    4.7125445030E-04
4.6459139505E-04    4.5802223442E-04    4.5154565130E-04    4.4516034695E-04
4.3886504070E-04    4.3265846973E-04    4.2653938882E-04    4.2050657011E-04
4.1455880284E-04    4.0869489315E-04    4.0291366382E-04    3.9721395406E-04
3.9159461924E-04    3.8605453074E-04    3.8059257567E-04    3.7520765665E-04
3.6989869165E-04    3.6466461371E-04    3.5950437080E-04    3.5441692556E-04
3.4940125513E-04    3.4445635091E-04    3.3958121841E-04    3.3477487704E-04
3.3003635990E-04    3.2536471358E-04    3.2075899804E-04    3.1621828635E-04
3.1174166455E-04    3.0732823146E-04    3.0297709848E-04    2.9868738948E-04
2.9445824053E-04    2.9028879983E-04    2.8617822748E-04    2.8212569532E-04
2.7813038682E-04    2.7419149683E-04    2.7030823149E-04    2.6647980806E-04
2.6270545476E-04    2.5898441059E-04    2.5531592523E-04    2.5169925888E-04
2.4813368207E-04    2.4461847557E-04    2.4115293022E-04    2.3773634681E-04
2.3436803591E-04    2.3104731775E-04    2.2777352210E-04    2.2454598812E-04
2.2136406424E-04    2.1822710803E-04    2.1513448604E-04    2.1208557373E-04
2.0907975531E-04    2.0611642364E-04    2.0319498006E-04    2.0031483435E-04
1.9747540455E-04    1.9467611687E-04    1.9191640557E-04    1.8919571286E-04
1.8651348877E-04    1.8386919104E-04    1.8126228503E-04    1.7869224362E-04
1.7615854707E-04    1.7366068296E-04    1.7119814605E-04    1.6877043819E-04
1.6637706824E-04    1.6401755196E-04    1.6169141191E-04    1.5939817735E-04
1.5713738415E-04    1.5490857472E-04    1.5271129790E-04    1.5054510885E-04
1.4840956900E-04    1.4630424593E-04    1.4422871332E-04    1.4218255082E-04
1.4016534399E-04    1.3817668425E-04    1.3621616872E-04    1.3428340023E-04
1.3237798716E-04    1.3049954341E-04    1.2864768832E-04    1.2682204656E-04
1.2502224812E-04    1.2324792815E-04    1.2149872696E-04    1.1977428993E-04
1.1807426740E-04    1.1639831465E-04    1.1474609182E-04    1.1311726380E-04
1.1151150024E-04    1.0992847540E-04    1.0836786815E-04    1.0682936187E-04
1.0531264441E-04    1.0381740800E-04    1.0234334922E-04    1.0089016890E-04
9.9457572106E-05    9.8045268044E-05    9.6652970017E-05    9.5280395367E-05
9.3927265423E-05    9.2593305433E-05    9.1278244521E-05    8.9981815622E-05
8.8703755436E-05    8.7443804372E-05    8.6201706498E-05    8.4977209487E-05
8.3770064564E-05    8.2580026470E-05    8.1406853396E-05    8.0250306943E-05
7.9110152072E-05    7.7986157057E-05    7.6878093438E-05    7.5785735976E-05
7.4708862607E-05    7.3647254395E-05    7.2600695497E-05    7.1568973112E-05
7.0551877439E-05    6.9549201636E-05    6.8560741775E-05    6.7586296808E-05
6.6625668521E-05    6.5678661494E-05    6.4745083062E-05    6.3824743283E-05
6.2917454894E-05    6.2023033271E-05    6.1141296396E-05    6.0272064819E-05
5.9415161621E-05    5.8570412381E-05    5.7737645137E-05    5.6916690355E-05
5.6107380888E-05    5.5309551958E-05    5.4523041108E-05    5.3747688172E-05
5.2983335248E-05    5.2229826660E-05    5.1487008929E-05    5.0754730746E-05
5.0032842935E-05    4.9321198422E-05    4.8619652218E-05    4.7928061378E-05
4.7246284974E-05    4.6574184070E-05    4.5911621688E-05    4.5258462789E-05
4.4614574236E-05    4.3979824777E-05    4.3354085009E-05    4.2737227356E-05
4.2129126050E-05    4.1529657097E-05    4.0938698253E-05    4.0356129003E-05
3.9781830530E-05    3.9215685701E-05    3.8657579033E-05    3.8107396677E-05
3.7565026392E-05    3.7030357518E-05    3.6503280970E-05    3.5983689195E-05
3.5471476163E-05    3.4966537344E-05    3.4468769680E-05    3.3978071575E-05
3.3494342865E-05    3.3017484804E-05    3.2547400037E-05    3.2083992589E-05
3.1627167843E-05    3.1176832518E-05    3.0732894651E-05    3.0295263580E-05
2.9863849923E-05    2.9438565564E-05    2.9019323629E-05    2.8606038476E-05
2.8198625671E-05    2.7797001974E-05    2.7401085325E-05    2.7010794824E-05
2.6626050713E-05    2.6246774363E-05    2.5872888255E-05    2.5504315971E-05
2.5140982167E-05    2.4782812571E-05    2.4429733956E-05    2.4081674133E-05
2.3738561936E-05    2.3400327206E-05    2.3066900773E-05    2.2738214449E-05
2.2414201008E-05    2.2094794176E-05    2.1779928616E-05    2.1469539918E-05
2.1163564580E-05    2.0861939997E-05    2.0564604455E-05    2.0271497113E-05
1.9982557988E-05    1.9697727947E-05    1.9416948694E-05    1.9140162758E-05
1.8867313481E-05    1.8598345007E-05    1.8333202270E-05    1.8071830982E-05
1.7814177628E-05    1.7560189447E-05    1.7309814428E-05    1.7063001293E-05
1.6819699492E-05    1.6579859189E-05    1.6343431255E-05    1.6110367255E-05
1.5880619442E-05    1.5654140743E-05    1.5430884750E-05    1.5210805717E-05
1.4993858544E-05    1.4779998768E-05    1.4569182557E-05    1.4361366701E-05
1.4156508598E-05    1.3954566254E-05    1.3755498266E-05    1.3559263819E-05
1.3365822676E-05    1.3175135170E-05    1.2987162196E-05    1.2801865205E-05
1.2619206191E-05    1.2439147688E-05    1.2261652760E-05    1.2086684995E-05
1.1914208497E-05    1.1744187878E-05    1.1576588251E-05    1.1411375223E-05
1.1248514890E-05    1.1087973830E-05    1.0929719091E-05    1.0773718190E-05
1.0619939104E-05    1.0468350263E-05    1.0318920547E-05    1.0171619275E-05
1.0026416200E-05    9.8832815055E-06    9.7421857953E-06    9.6031000935E-06
9.4659958335E-06    9.3308448536E-06    9.1976193913E-06    9.0662920777E-06
8.9368359319E-06    8.8092243556E-06    8.6834311276E-06    8.5594303986E-06
8.4371966858E-06    8.3167048659E-06    8.1979301754E-06    8.0808482007E-06
7.9654348742E-06    7.8516664697E-06    7.7395195974E-06    7.6289711995E-06
7.5199985449E-06    7.4125792252E-06    7.3066911498E-06    7.2023125414E-06
7.0994219303E-06    6.9979981537E-06    6.8980203488E-06    6.7994679483E-06
6.7023206767E-06    6.6065585461E-06    6.5121618522E-06    6.4191111705E-06
6.3273873520E-06    6.2369715194E-06    6.1478450634E-06    6.0599896378E-06
5.9733871577E-06    5.8880197960E-06    5.8038699776E-06    5.7209203769E-06
5.6391539143E-06    5.5585537526E-06    5.4791032934E-06    5.4007861744E-06
5.3235862651E-06    5.2474876643E-06    5.1724746962E-06    5.0985319066E-06
5.0256440636E-06    4.9537961498E-06    4.8829733615E-06    4.8131611050E-06
4.7443449938E-06    4.6765108457E-06    4.6096446801E-06    4.5437327147E-06
4.4787613630E-06    4.4147172316E-06    4.3515871165E-06    4.2893580021E-06
4.2280170584E-06    4.1675516369E-06    4.1079492689E-06    4.0491976627E-06
3.9912847015E-06    3.9341984402E-06    3.8779271037E-06    3.8224590843E-06
3.7677829390E-06    3.7138873875E-06    3.6607613085E-06    3.6083937412E-06
3.5567738796E-06    3.5058910712E-06    3.4557348147E-06    3.4062947583E-06
3.3575606973E-06    3.3095225718E-06    3.2621704651E-06    3.2154946015E-06
3.1694853441E-06    3.1241331931E-06    3.0794287824E-06    3.0353628818E-06
2.9919263909E-06    2.9491103388E-06    2.9069058822E-06    2.8653043033E-06
2.8242970086E-06    2.7838755266E-06    2.7440315063E-06    2.7047567153E-06
2.6660430386E-06    2.6278824763E-06    2.5902671414E-06    2.5531892611E-06
2.5166411725E-06    2.4806153212E-06    2.4451042605E-06    2.4101006497E-06
2.3755972524E-06    2.3415869351E-06    2.3080626660E-06    2.2750175131E-06
2.2424446431E-06    2.2103373201E-06    2.1786889027E-06    2.1474928462E-06
2.1167426983E-06    2.0864320982E-06    2.0565547758E-06    2.0271045501E-06
1.9980753282E-06    1.9694611037E-06    1.9412559560E-06    1.9134540485E-06
1.8860496278E-06    1.8590370224E-06    1.8324106407E-06    1.8061649721E-06
1.7802945840E-06    1.7547941212E-06    1.7296583046E-06    1.7048819301E-06
1.6804598680E-06    1.6563870615E-06    1.6326585257E-06    1.6092693468E-06
1.5862146810E-06    1.5634897533E-06    1.5410898567E-06    1.5190103509E-06
1.4972466629E-06    1.4757942841E-06    1.4546487701E-06    1.4338057399E-06
1.4132608749E-06    1.3930099179E-06    1.3730486724E-06    1.3533730018E-06
1.3339788282E-06    1.3148621321E-06    1.2960189509E-06    1.2774453782E-06
1.2591375639E-06    1.2410917131E-06    1.2233040843E-06    1.2057709896E-06
1.1884887935E-06    1.1714539124E-06    1.1546628137E-06    1.1381120152E-06
1.1217980843E-06    1.1057176373E-06    1.0898673388E-06    1.0742439010E-06
1.0588440819E-06    1.0436646876E-06    1.0287025689E-06    1.0139546213E-06
9.9941778486E-07    9.8508904299E-07    9.7096542227E-07    9.5704399163E-07
9.4332186180E-07    9.2979618469E-07    9.1646415283E-07    9.0332299879E-07
8.9036999446E-07    8.7760245036E-07    8.6501771635E-07    8.5261317956E-07
8.4038626437E-07    8.2833443190E-07    8.1645517949E-07    8.0474604015E-07
7.9320458212E-07    7.8182840830E-07    7.7061515578E-07    7.5956249538E-07
7.4866813114E-07    7.3792979971E-07    7.2734526981E-07    7.1691234288E-07
7.0662885123E-07    6.9649265813E-07    6.8650165729E-07    6.7665377252E-07
6.6694695723E-07    6.5737919406E-07    6.4794849441E-07    6.3865289807E-07
6.2949047282E-07    6.2045931401E-07    6.1155754413E-07    6.0278331201E-07
5.9413479394E-07    5.8561019174E-07    5.7720773289E-07    5.6892567018E-07
5.6076228132E-07    5.5271586863E-07    5.4478475867E-07    5.3696730186E-07
5.2926187221E-07    5.2166686692E-07    5.1418070608E-07    5.0680183235E-07
4.9952871025E-07    4.9235982682E-07    4.8529369065E-07    4.7832883149E-07
4.7146380008E-07    4.6469716785E-07    4.5802752665E-07    4.5145348843E-07
4.4497368497E-07    4.3858676760E-07    4.3229140688E-07    4.2608629241E-07
4.1997013247E-07    4.1394165371E-07    4.0799960081E-07    4.0214273702E-07
3.9636984289E-07    3.9067971641E-07    3.8507117273E-07    3.7954304394E-07
3.7409417881E-07    3.6872344256E-07    3.6342971664E-07    3.5821189847E-07
3.5306890121E-07    3.4799965358E-07    3.4300309959E-07    3.3807819812E-07
3.3322392322E-07    3.2843926374E-07    3.2372322280E-07    3.1907481777E-07
3.1449308007E-07    3.0997705495E-07    3.0552580133E-07    3.0113839157E-07
2.9681391128E-07    2.9255145917E-07    2.8835014682E-07    2.8420909849E-07
2.8012745100E-07    2.7610435319E-07    2.7213896660E-07    2.6823046461E-07
2.6437803236E-07    2.6058086665E-07    2.5683817573E-07    2.5314917921E-07
2.4951310785E-07    2.4592920339E-07    2.4239671843E-07    2.3891491627E-07
2.3548307073E-07    2.3210046601E-07    2.2876639657E-07    2.2548016668E-07
2.2224109105E-07    2.1904849403E-07    2.1590170960E-07    2.1280008126E-07
2.0974296190E-07    2.0672971367E-07    2.0375970785E-07    2.0083232470E-07
1.9794695336E-07    1.9510299170E-07    1.9229984621E-07    1.8953693188E-07
1.8681367204E-07    1.8412949812E-07    1.8148384995E-07    1.7887617540E-07
1.7630593013E-07    1.7377257760E-07    1.7127558895E-07    1.6881444288E-07
1.6638862556E-07    1.6399763051E-07    1.6164095850E-07    1.5931811744E-07
1.5702862228E-07    1.5477199492E-07    1.5254776412E-07    1.5035546525E-07
1.4819464041E-07    1.4606483844E-07    1.4396561451E-07    1.4189653016E-07
1.3985715319E-07    1.3784705760E-07    1.3586582348E-07    1.3391303695E-07
1.3198829002E-07    1.3009118059E-07    1.2822131228E-07    1.2637829440E-07
1.2456174184E-07    1.2277127503E-07    1.2100651962E-07    1.1926710699E-07
1.1755267368E-07    1.1586286138E-07    1.1419731694E-07    1.1255569225E-07
1.1093764419E-07    1.0934283456E-07    1.0777092999E-07    1.0622160190E-07
1.0469452640E-07    1.0318938426E-07    1.0170586081E-07    1.0024364589E-07
9.8802433724E-08    9.7381922879E-08    9.5981816491E-08    9.4601821802E-08
9.3241650246E-08    9.1901017395E-08    9.0579642893E-08    8.9277250401E-08
8.7993567540E-08    8.6728325834E-08    8.5481260653E-08    8.4252111157E-08
8.3040620248E-08    8.1846534507E-08    8.0669604149E-08    7.9509582897E-08
7.8366228043E-08    7.7239300497E-08    7.6128564494E-08    7.5033787649E-08
7.3954740904E-08    7.2891198487E-08    7.1842937862E-08    7.0809739680E-08
6.9791387738E-08    6.8787668931E-08    6.7798373208E-08    6.6823293530E-08
6.5862225825E-08    6.4914968945E-08    6.3981324567E-08    6.3061097239E-08
6.2154094441E-08    6.1260126320E-08    6.0379005745E-08    5.9510548270E-08
5.8654572090E-08    5.7810898008E-08    5.6979349398E-08    5.6159752163E-08
5.5351934706E-08    5.4555727886E-08    5.3770964991E-08    5.2997481697E-08
5.2235116037E-08    5.1483708339E-08    5.0743101171E-08    5.0013139545E-08
4.9293670591E-08    4.8584543634E-08    4.7885610156E-08    4.7196723773E-08
4.6517740196E-08    4.5848517209E-08    4.5188914634E-08    4.4538794305E-08
4.3898020034E-08    4.3266457591E-08    4.2643974668E-08    4.2030440856E-08
4.1425727617E-08    4.0829708156E-08    4.0242257679E-08    3.9663253124E-08
3.9092573175E-08    3.8530098256E-08    3.7975710507E-08    3.7429293758E-08
3.6890733506E-08    3.6359916892E-08    3.5836732675E-08    3.5321071209E-08
3.4812824423E-08    3.4311885795E-08    3.3818150333E-08    3.3331514549E-08
3.2851876412E-08    3.2379135343E-08    3.1913192322E-08    3.1453949678E-08
3.1001311145E-08    3.0555181835E-08    3.0115468222E-08    2.9682078126E-08
2.9254920684E-08    2.8833906341E-08    2.8418946826E-08    2.8009955136E-08
2.7606845513E-08    2.7209533435E-08    2.6817935588E-08    2.6431969857E-08
2.6051555256E-08    2.5676612019E-08    2.5307061559E-08    2.4942826377E-08
2.4583830086E-08    2.4229997398E-08    2.3881254102E-08    2.3537527055E-08
2.3198744163E-08    2.2864834367E-08    2.2535727628E-08    2.2211354912E-08
2.1891648177E-08    2.1576540357E-08    2.1265965349E-08    2.0959857999E-08
2.0658154042E-08    2.0360790199E-08    2.0067704117E-08    1.9778834304E-08
1.9494120155E-08    1.9213501934E-08    1.8936920762E-08    1.8664318606E-08
1.8395638266E-08    1.8130823364E-08    1.7869818330E-08    1.7612568394E-08
1.7359019572E-08    1.7109118653E-08    1.6862813193E-08    1.6620051499E-08
1.6380782589E-08    1.6144956245E-08    1.5912523006E-08    1.5683434088E-08
1.5457641407E-08    1.5235097572E-08    1.5015755870E-08    1.4799570261E-08
1.4586495364E-08    1.4376486452E-08    1.4169499438E-08    1.3965490872E-08
1.3764417924E-08    1.3566238381E-08    1.3370910636E-08    1.3178393681E-08
1.2988647085E-08    1.2801630972E-08    1.2617306124E-08    1.2435633840E-08
1.2256575974E-08    1.2080094929E-08    1.1906153647E-08    1.1734715606E-08
1.1565744803E-08    1.1399205757E-08    1.1235063494E-08    1.1073283543E-08
1.0913831930E-08    1.0756675167E-08    1.0601780248E-08    1.0449114640E-08
1.0298646279E-08    1.0150343528E-08    1.0004175256E-08    9.8601107777E-09
9.7181198335E-09    9.5781725988E-09    9.4402396776E-09    9.3042920962E-09
9.1703012972E-09    9.0382391337E-09    8.9080778631E-09    8.7797901415E-09
8.6533490180E-09    8.5287279288E-09    8.4059006921E-09    8.2848415022E-09
8.1655249241E-09    8.0479258886E-09    7.9320196459E-09    7.8177818827E-09
7.7051885975E-09    7.5942161329E-09    7.4848411711E-09    7.3770407298E-09
7.2707921568E-09    7.1660731256E-09    7.0628616305E-09    6.9611359823E-09
6.8608748031E-09    6.7620570227E-09    6.6646618736E-09    6.5686688867E-09
6.4740578872E-09    6.3808089903E-09    6.2889025949E-09    6.1983193523E-09
6.1090402576E-09    6.0210465460E-09    5.9343197225E-09    5.8488415580E-09
5.7645940853E-09    5.6815595958E-09    5.5997206353E-09    5.5190600005E-09
5.4395607354E-09    5.3612061280E-09    5.2839797061E-09    5.2078652347E-09
5.1328467122E-09    5.0589083667E-09    4.9860346534E-09    4.9142102509E-09
4.8434200291E-09    4.7736491321E-09    4.7048828923E-09    4.6371068517E-09
4.5703067598E-09    4.5044685714E-09    4.4395784431E-09    4.3756227304E-09
4.3125879853E-09    4.2504609528E-09    4.1892285689E-09    4.1288779572E-09
4.0693964264E-09    4.0107714679E-09    3.9529907527E-09    3.8960421294E-09
3.8399136212E-09    3.7845934071E-09    3.7300698596E-09    3.6763315214E-09
3.6233670906E-09    3.5711654279E-09    3.5197155543E-09    3.4690066485E-09
3.4190280450E-09    3.3697692316E-09    3.3212198474E-09    3.2733696804E-09
3.2262086654E-09    3.1797268822E-09    3.1339145529E-09    3.0887620407E-09
3.0442598470E-09    3.0003986100E-09    2.9571691000E-09    2.9145622047E-09
2.8725689815E-09    2.8311805963E-09    2.7903883420E-09    2.7501836371E-09
2.7105580231E-09    2.6715031634E-09    2.6330108414E-09    2.5950729585E-09
2.5576815327E-09    2.5208286967E-09    2.4845066966E-09    2.4487078898E-09
2.4134247436E-09    2.3786498339E-09    2.3443758433E-09    2.3105955594E-09
2.2774021140E-09    2.2448543483E-09    2.2127709231E-09    2.1811383138E-09
2.1499433484E-09    2.1191733263E-09    2.0888161328E-09    2.0588603503E-09
2.0292953626E-09    2.0001114529E-09    1.9712998935E-09    1.9428530264E-09
1.9147643335E-09    1.8870284950E-09    1.8596414352E-09    1.8326003547E-09
1.8059037471E-09    1.7795513996E-09    1.7526877119E-09    1.7250340283E-09
1.6977950656E-09    1.6710245483E-09    1.6447753508E-09    1.6190985197E-09
1.5940422961E-09    1.5696511454E-09    1.5459648005E-09    1.5230173256E-09
1.5008362084E-09    1.4794414868E-09    1.4588449173E-09    1.4390491916E-09
1.4200472099E-09    1.4018214160E-09    1.3843432018E-09    1.3675723892E-09
1.3531590890E-09    1.3440682690E-09    1.3353170283E-09    1.3266604254E-09
1.3178460186E-09    1.3086165895E-09    1.2987129245E-09    1.2878766343E-09
1.2758529957E-09    1.2623937977E-09    1.2472601741E-09    1.2302254059E-09
1.2110776766E-09    1.1896227612E-09    1.1656866338E-09    1.1391179741E-09
1.1097905580E-09    1.0776055126E-09    1.0424934194E-09    9.9421427810E-10
9.4180171893E-10    8.8692135746E-10    8.2990519303E-10    7.7111052403E-10
7.1091633464E-10    6.4971954753E-10    5.8793116574E-10    5.2597232681E-10
4.6427029240E-10    4.0325439669E-10    3.4335197651E-10    2.8498430657E-10
2.2856256292E-10    1.7448383777E-10    1.2312722896E-10    7.4850027069E-11
2.9984023631E-11   -7.6660858817E-12   -3.2433158288E-11   -5.3304997381E-11
-7.0370629662E-11   -8.3751128419E-11   -9.3597467097E-11   -1.0008820465E-10
-1.0342702030E-10   -1.0384011522E-10   -1.0157349853E-10   -9.6890175045E-11
-9.0067252376E-11   -8.1392984645E-11   -7.1163770406E-11   -5.9681122176E-11
-4.7248625038E-11   -3.4168901773E-11   -2.0740601985E-11   -7.2554326599E-12
2.3225083487E-12    7.0812293576E-12    1.1328288878E-11    1.5007564964E-11
1.8077265720E-11    2.0509436340E-11    2.2289376107E-11    2.3414972382E-11
2.3895958618E-11    2.3753103444E-11    2.3017337842E-11    2.1728827471E-11
1.9935997155E-11    1.7694514592E-11    1.5066240306E-11    1.2118150882E-11
8.9212425306E-12    5.5494219986E-12    2.0783918862E-12   -2.3424050521E-13
-7.8351057965E-13   -1.2850369721E-12   -1.7303116194E-12   -2.1123537102E-12
-2.4257292832E-12   -2.6665514220E-12   -2.8324622362E-12   -2.9225978147E-12
-2.9375373398E-12   -2.8792375502E-12   -2.7509537390E-12   -2.5571484766E-12
-2.3033892442E-12   -1.9962361671E-12   -1.6431210343E-12   -1.2522187933E-12
-8.3231270637E-13   -3.9265435764E-13    0.0000000000E+00    0.0000000000E+00
0.0000000000E+00    0.0000000000E+00    0.0000000000E+00    0.0000000000E+00
0.0000000000E+00    0.0000000000E+00    0.0000000000E+00    0.0000000000E+00
0.0000000000E+00    0.0000000000E+00    0.0000000000E+00    0.0000000000E+00
0.0000000000E+00    0.0000000000E+00    0.0000000000E+00    0.0000000000E+00
0.0000000000E+00    0.0000000000E+00    0.0000000000E+00    0.0000000000E+00
0.0000000000E+00    0.0000000000E+00    0.0000000000E+00    0.0000000000E+00
0.0000000000E+00    0.0000000000E+00    0.0000000000E+00    0.0000000000E+00
0.0000000000E+00    0.0000000000E+00    0.0000000000E+00    0.0000000000E+00
0.0000000000E+00    0.0000000000E+00    0.0000000000E+00    0.0000000000E+00
0.0000000000E+00    0.0000000000E+00    0.0000000000E+00    0.0000000000E+00
0.0000000000E+00    0.0000000000E+00    0.0000000000E+00    0.0000000000E+00
0.0000000000E+00    0.0000000000E+00    0.0000000000E+00    0.0000000000E+00
0.0000000000E+00    0.0000000000E+00    0.0000000000E+00    0.0000000000E+00
0.0000000000E+00    0.0000000000E+00    0.0000000000E+00    0.0000000000E+00
0.0000000000E+00    0.0000000000E+00    0.0000000000E+00    0.0000000000E+00
0.0000000000E+00    0.0000000000E+00    0.0000000000E+00    0.0000000000E+00
0.0000000000E+00    0.0000000000E+00    0.0000000000E+00    0.0000000000E+00
0.0000000000E+00    0.0000000000E+00    0.0000000000E+00    0.0000000000E+00
0.0000000000E+00    0.0000000000E+00    0.0000000000E+00    0.0000000000E+00
0.0000000000E+00    0.0000000000E+00    0.0000000000E+00    0.0000000000E+00
0.0000000000E+00    0.0000000000E+00    0.0000000000E+00    0.0000000000E+00
0.0000000000E+00    0.0000000000E+00    0.0000000000E+00    0.0000000000E+00
0.0000000000E+00    0.0000000000E+00    0.0000000000E+00    0.0000000000E+00
0.0000000000E+00    0.0000000000E+00    0.0000000000E+00    0.0000000000E+00
0.0000000000E+00    0.0000000000E+00    0.0000000000E+00    0.0000000000E+00
0.0000000000E+00    0.0000000000E+00    0.0000000000E+00    0.0000000000E+00
0.0000000000E+00    0.0000000000E+00    0.0000000000E+00    0.0000000000E+00
0.0000000000E+00    0.0000000000E+00    0.0000000000E+00    0.0000000000E+00
0.0000000000E+00    0.0000000000E+00    0.0000000000E+00    0.0000000000E+00
0.0000000000E+00    0.0000000000E+00    0.0000000000E+00    0.0000000000E+00
0.0000000000E+00    0.0000000000E+00    0.0000000000E+00    0.0000000000E+00
0.0000000000E+00    0.0000000000E+00    0.0000000000E+00    0.0000000000E+00
0.0000000000E+00    0.0000000000E+00    0.0000000000E+00    0.0000000000E+00
0.0000000000E+00    0.0000000000E+00    0.0000000000E+00    0.0000000000E+00
0.0000000000E+00    0.0000000000E+00    0.0000000000E+00    0.0000000000E+00
0.0000000000E+00    0.0000000000E+00    0.0000000000E+00    0.0000000000E+00
0.0000000000E+00    0.0000000000E+00    0.0000000000E+00    0.0000000000E+00
0.0000000000E+00    0.0000000000E+00    0.0000000000E+00    0.0000000000E+00
0.0000000000E+00    0.0000000000E+00    0.0000000000E+00    0.0000000000E+00
0.0000000000E+00    0.0000000000E+00    0.0000000000E+00    0.0000000000E+00
0.0000000000E+00    0.0000000000E+00    0.0000000000E+00    0.0000000000E+00
0.0000000000E+00    0.0000000000E+00    0.0000000000E+00    0.0000000000E+00
0.0000000000E+00    0.0000000000E+00    0.0000000000E+00    0.0000000000E+00
0.0000000000E+00    0.0000000000E+00    0.0000000000E+00    0.0000000000E+00
0.0000000000E+00    0.0000000000E+00    0.0000000000E+00    0.0000000000E+00
0.0000000000E+00    0.0000000000E+00    0.0000000000E+00    0.0000000000E+00
0.0000000000E+00    0.0000000000E+00    0.0000000000E+00    0.0000000000E+00
0.0000000000E+00    0.0000000000E+00    0.0000000000E+00    0.0000000000E+00
0.0000000000E+00    0.0000000000E+00    0.0000000000E+00    0.0000000000E+00
0.0000000000E+00    0.0000000000E+00    0.0000000000E+00    0.0000000000E+00
0.0000000000E+00    0.0000000000E+00    0.0000000000E+00    0.0000000000E+00
0.0000000000E+00    0.0000000000E+00    0.0000000000E+00    0.0000000000E+00
0.0000000000E+00    0.0000000000E+00    0.0000000000E+00    0.0000000000E+00
0.0000000000E+00    0.0000000000E+00    0.0000000000E+00    0.0000000000E+00
0.0000000000E+00    0.0000000000E+00    0.0000000000E+00    0.0000000000E+00
0.0000000000E+00    0.0000000000E+00    0.0000000000E+00    0.0000000000E+00
0.0000000000E+00    0.0000000000E+00    0.0000000000E+00    0.0000000000E+00
0.0000000000E+00    0.0000000000E+00    0.0000000000E+00    0.0000000000E+00
0.0000000000E+00    0.0000000000E+00    0.0000000000E+00    0.0000000000E+00
0.0000000000E+00    0.0000000000E+00    0.0000000000E+00    0.0000000000E+00
0.0000000000E+00    0.0000000000E+00    0.0000000000E+00    0.0000000000E+00
0.0000000000E+00    0.0000000000E+00    0.0000000000E+00    0.0000000000E+00
0.0000000000E+00    0.0000000000E+00    0.0000000000E+00    0.0000000000E+00
0.0000000000E+00    0.0000000000E+00    0.0000000000E+00    0.0000000000E+00
0.0000000000E+00    0.0000000000E+00    0.0000000000E+00    0.0000000000E+00
0.0000000000E+00    0.0000000000E+00    0.0000000000E+00    0.0000000000E+00
0.0000000000E+00    0.0000000000E+00    0.0000000000E+00    0.0000000000E+00
0.0000000000E+00    0.0000000000E+00    0.0000000000E+00    0.0000000000E+00
0.0000000000E+00    0.0000000000E+00    0.0000000000E+00    0.0000000000E+00
0.0000000000E+00    0.0000000000E+00    0.0000000000E+00    0.0000000000E+00
0.0000000000E+00    0.0000000000E+00    0.0000000000E+00    0.0000000000E+00
0.0000000000E+00    0.0000000000E+00    0.0000000000E+00    0.0000000000E+00
0.0000000000E+00    0.0000000000E+00    0.0000000000E+00    0.0000000000E+00
0.0000000000E+00    0.0000000000E+00    0.0000000000E+00    0.0000000000E+00
0.0000000000E+00    0.0000000000E+00    0.0000000000E+00    0.0000000000E+00
0.0000000000E+00    0.0000000000E+00    0.0000000000E+00    0.0000000000E+00
0.0000000000E+00    0.0000000000E+00    0.0000000000E+00    0.0000000000E+00
0.0000000000E+00    0.0000000000E+00    0.0000000000E+00    0.0000000000E+00
0.0000000000E+00    0.0000000000E+00    0.0000000000E+00    0.0000000000E+00
0.0000000000E+00    0.0000000000E+00    0.0000000000E+00    0.0000000000E+00
0.0000000000E+00    0.0000000000E+00    0.0000000000E+00    0.0000000000E+00
0.0000000000E+00    0.0000000000E+00    0.0000000000E+00    0.0000000000E+00
0.0000000000E+00    0.0000000000E+00    0.0000000000E+00    0.0000000000E+00
0.0000000000E+00    0.0000000000E+00    0.0000000000E+00    0.0000000000E+00
0.0000000000E+00    0.0000000000E+00    0.0000000000E+00    0.0000000000E+00
0.0000000000E+00    0.0000000000E+00    0.0000000000E+00    0.0000000000E+00
0.0000000000E+00    0.0000000000E+00    0.0000000000E+00    0.0000000000E+00
0.0000000000E+00    0.0000000000E+00    0.0000000000E+00    0.0000000000E+00
0.0000000000E+00    0.0000000000E+00    0.0000000000E+00    0.0000000000E+00
0.0000000000E+00    0.0000000000E+00    0.0000000000E+00    0.0000000000E+00
0.0000000000E+00    0.0000000000E+00    0.0000000000E+00    0.0000000000E+00