-2.9050858941E-12    5.3239207058E-03    1.0642745221E-02    1.5951382743E-02
2.1244753233E-02    2.6517792746E-02    3.1765458695E-02    3.6982735037E-02
4.2164637351E-02    4.7306217810E-02    5.2402570015E-02    5.7448833691E-02
6.2440199229E-02    6.7371912071E-02    7.2239276934E-02    7.7037661868E-02
8.1762502157E-02    8.6409304054E-02    9.0973648379E-02    9.5451193966E-02
9.9837680988E-02    1.0412893416E-01    1.0832086587E-01    1.1240947919E-01
1.1639087086E-01    1.2026123420E-01    1.2401686206E-01    1.2765414970E-01
1.3116959772E-01    1.3455981504E-01    1.3782152191E-01    1.4095155302E-01
1.4394686068E-01    1.4680451807E-01    1.4952172267E-01    1.5209579973E-01
1.5452420584E-01    1.5680453272E-01    1.5893451098E-01    1.6091201405E-01
1.6273506220E-01    1.6440182655E-01    1.6591063321E-01    1.6725996737E-01
1.6844847742E-01    1.6947497897E-01    1.7033845883E-01    1.7103807887E-01
1.7157317967E-01    1.7194328405E-01    1.7214810019E-01    1.7218752467E-01
1.7206164499E-01    1.7177074176E-01    1.7131529049E-01    1.7069596286E-01
1.6991362751E-01    1.6896935025E-01    1.6786439365E-01    1.6660021611E-01
1.6517847017E-01    1.6360100023E-01    1.6186983955E-01    1.5998720651E-01
1.5795550030E-01    1.5577729574E-01    1.5345533752E-01    1.5099253373E-01
1.4839194871E-01    1.4565679527E-01    1.4279042631E-01    1.3979632588E-01
1.3667809972E-01    1.3343946526E-01    1.3008424136E-01    1.2661633747E-01
1.2303974269E-01    1.1935851445E-01    1.1557676713E-01    1.1169866051E-01
1.0772838819E-01    1.0367016615E-01    9.9528221290E-02    9.5306780244E-02
9.1010058426E-02    8.6642249378E-02    8.2207514508E-02    7.7709973263E-02
7.3153693790E-02    6.8542684135E-02    6.3880884025E-02    5.9172157263E-02
5.4420284777E-02    4.9628958334E-02    4.4801774943E-02    3.9942231959E-02
3.5053722882E-02    3.0139533853E-02    2.5202840838E-02    2.0246707471E-02
1.5274083543E-02    1.0287804105E-02    5.2905891394E-03    2.8504377236E-04
-4.7263410265E-03   -9.7411873046E-03   -1.4757228598E-02   -1.9772308069E-02
-2.4784376368E-02   -2.9791489273E-02   -3.4791805172E-02   -3.9783582427E-02
-4.4765176705E-02   -4.9735038294E-02   -5.4691709487E-02   -5.9633822053E-02
-6.4560094863E-02   -6.9469331709E-02   -7.4360419220E-02   -7.9232325305E-02
-8.4084097452E-02   -8.8914861548E-02   -9.3723814280E-02   -9.8510210326E-02
-1.0327334249E-01   -1.0801253584E-01   -1.1272714736E-01   -1.1741657171E-01
-1.2208023661E-01   -1.2671759978E-01   -1.3132814940E-01   -1.3591140261E-01
-1.4046690431E-01   -1.4499422605E-01   -1.4949296505E-01   -1.5396274310E-01
-1.5840320563E-01   -1.6281402069E-01   -1.6719487809E-01   -1.7154548849E-01
-1.7586558252E-01   -1.8015490995E-01   -1.8441323892E-01   -1.8864035515E-01
-1.9283606119E-01   -1.9700017571E-01   -2.0113253282E-01   -2.0523298137E-01
-2.0930138437E-01   -2.1333761833E-01   -2.1734157268E-01   -2.2131314921E-01
-2.2525226154E-01   -2.2915883457E-01   -2.3303280400E-01   -2.3687411584E-01
-2.4068272600E-01   -2.4445859976E-01   -2.4820171144E-01   -2.5191204397E-01
-2.5558958849E-01   -2.5923434401E-01   -2.6284631705E-01   -2.6642552133E-01
-2.6997197742E-01   -2.7348571248E-01   -2.7696675994E-01   -2.8041515925E-01
-2.8383095564E-01   -2.8721419982E-01   -2.9056494779E-01   -2.9388326062E-01
-2.9716920424E-01   -3.0042284921E-01   -3.0364427057E-01   -3.0683354765E-01
-3.0999076390E-01   -3.1311600673E-01   -3.1620936736E-01   -3.1927094071E-01
-3.2230082522E-01   -3.2529912273E-01   -3.2826593842E-01   -3.3120138063E-01
-3.3410556081E-01   -3.3697859340E-01   -3.3982059575E-01   -3.4263168804E-01
-3.4541199321E-01   -3.4816163690E-01   -3.5088074737E-01   -3.5356945546E-01
-3.5622789457E-01   -3.5885620058E-01   -3.6145451184E-01   -3.6402296914E-01
-3.6656171571E-01   -3.6907089717E-01   -3.7155066156E-01   -3.7400115933E-01
-3.7642254335E-01   -3.7881496891E-01   -3.8117859378E-01   -3.8351357817E-01
-3.8582008483E-01   -3.8809827904E-01   -3.9034832866E-01   -3.9257040420E-01
-3.9476467882E-01   -3.9693132843E-01   -3.9907053169E-01   -4.0118247012E-01
-4.0326732808E-01   -4.0532529289E-01   -4.0735655483E-01   -4.0936130718E-01
-4.1133974629E-01   -4.1329207158E-01   -4.1521848555E-01   -4.1711919382E-01
-4.1899440510E-01   -4.2084433117E-01   -4.2266918686E-01   -4.2446918999E-01
-4.2624456130E-01   -4.2799552434E-01   -4.2972230538E-01   -4.3142513325E-01
-4.3310423918E-01   -4.3475985663E-01   -4.3639222105E-01   -4.3800156964E-01
-4.3958814111E-01   -4.4115217533E-01   -4.4269391306E-01   -4.4421359561E-01
-4.4571146441E-01   -4.4718776070E-01   -4.4864272507E-01   -4.5007659707E-01
-4.5148961476E-01   -4.5288201426E-01   -4.5425402932E-01   -4.5560589087E-01
-4.5693782657E-01   -4.5825006038E-01   -4.5954281211E-01   -4.6081629706E-01
-4.6207072560E-01   -4.6330630282E-01   -4.6452322820E-01   -4.6572169536E-01
-4.6690189172E-01   -4.6806399837E-01   -4.6920818985E-01   -4.7033463402E-01
-4.7144349203E-01   -4.7253491822E-01   -4.7360906017E-01   -4.7466605873E-01
-4.7570604816E-01   -4.7672915621E-01   -4.7773550431E-01   -4.7872520782E-01
-4.7969837623E-01   -4.8065511343E-01   -4.8159551800E-01   -4.8251968354E-01
-4.8342769896E-01   -4.8431964883E-01   -4.8519561369E-01   -4.8605567045E-01
-4.8689989264E-01   -4.8772835082E-01   -4.8854111287E-01   -4.8933824430E-01
-4.9011980855E-01   -4.9088586732E-01   -4.9163648079E-01   -4.9237170789E-01
-4.9309160657E-01   -4.9379623399E-01   -4.9448564673E-01   -4.9515990097E-01
-4.9581905269E-01   -4.9646315779E-01   -4.9709227223E-01   -4.9770645217E-01
-4.9830575403E-01   -4.9889023466E-01   -4.9945995133E-01   -5.0001496186E-01
-5.0055532464E-01   -5.0108109869E-01   -5.0159234370E-01   -5.0208912004E-01
-5.0257148880E-01   -5.0303951178E-01   -5.0349325151E-01   -5.0393277126E-01
-5.0435813503E-01   -5.0476940752E-01   -5.0516665416E-01   -5.0554994106E-01
-5.0591933502E-01   -5.0627490350E-01   -5.0661671459E-01   -5.0694483701E-01
-5.0725934006E-01   -5.0756029364E-01   -5.0784776819E-01   -5.0812183465E-01
-5.0838256449E-01   -5.0863002964E-01   -5.0886430250E-01   -5.0908545588E-01
-5.0929356300E-01   -5.0948869746E-01   -5.0967093323E-01   -5.0984034459E-01
-5.0999700616E-01   -5.1014099284E-01   -5.1027237981E-01   -5.1039124250E-01
-5.1049765658E-01   -5.1059169793E-01   -5.1067344263E-01   -5.1074296694E-01
-5.1080034730E-01   -5.1084566028E-01   -5.1087898261E-01   -5.1090039112E-01
-5.1090996276E-01   -5.1090777457E-01   -5.1089390369E-01   -5.1086842730E-01
-5.1083142267E-01   -5.1078296711E-01   -5.1072313796E-01   -5.1065201260E-01
-5.1056966844E-01   -5.1047618289E-01   -5.1037163336E-01   -5.1025609727E-01
-5.1012965202E-01   -5.0999237499E-01   -5.0984434356E-01   -5.0968563503E-01
-5.0951632672E-01   -5.0933649587E-01   -5.0914621967E-01   -5.0894557529E-01
-5.0873463981E-01   -5.0851349025E-01   -5.0828220358E-01   -5.0804085670E-01
-5.0778952640E-01   -5.0752828943E-01   -5.0725722243E-01   -5.0697640198E-01
-5.0668590454E-01   -5.0638580650E-01   -5.0607618415E-01   -5.0575711366E-01
-5.0542867112E-01   -5.0509093251E-01   -5.0474397371E-01   -5.0438787046E-01
-5.0402269843E-01   -5.0364853314E-01   -5.0326545001E-01   -5.0287352433E-01
-5.0247283127E-01   -5.0206344589E-01   -5.0164544311E-01   -5.0121889771E-01
-5.0078388436E-01   -5.0034047759E-01   -4.9988875179E-01   -4.9942878122E-01
-4.9896063999E-01   -4.9848440207E-01   -4.9800014130E-01   -4.9750793136E-01
-4.9700784580E-01   -4.9649995798E-01   -4.9598434116E-01   -4.9546106841E-01
-4.9493021265E-01   -4.9439184665E-01   -4.9384604301E-01   -4.9329287418E-01
-4.9273241244E-01   -4.9216472988E-01   -4.9158989846E-01   -4.9100798994E-01
-4.9041907591E-01   -4.8982322780E-01   -4.8922051683E-01   -4.8861101406E-01
-4.8799479038E-01   -4.8737191645E-01   -4.8674246279E-01   -4.8610649970E-01
-4.8546409729E-01   -4.8481532547E-01   -4.8416025398E-01   -4.8349895231E-01
-4.8283148979E-01   -4.8215793552E-01   -4.8147835839E-01   -4.8079282708E-01
-4.8010141008E-01   -4.7940417561E-01   -4.7870119173E-01   -4.7799252622E-01
-4.7727824668E-01   -4.7655842045E-01   -4.7583311465E-01   -4.7510239617E-01
-4.7436633166E-01   -4.7362498752E-01   -4.7287842991E-01   -4.7212672475E-01
-4.7136993771E-01   -4.7060813420E-01   -4.6984137939E-01   -4.6906973818E-01
-4.6829327521E-01   -4.6751205486E-01   -4.6672614124E-01   -4.6593559819E-01
-4.6514048929E-01   -4.6434087783E-01   -4.6353682682E-01   -4.6272839900E-01
-4.6191565682E-01   -4.6109866245E-01   -4.6027747777E-01   -4.5945216437E-01
-4.5862278352E-01   -4.5778939622E-01   -4.5695206318E-01   -4.5611084477E-01
-4.5526580108E-01   -4.5441699188E-01   -4.5356447666E-01   -4.5270831455E-01
-4.5184856440E-01   -4.5098528472E-01   -4.5011853372E-01   -4.4924836928E-01
-4.4837484895E-01   -4.4749802995E-01   -4.4661796919E-01   -4.4573472322E-01
-4.4484834829E-01   -4.4395890028E-01   -4.4306643477E-01   -4.4217100696E-01
-4.4127267174E-01   -4.4037148365E-01   -4.3946749687E-01   -4.3856076525E-01
-4.3765134230E-01   -4.3673928115E-01   -4.3582463460E-01   -4.3490745509E-01
-4.3398779472E-01   -4.3306570522E-01   -4.3214123796E-01   -4.3121444397E-01
-4.3028537389E-01   -4.2935407804E-01   -4.2842060635E-01   -4.2748500839E-01
-4.2654733337E-01   -4.2560763015E-01   -4.2466594721E-01   -4.2372233266E-01
-4.2277683426E-01   -4.2182949938E-01   -4.2088037505E-01   -4.1992950791E-01
-4.1897694425E-01   -4.1802272997E-01   -4.1706691062E-01   -4.1610953137E-01
-4.1515063702E-01   -4.1419027200E-01   -4.1322848039E-01   -4.1226530586E-01
-4.1130079176E-01   -4.1033498103E-01   -4.0936791625E-01   -4.0839963965E-01
-4.0743019307E-01   -4.0645961799E-01   -4.0548795552E-01   -4.0451524641E-01
-4.0354153102E-01   -4.0256684937E-01   -4.0159124110E-01   -4.0061474548E-01
-3.9963740144E-01   -3.9865924751E-01   -3.9768032188E-01   -3.9670066238E-01
-3.9572030647E-01   -3.9473929124E-01   -3.9375765344E-01   -3.9277542945E-01
-3.9179265530E-01   -3.9080936665E-01   -3.8982559882E-01   -3.8884138676E-01
-3.8785676509E-01   -3.8687176805E-01   -3.8588642955E-01   -3.8490078315E-01
-3.8391486206E-01   -3.8292869913E-01   -3.8194232688E-01   -3.8095577749E-01
-3.7996908278E-01   -3.7898227426E-01   -3.7799538306E-01   -3.7700844002E-01
-3.7602147560E-01   -3.7503451996E-01   -3.7404760290E-01   -3.7306075393E-01
-3.7207400218E-01   -3.7108737649E-01   -3.7010090535E-01   -3.6911461696E-01
-3.6812853916E-01   -3.6714269950E-01   -3.6615712519E-01   -3.6517184314E-01
-3.6418687994E-01   -3.6320226187E-01   -3.6221801489E-01   -3.6123416467E-01
-3.6025073655E-01   -3.5926775559E-01   -3.5828524653E-01   -3.5730323383E-01
-3.5632174161E-01   -3.5534079374E-01   -3.5436041378E-01   -3.5338062498E-01
-3.5240145032E-01   -3.5142291248E-01   -3.5044503387E-01   -3.4946783661E-01
-3.4849134252E-01   -3.4751557315E-01   -3.4654054979E-01   -3.4556629343E-01
-3.4459282481E-01   -3.4362016437E-01   -3.4264833230E-01   -3.4167734851E-01
-3.4070723267E-01   -3.3973800417E-01   -3.3876968212E-01   -3.3780228541E-01
-3.3683583264E-01   -3.3587034217E-01   -3.3490583212E-01   -3.3394232033E-01
-3.3297982442E-01   -3.3201836174E-01   -3.3105794943E-01   -3.3009860434E-01
-3.2914034312E-01   -3.2818318217E-01   -3.2722713765E-01   -3.2627222548E-01
-3.2531846138E-01   -3.2436586080E-01   -3.2341443900E-01   -3.2246421097E-01
-3.2151519153E-01   -3.2056739524E-01   -3.1962083646E-01   -3.1867552931E-01
-3.1773148774E-01   -3.1678872543E-01   -3.1584725590E-01   -3.1490709243E-01
-3.1396824810E-01   -3.1303073580E-01   -3.1209456819E-01   -3.1115975776E-01
-3.1022631677E-01   -3.0929425732E-01   -3.0836359127E-01   -3.0743433032E-01
-3.0650648597E-01   -3.0558006954E-01   -3.0465509215E-01   -3.0373156472E-01
-3.0280949803E-01   -3.0188890265E-01   -3.0096978896E-01   -3.0005216719E-01
-2.9913604737E-01   -2.9822143938E-01   -2.9730835290E-01   -2.9639679747E-01
-2.9548678243E-01   -2.9457831698E-01   -2.9367141013E-01   -2.9276607076E-01
-2.9186230756E-01   -2.9096012906E-01   -2.9005954366E-01   -2.8916055957E-01
-2.8826318488E-01   -2.8736742748E-01   -2.8647329516E-01   -2.8558079553E-01
-2.8468993607E-01   -2.8380072408E-01   -2.8291316676E-01   -2.8202727114E-01
-2.8114304412E-01   -2.8026049245E-01   -2.7937962275E-01   -2.7850044149E-01
-2.7762295504E-01   -2.7674716959E-01   -2.7587309124E-01   -2.7500072593E-01
-2.7413007949E-01   -2.7326115760E-01   -2.7239396585E-01   -2.7152850967E-01
-2.7066479438E-01   -2.6980282520E-01   -2.6894260719E-01   -2.6808414533E-01
-2.6722744445E-01   -2.6637250929E-01   -2.6551934446E-01   -2.6466795447E-01
-2.6381834370E-01   -2.6297051644E-01   -2.6212447686E-01   -2.6128022902E-01
-2.6043777689E-01   -2.5959712431E-01   -2.5875827504E-01   -2.5792123272E-01
-2.5708600091E-01   -2.5625258303E-01   -2.5542098246E-01   -2.5459120243E-01
-2.5376324610E-01   -2.5293711653E-01   -2.5211281668E-01   -2.5129034944E-01
-2.5046971758E-01   -2.4965092379E-01   -2.4883397068E-01   -2.4801886076E-01
-2.4720559646E-01   -2.4639418012E-01   -2.4558461400E-01   -2.4477690028E-01
-2.4397104104E-01   -2.4316703830E-01   -2.4236489399E-01   -2.4156460995E-01
-2.4076618796E-01   -2.3996962973E-01   -2.3917493685E-01   -2.3838211089E-01
-2.3759115330E-01   -2.3680206550E-01   -2.3601484879E-01   -2.3522950443E-01
-2.3444603362E-01   -2.3366443745E-01   -2.3288471698E-01   -2.3210687318E-01
-2.3133090696E-01   -2.3055681916E-01   -2.2978461058E-01   -2.2901428192E-01
-2.2824583383E-01   -2.2747926691E-01   -2.2671458168E-01   -2.2595177862E-01
-2.2519085812E-01   -2.2443182055E-01   -2.2367466619E-01   -2.2291939527E-01
-2.2216600798E-01   -2.2141450443E-01   -2.2066488470E-01   -2.1991714878E-01
-2.1917129665E-01   -2.1842732820E-01   -2.1768524329E-01   -2.1694504173E-01
-2.1620672326E-01   -2.1547028759E-01   -2.1473573437E-01   -2.1400306320E-01
-2.1327227364E-01   -2.1254336520E-01   -2.1181633734E-01   -2.1109118948E-01
-2.1036792098E-01   -2.0964653118E-01   -2.0892701936E-01   -2.0820938476E-01
-2.0749362657E-01   -2.0677974395E-01   -2.0606773602E-01   -2.0535760184E-01
-2.0464934044E-01   -2.0394295083E-01   -2.0323843195E-01   -2.0253578271E-01
-2.0183500200E-01   -2.0113608866E-01   -2.0043904147E-01   -1.9974385922E-01
-1.9905054063E-01   -1.9835908439E-01   -1.9766948916E-01   -1.9698175358E-01
-1.9629587622E-01   -1.9561185566E-01   -1.9492969040E-01   -1.9424937895E-01
-1.9357091977E-01   -1.9289431129E-01   -1.9221955190E-01   -1.9154663997E-01
-1.9087557384E-01   -1.9020635182E-01   -1.8953897218E-01   -1.8887343319E-01
-1.8820973305E-01   -1.8754786997E-01   -1.8688784210E-01   -1.8622964760E-01
-1.8557328456E-01   -1.8491875108E-01   -1.8426604523E-01   -1.8361516502E-01
-1.8296610848E-01   -1.8231887359E-01   -1.8167345830E-01   -1.8102986056E-01
-1.8038807828E-01   -1.7974810935E-01   -1.7910995164E-01   -1.7847360298E-01
-1.7783906121E-01   -1.7720632412E-01   -1.7657538949E-01   -1.7594625507E-01
-1.7531891862E-01   -1.7469337783E-01   -1.7406963041E-01   -1.7344767403E-01
-1.7282750634E-01   -1.7220912499E-01   -1.7159252760E-01   -1.7097771175E-01
-1.7036467503E-01   -1.6975341501E-01   -1.6914392922E-01   -1.6853621519E-01
-1.6793027044E-01   -1.6732609245E-01   -1.6672367870E-01   -1.6612302665E-01
-1.6552413373E-01   -1.6492699739E-01   -1.6433161502E-01   -1.6373798402E-01
-1.6314610177E-01   -1.6255596564E-01   -1.6196757297E-01   -1.6138092111E-01
-1.6079600737E-01   -1.6021282905E-01   -1.5963138346E-01   -1.5905166786E-01
-1.5847367953E-01   -1.5789741572E-01   -1.5732287366E-01   -1.5675005059E-01
-1.5617894372E-01   -1.5560955025E-01   -1.5504186736E-01   -1.5447589224E-01
-1.5391162205E-01   -1.5334905394E-01   -1.5278818506E-01   -1.5222901255E-01
-1.5167153350E-01   -1.5111574505E-01   -1.5056164428E-01   -1.5000922829E-01
-1.4945849415E-01   -1.4890943893E-01   -1.4836205968E-01   -1.4781635346E-01
-1.4727231730E-01   -1.4672994823E-01   -1.4618924328E-01   -1.4565019944E-01
-1.4511281373E-01   -1.4457708313E-01   -1.4404300463E-01   -1.4351057520E-01
-1.4297979181E-01   -1.4245065141E-01   -1.4192315097E-01   -1.4139728741E-01
-1.4087305768E-01   -1.4035045870E-01   -1.3982948739E-01   -1.3931014066E-01
-1.3879241542E-01   -1.3827630856E-01   -1.3776181698E-01   -1.3724893755E-01
-1.3673766716E-01   -1.3622800268E-01   -1.3571994097E-01   -1.3521347888E-01
-1.3470861327E-01   -1.3420534098E-01   -1.3370365886E-01   -1.3320356373E-01
-1.3270505242E-01   -1.3220812176E-01   -1.3171276856E-01   -1.3121898963E-01
-1.3072678177E-01   -1.3023614180E-01   -1.2974706649E-01   -1.2925955266E-01
-1.2877359706E-01   -1.2828919650E-01   -1.2780634775E-01   -1.2732504757E-01
-1.2684529273E-01   -1.2636708000E-01   -1.2589040614E-01   -1.2541526789E-01
-1.2494166201E-01   -1.2446958525E-01   -1.2399903435E-01   -1.2353000604E-01
-1.2306249706E-01   -1.2259650415E-01   -1.2213202402E-01   -1.2166905341E-01
-1.2120758904E-01   -1.2074762762E-01   -1.2028916587E-01   -1.1983220050E-01
-1.1937672821E-01   -1.1892274573E-01   -1.1847024974E-01   -1.1801923695E-01
-1.1756970405E-01   -1.1712164774E-01   -1.1667506472E-01   -1.1622995168E-01
-1.1578630529E-01   -1.1534412226E-01   -1.1490339925E-01   -1.1446413296E-01
-1.1402632006E-01   -1.1358995723E-01   -1.1315504115E-01   -1.1272156849E-01
-1.1228953593E-01   -1.1185894012E-01   -1.1142977775E-01   -1.1100204548E-01
-1.1057573998E-01   -1.1015085791E-01   -1.0972739594E-01   -1.0930535073E-01
-1.0888471893E-01   -1.0846549722E-01   -1.0804768225E-01   -1.0763127068E-01
-1.0721625916E-01   -1.0680264436E-01   -1.0639042293E-01   -1.0597959153E-01
-1.0557014680E-01   -1.0516208541E-01   -1.0475540401E-01   -1.0435009926E-01
-1.0394616780E-01   -1.0354360629E-01   -1.0314241138E-01   -1.0274257973E-01
-1.0234410799E-01   -1.0194699280E-01   -1.0155123083E-01   -1.0115681873E-01
-1.0076375315E-01   -1.0037203074E-01   -9.9981648153E-02   -9.9592602048E-02
-9.9204889078E-02   -9.8818505896E-02   -9.8433449158E-02   -9.8049715521E-02
-9.7667301639E-02   -9.7286204171E-02   -9.6906419775E-02   -9.6527945108E-02
-9.6150776830E-02   -9.5774911603E-02   -9.5400346086E-02   -9.5027076943E-02
-9.4655100836E-02   -9.4284414431E-02   -9.3915014392E-02   -9.3546897387E-02
-9.3180060084E-02   -9.2814499152E-02   -9.2450211263E-02   -9.2087193088E-02
-9.1725441301E-02   -9.1364952577E-02   -9.1005723594E-02   -9.0647751029E-02
-9.0291031563E-02   -8.9935561878E-02   -8.9581338657E-02   -8.9228358586E-02
-8.8876618352E-02   -8.8526114645E-02   -8.8176844155E-02   -8.7828803575E-02
-8.7481989601E-02   -8.7136398931E-02   -8.6792028263E-02   -8.6448874299E-02
-8.6106933743E-02   -8.5766203301E-02   -8.5426679683E-02   -8.5088359597E-02
-8.4751239758E-02   -8.4415316882E-02   -8.4080587686E-02   -8.3747048891E-02
-8.3414697221E-02   -8.3083529402E-02   -8.2753542162E-02   -8.2424732232E-02
-8.2097096346E-02   -8.1770631242E-02   -8.1445333659E-02   -8.1121200340E-02
-8.0798228030E-02   -8.0476413477E-02   -8.0155753434E-02   -7.9836244653E-02
-7.9517883894E-02   -7.9200667917E-02   -7.8884593485E-02   -7.8569657365E-02
-7.8255856328E-02   -7.7943187147E-02   -7.7631646599E-02   -7.7321231464E-02
-7.7011938526E-02   -7.6703764572E-02   -7.6396706391E-02   -7.6090760778E-02
-7.5785924530E-02   -7.5482194448E-02   -7.5179567337E-02   -7.4878040005E-02
-7.4577609263E-02   -7.4278271928E-02   -7.3980024818E-02   -7.3682864757E-02
-7.3386788570E-02   -7.3091793090E-02   -7.2797875150E-02   -7.2505031590E-02
-7.2213259250E-02   -7.1922554979E-02   -7.1632915625E-02   -7.1344338044E-02
-7.1056819093E-02   -7.0770355636E-02   -7.0484944539E-02   -7.0200582673E-02
-6.9917266913E-02   -6.9634994137E-02   -6.9353761231E-02   -6.9073565080E-02
-6.8794402578E-02   -6.8516270620E-02   -6.8239166108E-02   -6.7963085947E-02
-6.7688027046E-02   -6.7413986318E-02   -6.7140960684E-02   -6.6868947065E-02
-6.6597942390E-02   -6.6327943589E-02   -6.6058947601E-02   -6.5790951366E-02
-6.5523951831E-02   -6.5257945945E-02   -6.4992930665E-02   -6.4728902950E-02
-6.4465859765E-02   -6.4203798079E-02   -6.3942714868E-02   -6.3682607109E-02
-6.3423471788E-02   -6.3165305893E-02   -6.2908106417E-02   -6.2651870361E-02
-6.2396594726E-02   -6.2142276522E-02   -6.1888912762E-02   -6.1636500466E-02
-6.1385036656E-02   -6.1134518361E-02   -6.0884942615E-02   -6.0636306458E-02
-6.0388606932E-02   -6.0141841087E-02   -5.9896005978E-02   -5.9651098663E-02
-5.9407116208E-02   -5.9164055683E-02   -5.8921914162E-02   -5.8680688726E-02
-5.8440376461E-02   -5.8200974458E-02   -5.7962479812E-02   -5.7724889627E-02
-5.7488201008E-02   -5.7252411068E-02   -5.7017516926E-02   -5.6783515703E-02
-5.6550404530E-02   -5.6318180540E-02   -5.6086840872E-02   -5.5856382672E-02
-5.5626803090E-02   -5.5398099283E-02   -5.5170268411E-02   -5.4943307643E-02
-5.4717214150E-02   -5.4491985112E-02   -5.4267617712E-02   -5.4044109139E-02
-5.3821456590E-02   -5.3599657264E-02   -5.3378708368E-02   -5.3158607114E-02
-5.2939350720E-02   -5.2720936410E-02   -5.2503361413E-02   -5.2286622963E-02
-5.2070718302E-02   -5.1855644676E-02   -5.1641399337E-02   -5.1427979543E-02
-5.1215382559E-02   -5.1003605652E-02   -5.0792646100E-02   -5.0582501183E-02
-5.0373168188E-02   -5.0164644409E-02   -4.9956927143E-02   -4.9750013696E-02
-4.9543901379E-02   -4.9338587507E-02   -4.9134069403E-02   -4.8930344395E-02
-4.8727409818E-02   -4.8525263011E-02   -4.8323901321E-02   -4.8123322099E-02
-4.7923522704E-02   -4.7724500499E-02   -4.7526252855E-02   -4.7328777147E-02
-4.7132070758E-02   -4.6936131074E-02   -4.6740955490E-02   -4.6546541406E-02
-4.6352886228E-02   -4.6159987368E-02   -4.5967842244E-02   -4.5776448280E-02
-4.5585802905E-02   -4.5395903557E-02   -4.5206747678E-02   -4.5018332715E-02
-4.4830656123E-02   -4.4643715363E-02   -4.4457507902E-02   -4.4272031211E-02
-4.4087282770E-02   -4.3903260063E-02   -4.3719960582E-02   -4.3537381824E-02
-4.3355521292E-02   -4.3174376495E-02   -4.2993944948E-02   -4.2814224174E-02
-4.2635211700E-02   -4.2456905060E-02   -4.2279301794E-02   -4.2102399448E-02
-4.1926195575E-02   -4.1750687732E-02   -4.1575873485E-02   -4.1401750405E-02
-4.1228316067E-02   -4.1055568056E-02   -4.0883503961E-02   -4.0712121377E-02
-4.0541417906E-02   -4.0371391155E-02   -4.0202038739E-02   -4.0033358278E-02
-3.9865347397E-02   -3.9698003730E-02   -3.9531324915E-02   -3.9365308596E-02
-3.9199952426E-02   -3.9035254061E-02   -3.8871211164E-02   -3.8707821405E-02
-3.8545082460E-02   -3.8382992011E-02   -3.8221547745E-02   -3.8060747357E-02
-3.7900588548E-02   -3.7741069024E-02   -3.7582186497E-02   -3.7423938687E-02
-3.7266323320E-02   -3.7109338125E-02   -3.6952980841E-02   -3.6797249211E-02
-3.6642140986E-02   -3.6487653920E-02   -3.6333785777E-02   -3.6180534324E-02
-3.6027897336E-02   -3.5875872594E-02   -3.5724457884E-02   -3.5573651000E-02
-3.5423449740E-02   -3.5273851909E-02   -3.5124855320E-02   -3.4976457789E-02
-3.4828657139E-02   -3.4681451202E-02   -3.4534837813E-02   -3.4388814813E-02
-3.4243380051E-02   -3.4098531381E-02   -3.3954266664E-02   -3.3810583765E-02
-3.3667480559E-02   -3.3524954922E-02   -3.3383004741E-02   -3.3241627905E-02
-3.3100822313E-02   -3.2960585866E-02   -3.2820916474E-02   -3.2681812053E-02
-3.2543270524E-02   -3.2405289813E-02   -3.2267867854E-02   -3.2131002587E-02
-3.1994691958E-02   -3.1858933917E-02   -3.1723726422E-02   -3.1589067438E-02
-3.1454954933E-02   -3.1321386883E-02   -3.1188361269E-02   -3.1055876081E-02
-3.0923929310E-02   -3.0792518957E-02   -3.0661643027E-02   -3.0531299533E-02
-3.0401486491E-02   -3.0272201925E-02   -3.0143443864E-02   -3.0015210345E-02
-2.9887499408E-02   -2.9760309101E-02   -2.9633637477E-02   -2.9507482595E-02
-2.9381842520E-02   -2.9256715324E-02   -2.9132099084E-02   -2.9007991881E-02
-2.8884391805E-02   -2.8761296951E-02   -2.8638705418E-02   -2.8516615314E-02
-2.8395024749E-02   -2.8273931844E-02   -2.8153334720E-02   -2.8033231508E-02
-2.7913620343E-02   -2.7794499368E-02   -2.7675866727E-02   -2.7557720576E-02
-2.7440059072E-02   -2.7322880379E-02   -2.7206182669E-02   -2.7089964117E-02
-2.6974222905E-02   -2.6858957220E-02   -2.6744165255E-02   -2.6629845210E-02
-2.6515995289E-02   -2.6402613703E-02   -2.6289698668E-02   -2.6177248405E-02
-2.6065261142E-02   -2.5953735111E-02   -2.5842668553E-02   -2.5732059711E-02
-2.5621906835E-02   -2.5512208180E-02   -2.5402962010E-02   -2.5294166589E-02
-2.5185820191E-02   -2.5077921094E-02   -2.4970467581E-02   -2.4863457943E-02
-2.4756890473E-02   -2.4650763471E-02   -2.4545075245E-02   -2.4439824106E-02
-2.4335008369E-02   -2.4230626359E-02   -2.4126676402E-02   -2.4023156833E-02
-2.3920065990E-02   -2.3817402218E-02   -2.3715163866E-02   -2.3613349291E-02
-2.3511956852E-02   -2.3410984916E-02   -2.3310431854E-02   -2.3210296044E-02
-2.3110575868E-02   -2.3011269714E-02   -2.2912375974E-02   -2.2813893049E-02
-2.2715819340E-02   -2.2618153258E-02   -2.2520893217E-02   -2.2424037637E-02
-2.2327584942E-02   -2.2231533565E-02   -2.2135881940E-02   -2.2040628508E-02
-2.1945771716E-02   -2.1851310015E-02   -2.1757241861E-02   -2.1663565718E-02
-2.1570280052E-02   -2.1477383335E-02   -2.1384874046E-02   -2.1292750666E-02
-2.1201011684E-02   -2.1109655594E-02   -2.1018680893E-02   -2.0928086084E-02
-2.0837869677E-02   -2.0748030184E-02   -2.0658566126E-02   -2.0569476024E-02
-2.0480758410E-02   -2.0392411815E-02   -2.0304434780E-02   -2.0216825849E-02
-2.0129583570E-02   -2.0042706498E-02   -1.9956193191E-02   -1.9870042215E-02
-1.9784252138E-02   -1.9698821534E-02   -1.9613748983E-02   -1.9529033067E-02
-1.9444672377E-02   -1.9360665506E-02   -1.9277011053E-02   -1.9193707622E-02
-1.9110753820E-02   -1.9028148262E-02   -1.8945889566E-02   -1.8863976355E-02
-1.8782407256E-02   -1.8701180904E-02   -1.8620295935E-02   -1.8539750992E-02
-1.8459544722E-02   -1.8379675777E-02   -1.8300142814E-02   -1.8220944494E-02
-1.8142079484E-02   -1.8063546455E-02   -1.7985344083E-02   -1.7907471047E-02
-1.7829926034E-02   -1.7752707733E-02   -1.7675814837E-02   -1.7599246048E-02
-1.7523000068E-02   -1.7447075605E-02   -1.7371471374E-02   -1.7296186091E-02
-1.7221218479E-02   -1.7146567265E-02   -1.7072231179E-02   -1.6998208959E-02
-1.6924499344E-02   -1.6851101080E-02   -1.6778012917E-02   -1.6705233607E-02
-1.6632761911E-02   -1.6560596591E-02   -1.6488736414E-02   -1.6417180153E-02
-1.6345926585E-02   -1.6274974489E-02   -1.6204322653E-02   -1.6133969864E-02
-1.6063914918E-02   -1.5994156613E-02   -1.5924693751E-02   -1.5855525141E-02
-1.5786649594E-02   -1.5718065926E-02   -1.5649772958E-02   -1.5581769513E-02
-1.5514054421E-02   -1.5446626515E-02   -1.5379484633E-02   -1.5312627616E-02
-1.5246054311E-02   -1.5179763568E-02   -1.5113754241E-02   -1.5048025189E-02
-1.4982575275E-02   -1.4917403366E-02   -1.4852508334E-02   -1.4787889054E-02
-1.4723544405E-02   -1.4659473273E-02   -1.4595674543E-02   -1.4532147109E-02
-1.4468889867E-02   -1.4405901717E-02   -1.4343181564E-02   -1.4280728315E-02
-1.4218540883E-02   -1.4156618185E-02   -1.4094959142E-02   -1.4033562678E-02
-1.3972427722E-02   -1.3911553206E-02   -1.3850938067E-02   -1.3790581245E-02
-1.3730481686E-02   -1.3670638337E-02   -1.3611050151E-02   -1.3551716085E-02
-1.3492635099E-02   -1.3433806157E-02   -1.3375228227E-02   -1.3316900281E-02
-1.3258821296E-02   -1.3200990250E-02   -1.3143406127E-02   -1.3086067915E-02
-1.3028974605E-02   -1.2972125192E-02   -1.2915518675E-02   -1.2859154057E-02
-1.2803030344E-02   -1.2747146545E-02   -1.2691501676E-02   -1.2636094753E-02
-1.2580924798E-02   -1.2525990837E-02   -1.2471291898E-02   -1.2416827013E-02
-1.2362595219E-02   -1.2308595555E-02   -1.2254827066E-02   -1.2201288798E-02
-1.2147979802E-02   -1.2094899133E-02   -1.2042045848E-02   -1.1989419010E-02
-1.1937017683E-02   -1.1884840937E-02   -1.1832887843E-02   -1.1781157478E-02
-1.1729648921E-02   -1.1678361256E-02   -1.1627293568E-02   -1.1576444948E-02
-1.1525814489E-02   -1.1475401289E-02   -1.1425204447E-02   -1.1375223069E-02
-1.1325456261E-02   -1.1275903134E-02   -1.1226562803E-02   -1.1177434385E-02
-1.1128517001E-02   -1.1079809777E-02   -1.1031311839E-02   -1.0983022319E-02
-1.0934940353E-02   -1.0887065077E-02   -1.0839395634E-02   -1.0791931167E-02
-1.0744670825E-02   -1.0697613760E-02   -1.0650759126E-02   -1.0604106080E-02
-1.0557653784E-02   -1.0511401403E-02   -1.0465348104E-02   -1.0419493058E-02
-1.0373835439E-02   -1.0328374425E-02   -1.0283109196E-02   -1.0238038937E-02
-1.0193162833E-02   -1.0148480076E-02   -1.0103989858E-02   -1.0059691376E-02
-1.0015583830E-02   -9.9716664230E-03   -9.9279383601E-03   -9.8843988507E-03
-9.8410471068E-03   -9.7978823439E-03   -9.7549037801E-03   -9.7121106367E-03
-9.6695021384E-03   -9.6270775125E-03   -9.5848359896E-03   -9.5427768032E-03
-9.5008991900E-03   -9.4592023895E-03   -9.4176856443E-03   -9.3763481999E-03
-9.3351893051E-03   -9.2942082112E-03   -9.2534041727E-03   -9.2127764472E-03
-9.1723242949E-03   -9.1320469791E-03   -9.0919437661E-03   -9.0520139250E-03
-9.0122567279E-03   -8.9726714495E-03   -8.9332573677E-03   -8.8940137631E-03
-8.8549399193E-03   -8.8160351226E-03   -8.7772986621E-03   -8.7387298299E-03
-8.7003279209E-03   -8.6620922326E-03   -8.6240220655E-03   -8.5861167227E-03
-8.5483755104E-03   -8.5107977373E-03   -8.4733827148E-03   -8.4361297573E-03
-8.3990381818E-03   -8.3621073079E-03   -8.3253364582E-03   -8.2887249578E-03
-8.2522721346E-03   -8.2159773192E-03   -8.1798398446E-03   -8.1438590470E-03
-8.1080342647E-03   -8.0723648391E-03   -8.0368501140E-03   -8.0014894358E-03
-7.9662821538E-03   -7.9312276195E-03   -7.8963251875E-03   -7.8615742144E-03
-7.8269740600E-03   -7.7925240862E-03   -7.7582236577E-03   -7.7240721417E-03
-7.6900689080E-03   -7.6562133289E-03   -7.6225047791E-03   -7.5889426361E-03
-7.5555262797E-03   -7.5222550923E-03   -7.4891284586E-03   -7.4561457662E-03
-7.4233064046E-03   -7.3906097664E-03   -7.3580552461E-03   -7.3256422409E-03
-7.2933701505E-03   -7.2612383770E-03   -7.2292463248E-03   -7.1973934008E-03
-7.1656790142E-03   -7.1341025768E-03   -7.1026635027E-03   -7.0713612082E-03
-7.0401951123E-03   -7.0091646360E-03   -6.9782692029E-03   -6.9475082390E-03
-6.9168811722E-03   -6.8863874333E-03   -6.8560264551E-03   -6.8257976726E-03
-6.7957005234E-03   -6.7657344472E-03   -6.7358988860E-03   -6.7061932842E-03
-6.6766170882E-03   -6.6471697469E-03   -6.6178507114E-03   -6.5886594350E-03
-6.5595953732E-03   -6.5306579838E-03   -6.5018467267E-03   -6.4731610642E-03
-6.4446004606E-03   -6.4161643826E-03   -6.3878522988E-03   -6.3596636802E-03
-6.3315979999E-03   -6.3036547331E-03   -6.2758333573E-03   -6.2481333520E-03
-6.2205541989E-03   -6.1930953818E-03   -6.1657563865E-03   -6.1385367012E-03
-6.1114358160E-03   -6.0844532230E-03   -6.0575884167E-03   -6.0308408934E-03
-6.0042101515E-03   -5.9776956916E-03   -5.9512970162E-03   -5.9250136300E-03
-5.8988450396E-03   -5.8727907538E-03   -5.8468502832E-03   -5.8210231405E-03
-5.7953088406E-03   -5.7697069001E-03   -5.7442168377E-03   -5.7188381743E-03
-5.6935704324E-03   -5.6684131367E-03   -5.6433658140E-03   -5.6184279926E-03
-5.5935992032E-03   -5.5688789783E-03   -5.5442668522E-03   -5.5197623612E-03
-5.4953650436E-03   -5.4710744396E-03   -5.4468900912E-03   -5.4228115423E-03
-5.3988383388E-03   -5.3749700284E-03   -5.3512061607E-03   -5.3275462872E-03
-5.3039899611E-03   -5.2805367377E-03   -5.2571861739E-03   -5.2339378287E-03
-5.2107912626E-03   -5.1877460383E-03   -5.1648017200E-03   -5.1419578738E-03
-5.1192140677E-03   -5.0965698715E-03   -5.0740248566E-03   -5.0515785964E-03
-5.0292306659E-03   -5.0069806420E-03   -4.9848281033E-03   -4.9627726301E-03
-4.9408138046E-03   -4.9189512106E-03   -4.8971844337E-03   -4.8755130611E-03
-4.8539366820E-03   -4.8324548871E-03   -4.8110672687E-03   -4.7897734212E-03
-4.7685729402E-03   -4.7474654234E-03   -4.7264504699E-03   -4.7055276807E-03
-4.6846966583E-03   -4.6639570068E-03   -4.6433083323E-03   -4.6227502421E-03
-4.6022823454E-03   -4.5819042531E-03   -4.5616155775E-03   -4.5414159327E-03
-4.5213049344E-03   -4.5012821997E-03   -4.4813473477E-03   -4.4614999986E-03
-4.4417397747E-03   -4.4220662995E-03   -4.4024791983E-03   -4.3829780977E-03
-4.3635626263E-03   -4.3442324139E-03   -4.3249870919E-03   -4.3058262934E-03
-4.2867496529E-03   -4.2677568066E-03   -4.2488473920E-03   -4.2300210482E-03
-4.2112774160E-03   -4.1926161374E-03   -4.1740368562E-03   -4.1555392176E-03
-4.1371228681E-03   -4.1187874559E-03   -4.1005326307E-03   -4.0823580435E-03
-4.0642633470E-03   -4.0462481951E-03   -4.0283122433E-03   -4.0104551486E-03
-3.9926765694E-03   -3.9749761655E-03   -3.9573535982E-03   -3.9398085301E-03
-3.9223406253E-03   -3.9049495495E-03   -3.8876349694E-03   -3.8703965536E-03
-3.8532339716E-03   -3.8361468947E-03   -3.8191349953E-03   -3.8021979475E-03
-3.7853354264E-03   -3.7685471088E-03   -3.7518326726E-03   -3.7351917973E-03
-3.7186241635E-03   -3.7021294535E-03   -3.6857073506E-03   -3.6693575396E-03
-3.6530797066E-03   -3.6368735391E-03   -3.6207387258E-03   -3.6046749568E-03
-3.5886819235E-03   -3.5727593185E-03   -3.5569068360E-03   -3.5411241712E-03
-3.5254110207E-03   -3.5097670824E-03   -3.4941920554E-03   -3.4786856401E-03
-3.4632475384E-03   -3.4478774531E-03   -3.4325750884E-03   -3.4173401500E-03
-3.4021723444E-03   -3.3870713797E-03   -3.3720369651E-03   -3.3570688111E-03
-3.3421666293E-03   -3.3273301328E-03   -3.3125590355E-03   -3.2978530529E-03
-3.2832119015E-03   -3.2686352990E-03   -3.2541229645E-03   -3.2396746182E-03
-3.2252899812E-03   -3.2109687763E-03   -3.1967107271E-03   -3.1825155585E-03
-3.1683829966E-03   -3.1543127686E-03   -3.1403046029E-03   -3.1263582290E-03
-3.1124733777E-03   -3.0986497809E-03   -3.0848871714E-03   -3.0711852835E-03
-3.0575438524E-03   -3.0439626146E-03   -3.0304413074E-03   -3.0169796697E-03
-3.0035774411E-03   -2.9902343624E-03   -2.9769501758E-03   -2.9637246242E-03
-2.9505574518E-03   -2.9374484039E-03   -2.9243972269E-03   -2.9114036681E-03
-2.8984674762E-03   -2.8855884006E-03   -2.8727661921E-03   -2.8600006024E-03
-2.8472913842E-03   -2.8346382915E-03   -2.8220410791E-03   -2.8094995029E-03
-2.7970133201E-03   -2.7845822885E-03   -2.7722061672E-03   -2.7598847165E-03
-2.7476176973E-03   -2.7354048719E-03   -2.7232460034E-03   -2.7111408559E-03
-2.6990891948E-03   -2.6870907862E-03   -2.6751453972E-03   -2.6632527961E-03
-2.6514127522E-03   -2.6396250355E-03   -2.6278894172E-03   -2.6162056696E-03
-2.6045735656E-03   -2.5929928795E-03   -2.5814633863E-03   -2.5699848620E-03
-2.5585570837E-03   -2.5471798292E-03   -2.5358528775E-03   -2.5245760085E-03
-2.5133490030E-03   -2.5021716426E-03   -2.4910437102E-03   -2.4799649892E-03
-2.4689352643E-03   -2.4579543210E-03   -2.4470219455E-03   -2.4361379253E-03
-2.4253020486E-03   -2.4145141044E-03   -2.4037738830E-03   -2.3930811751E-03
-2.3824357727E-03   -2.3718374685E-03   -2.3612860561E-03   -2.3507813301E-03
-2.3403230859E-03   -2.3299111197E-03   -2.3195452288E-03   -2.3092252111E-03
-2.2989508657E-03   -2.2887219922E-03   -2.2785383913E-03   -2.2683998645E-03
-2.2583062142E-03   -2.2482572436E-03   -2.2382527567E-03   -2.2282925585E-03
-2.2183764546E-03   -2.2085042517E-03   -2.1986757571E-03   -2.1888907792E-03
-2.1791491270E-03   -2.1694506103E-03   -2.1597950400E-03   -2.1501822275E-03
-2.1406119852E-03   -2.1310841262E-03   -2.1215984646E-03   -2.1121548151E-03
-2.1027529932E-03   -2.0933928153E-03   -2.0840740986E-03   -2.0747966610E-03
-2.0655603213E-03   -2.0563648990E-03   -2.0472102144E-03   -2.0380960885E-03
-2.0290223432E-03   -2.0199888012E-03   -2.0109952858E-03   -2.0020416211E-03
-1.9931276322E-03   -1.9842531446E-03   -1.9754179847E-03   -1.9666219798E-03
-1.9578649578E-03   -1.9491467474E-03   -1.9404671779E-03   -1.9318260795E-03
-1.9232232830E-03   -1.9146586202E-03   -1.9061319234E-03   -1.8976430255E-03
-1.8891917605E-03   -1.8807779628E-03   -1.8724014676E-03   -1.8640621110E-03
-1.8557597295E-03   -1.8474941606E-03   -1.8392652423E-03   -1.8310728133E-03
-1.8229167132E-03   -1.8147967822E-03   -1.8067128610E-03   -1.7986647912E-03
-1.7906524151E-03   -1.7826755756E-03   -1.7747341162E-03   -1.7668278814E-03
-1.7589567160E-03   -1.7511204657E-03   -1.7433189767E-03   -1.7355520961E-03
-1.7278196715E-03   -1.7201215511E-03   -1.7124575840E-03   -1.7048276197E-03
-1.6972315085E-03   -1.6896691014E-03   -1.6821402498E-03   -1.6746448061E-03
-1.6671826229E-03   -1.6597535539E-03   -1.6523574532E-03   -1.6449941755E-03
-1.6376635762E-03   -1.6303655113E-03   -1.6230998375E-03   -1.6158664121E-03
-1.6086650929E-03   -1.6014957384E-03   -1.5943582079E-03   -1.5872523609E-03
-1.5801780579E-03   -1.5731351598E-03   -1.5661235282E-03   -1.5591430253E-03
-1.5521935138E-03   -1.5452748570E-03   -1.5383869189E-03   -1.5315295642E-03
-1.5247026578E-03   -1.5179060656E-03   -1.5111396539E-03   -1.5044032894E-03
-1.4976968398E-03   -1.4910201731E-03   -1.4843731579E-03   -1.4777556633E-03
-1.4711675592E-03   -1.4646087160E-03   -1.4580790044E-03   -1.4515782959E-03
-1.4451064627E-03   -1.4386633772E-03   -1.4322489126E-03   -1.4258629426E-03
-1.4195053415E-03   -1.4131759840E-03   -1.4068747454E-03   -1.4006015017E-03
-1.3943561293E-03   -1.3881385051E-03   -1.3819485066E-03   -1.3757860119E-03
-1.3696508995E-03   -1.3635430486E-03   -1.3574623386E-03   -1.3514086499E-03
-1.3453818631E-03   -1.3393818593E-03   -1.3334085203E-03   -1.3274617283E-03
-1.3215413660E-03   -1.3156473168E-03   -1.3097794643E-03   -1.3039376929E-03
-1.2981218872E-03   -1.2923319327E-03   -1.2865677151E-03   -1.2808291206E-03
-1.2751160361E-03   -1.2694283489E-03   -1.2637659466E-03   -1.2581287176E-03
-1.2525165505E-03   -1.2469293347E-03   -1.2413669599E-03   -1.2358293162E-03
-1.2303162944E-03   -1.2248277856E-03   -1.2193636813E-03   -1.2139238739E-03
-1.2085082557E-03   -1.2031167199E-03   -1.1977491600E-03   -1.1924054700E-03
-1.1870855444E-03   -1.1817892779E-03   -1.1765165661E-03   -1.1712673047E-03
-1.1660413900E-03   -1.1608387188E-03   -1.1556591883E-03   -1.1505026960E-03
-1.1453691402E-03   -1.1402584193E-03   -1.1351704322E-03   -1.1301050786E-03
-1.1250622581E-03   -1.1200418711E-03   -1.1150438184E-03   -1.1100680011E-03
-1.1051143208E-03   -1.1001826796E-03   -1.0952729799E-03   -1.0903851246E-03
-1.0855190171E-03   -1.0806745611E-03   -1.0758516608E-03   -1.0710502207E-03
-1.0662701459E-03   -1.0615113417E-03   -1.0567737141E-03   -1.0520571693E-03
-1.0473616139E-03   -1.0426869550E-03   -1.0380331001E-03   -1.0333999570E-03
-1.0287874341E-03   -1.0241954401E-03   -1.0196238840E-03   -1.0150726754E-03
-1.0105417241E-03   -1.0060309404E-03   -1.0015402350E-03   -9.9706951892E-04
-9.9261870368E-04   -9.8818770111E-04   -9.8377642345E-04   -9.7938478332E-04
-9.7501269372E-04   -9.7066006803E-04   -9.6632682004E-04   -9.6201286388E-04