3.1891232710E-11    4.5623423854E-04    1.8238027850E-03    4.0993069666E-03
7.2770952531E-03    1.1349282614E-02    1.6305777507E-02    2.2134316393E-02
2.8820505637E-02    3.6347870641E-02    4.4697911994E-02    5.3850168431E-02
6.3782286345E-02    7.4470095574E-02    8.5887691158E-02    9.8007520739E-02
1.1080047726E-01    1.2423599656E-01    1.3828215956E-01    1.5290579846E-01
1.6807260673E-01    1.8374725227E-01    1.9989349338E-01    2.1647429705E-01
2.3345195907E-01    2.5078822549E-01    2.6844441496E-01    2.8638154138E-01
3.0456043652E-01    3.2294187190E-01    3.4148667962E-01    3.6015587162E-01
3.7891075678E-01    3.9771305564E-01    4.1652501199E-01    4.3530950117E-01
4.5403013448E-01    4.7265135943E-01    4.9113855538E-01    5.0945812429E-01
5.2757757616E-01    5.4546560902E-01    5.6309218306E-01    5.8042858877E-01
5.9744750884E-01    6.1412307369E-01    6.3043091042E-01    6.4634818521E-01
6.6185363899E-01    6.7692761641E-01    6.9155208807E-01    7.0571066612E-01
7.1938861320E-01    7.3257284490E-01    7.4525192588E-01    7.5741605973E-01
7.6905707282E-01    7.8016839242E-01    7.9074501914E-01    8.0078349421E-01
8.1028186165E-01    8.1923962583E-01    8.2765770458E-01    8.3553837828E-01
8.4288523529E-01    8.4970311402E-01    8.5599804195E-01    8.6177717219E-01
8.6704871768E-01    8.7182188355E-01    8.7610679800E-01    8.7991444202E-01
8.8325657831E-01    8.8614567977E-01    8.8859485789E-01    8.9061779134E-01
8.9222865511E-01    8.9344205040E-01    8.9427293574E-01    8.9473655933E-01
8.9484839307E-01    8.9462406839E-01    8.9407931414E-01    8.9322989665E-01
8.9209156226E-01    8.9067998233E-01    8.8901070092E-01    8.8709908533E-01
8.8496027939E-01    8.8260915983E-01    8.8006029559E-01    8.7732791017E-01
8.7442584713E-01    8.7136753861E-01    8.6816597698E-01    8.6483368958E-01
8.6138271648E-01    8.5782459126E-01    8.5417032481E-01    8.5043039197E-01
8.4661472105E-01    8.4273268619E-01    8.3879310227E-01    8.3480422262E-01
8.3077373913E-01    8.2670878481E-01    8.2261593875E-01    8.1850123321E-01
8.1437016294E-01    8.1022769646E-01    8.0607828921E-01    8.0192589861E-01
7.9777400067E-01    7.9362560823E-01    7.8948329064E-01    7.8534919467E-01
7.8122506676E-01    7.7711227617E-01    7.7301183922E-01    7.6892444420E-01
7.6485047708E-01    7.6079004767E-01    7.5674301627E-01    7.5270902054E-01
7.4868750256E-01    7.4467773590E-01    7.4067885252E-01    7.3668986945E-01
7.3270971512E-01    7.2873725507E-01    7.2477131710E-01    7.2081071559E-01
7.1685427494E-01    7.1290085198E-01    7.0894935722E-01    7.0499877486E-01
7.0104818145E-01    6.9709676309E-01    6.9314383101E-01    6.8918883564E-01
6.8523137878E-01    6.8127122439E-01    6.7730830606E-01    6.7334273569E-01
6.6937480642E-01    6.6540499734E-01    6.6143396432E-01    6.5746249499E-01
6.5349145055E-01    6.4952164639E-01    6.4555384288E-01    6.4158878952E-01
6.3762720857E-01    6.3366979559E-01    6.2971722121E-01    6.2577013199E-01
6.2182915097E-01    6.1789487844E-01    6.1396789259E-01    6.1004875022E-01
6.0613798733E-01    6.0223611977E-01    5.9834364387E-01    5.9446103697E-01
5.9058875806E-01    5.8672724825E-01    5.8287693140E-01    5.7903821456E-01
5.7521148853E-01    5.7139712832E-01    5.6759549363E-01    5.6380692932E-01
5.6003176584E-01    5.5627031969E-01    5.5252289381E-01    5.4878977802E-01
5.4507124937E-01    5.4136757258E-01    5.3767900036E-01    5.3400577381E-01
5.3034812274E-01    5.2670626604E-01    5.2308041198E-01    5.1947075855E-01
5.1587749375E-01    5.1230079592E-01    5.0874083401E-01    5.0519776787E-01
5.0167174851E-01    4.9816291841E-01    4.9467141173E-01    4.9119735459E-01
4.8774086529E-01    4.8430205460E-01    4.8088102591E-01    4.7747787553E-01
4.7409269288E-01    4.7072556066E-01    4.6737655513E-01    4.6404574626E-01
4.6073319792E-01    4.5743896810E-01    4.5416310907E-01    4.5090566758E-01
4.4766668498E-01    4.4444619747E-01    4.4124423618E-01    4.3806082741E-01
4.3489599269E-01    4.3174974903E-01    4.2862210900E-01    4.2551308089E-01
4.2242266886E-01    4.1935087305E-01    4.1629768974E-01    4.1326311146E-01
4.1024712712E-01    4.0724972212E-01    4.0427087850E-01    4.0131057500E-01
3.9836878724E-01    3.9544548775E-01    3.9254064616E-01    3.8965422923E-01
3.8678620099E-01    3.8393652283E-01    3.8110515361E-01    3.7829204970E-01
3.7549716514E-01    3.7272045169E-01    3.6996185889E-01    3.6722133420E-01
3.6449882306E-01    3.6179426895E-01    3.5910761347E-01    3.5643879645E-01
3.5378775597E-01    3.5115442847E-01    3.4853874883E-01    3.4594065037E-01
3.4336006500E-01    3.4079692321E-01    3.3825115420E-01    3.3572268587E-01
3.3321144495E-01    3.3071735698E-01    3.2824034645E-01    3.2578033678E-01
3.2333725042E-01    3.2091100887E-01    3.1850153274E-01    3.1610874184E-01
3.1373255513E-01    3.1137289088E-01    3.0902966662E-01    3.0670279923E-01
3.0439220498E-01    3.0209779957E-01    2.9981949815E-01    2.9755721537E-01
2.9531086542E-01    2.9308036206E-01    2.9086561868E-01    2.8866654829E-01
2.8648306358E-01    2.8431507696E-01    2.8216250055E-01    2.8002524626E-01
2.7790322579E-01    2.7579635068E-01    2.7370453228E-01    2.7162768187E-01
2.6956571060E-01    2.6751852954E-01    2.6548604974E-01    2.6346818221E-01
2.6146483796E-01    2.5947592799E-01    2.5750136339E-01    2.5554105526E-01
2.5359491481E-01    2.5166285332E-01    2.4974478220E-01    2.4784061299E-01
2.4595025737E-01    2.4407362719E-01    2.4221063447E-01    2.4036119142E-01
2.3852521048E-01    2.3670260429E-01    2.3489328573E-01    2.3309716793E-01
2.3131416426E-01    2.2954418838E-01    2.2778715423E-01    2.2604297604E-01
2.2431156833E-01    2.2259284593E-01    2.2088672401E-01    2.1919311806E-01
2.1751194390E-01    2.1584311769E-01    2.1418655596E-01    2.1254217560E-01
2.1090989385E-01    2.0928962833E-01    2.0768129704E-01    2.0608481837E-01
2.0450011110E-01    2.0292709438E-01    2.0136568781E-01    1.9981581134E-01
1.9827738537E-01    1.9675033068E-01    1.9523456851E-01    1.9373002046E-01
1.9223660861E-01    1.9075425544E-01    1.8928288384E-01    1.8782241717E-01
1.8637277919E-01    1.8493389412E-01    1.8350568660E-01    1.8208808170E-01
1.8068100497E-01    1.7928438235E-01    1.7789814025E-01    1.7652220552E-01
1.7515650546E-01    1.7380096780E-01    1.7245552071E-01    1.7112009282E-01
1.6979461321E-01    1.6847901137E-01    1.6717321728E-01    1.6587716132E-01
1.6459077435E-01    1.6331398764E-01    1.6204673294E-01    1.6078894241E-01
1.5954054866E-01    1.5830148475E-01    1.5707168415E-01    1.5585108080E-01
1.5463960906E-01    1.5343720373E-01    1.5224380003E-01    1.5105933363E-01
1.4988374062E-01    1.4871695751E-01    1.4755892127E-01    1.4640956925E-01
1.4526883925E-01    1.4413666950E-01    1.4301299862E-01    1.4189776568E-01
1.4079091013E-01    1.3969237187E-01    1.3860209118E-01    1.3752000878E-01
1.3644606576E-01    1.3538020365E-01    1.3432236437E-01    1.3327249023E-01
1.3223052395E-01    1.3119640865E-01    1.3017008782E-01    1.2915150537E-01
1.2814060558E-01    1.2713733313E-01    1.2614163308E-01    1.2515345085E-01
1.2417273228E-01    1.2319942355E-01    1.2223347123E-01    1.2127482227E-01
1.2032342398E-01    1.1937922404E-01    1.1844217049E-01    1.1751221173E-01
1.1658929653E-01    1.1567337402E-01    1.1476439367E-01    1.1386230531E-01
1.1296705912E-01    1.1207860564E-01    1.1119689574E-01    1.1032188062E-01
1.0945351186E-01    1.0859174134E-01    1.0773652130E-01    1.0688780431E-01
1.0604554325E-01    1.0520969135E-01    1.0438020216E-01    1.0355702956E-01
1.0274012774E-01    1.0192945122E-01    1.0112495483E-01    1.0032659372E-01
9.9534323348E-02    9.8748099482E-02    9.7967878202E-02    9.7193615890E-02
9.6425269236E-02    9.5662795227E-02    9.4906151151E-02    9.4155294593E-02
9.3410183433E-02    9.2670775843E-02    9.1937030287E-02    9.1208905516E-02
9.0486360569E-02    8.9769354768E-02    8.9057847717E-02    8.8351799302E-02
8.7651169687E-02    8.6955919311E-02    8.6266008888E-02    8.5581399405E-02
8.4902052119E-02    8.4227928553E-02    8.3558990502E-02    8.2895200019E-02
8.2236519426E-02    8.1582911302E-02    8.0934338485E-02    8.0290764073E-02
7.9652151417E-02    7.9018464121E-02    7.8389666044E-02    7.7765721291E-02
7.7146594219E-02    7.6532249429E-02    7.5922651767E-02    7.5317766324E-02
7.4717558430E-02    7.4121993657E-02    7.3531037812E-02    7.2944656942E-02
7.2362817326E-02    7.1785485477E-02    7.1212628141E-02    7.0644212292E-02
7.0080205133E-02    6.9520574094E-02    6.8965286830E-02    6.8414311220E-02
6.7867615365E-02    6.7325167588E-02    6.6786936429E-02    6.6252890646E-02
6.5722999216E-02    6.5197231328E-02    6.4675556386E-02    6.4157944004E-02
6.3644364008E-02    6.3134786433E-02    6.2629181522E-02    6.2127519724E-02
6.1629771692E-02    6.1135908284E-02    6.0645900560E-02    6.0159719781E-02
5.9677337406E-02    5.9198725094E-02    5.8723854701E-02    5.8252698277E-02
5.7785228069E-02    5.7321416516E-02    5.6861236247E-02    5.6404660084E-02
5.5951661037E-02    5.5502212305E-02    5.5056287274E-02    5.4613859515E-02
5.4174902783E-02    5.3739391018E-02    5.3307298341E-02    5.2878599053E-02
5.2453267636E-02    5.2031278752E-02    5.1612607237E-02    5.1197228106E-02
5.0785116547E-02    5.0376247925E-02    4.9970597774E-02    4.9568141804E-02
4.9168855893E-02    4.8772716089E-02    4.8379698609E-02    4.7989779836E-02
4.7602936322E-02    4.7219144782E-02    4.6838382097E-02    4.6460625308E-02
4.6085851622E-02    4.5714038405E-02    4.5345163184E-02    4.4979203643E-02
4.4616137627E-02    4.4255943136E-02    4.3898598325E-02    4.3544081508E-02
4.3192371148E-02    4.2843445866E-02    4.2497284430E-02    4.2153865764E-02
4.1813168937E-02    4.1475173173E-02    4.1139857838E-02    4.0807202450E-02
4.0477186671E-02    4.0149790310E-02    3.9824993318E-02    3.9502775790E-02
3.9183117967E-02    3.8866000227E-02    3.8551403092E-02    3.8239307222E-02
3.7929693416E-02    3.7622542613E-02    3.7317835887E-02    3.7015554449E-02
3.6715679646E-02    3.6418192959E-02    3.6123076002E-02    3.5830310523E-02
3.5539878401E-02    3.5251761647E-02    3.4965942402E-02    3.4682402935E-02
3.4401125646E-02    3.4122093060E-02    3.3845287832E-02    3.3570692739E-02
3.3298290688E-02    3.3028064707E-02    3.2759997948E-02    3.2494073688E-02
3.2230275323E-02    3.1968586372E-02    3.1708990475E-02    3.1451471389E-02
3.1196012994E-02    3.0942599284E-02    3.0691214372E-02    3.0441842488E-02
3.0194467977E-02    2.9949075299E-02    2.9705649029E-02    2.9464173855E-02
2.9224634577E-02    2.8987016108E-02    2.8751303471E-02    2.8517481802E-02
2.8285536345E-02    2.8055452452E-02    2.7827215585E-02    2.7600811313E-02
2.7376225313E-02    2.7153443366E-02    2.6932451360E-02    2.6713235288E-02
2.6495781245E-02    2.6280075432E-02    2.6066104151E-02    2.5853853806E-02
2.5643310904E-02    2.5434462049E-02    2.5227293949E-02    2.5021793409E-02
2.4817947333E-02    2.4615742722E-02    2.4415166676E-02    2.4216206390E-02
2.4018849157E-02    2.3823082363E-02    2.3628893489E-02    2.3436270111E-02
2.3245199898E-02    2.3055670612E-02    2.2867670105E-02    2.2681186323E-02
2.2496207302E-02    2.2312721168E-02    2.2130716135E-02    2.1950180510E-02
2.1771102684E-02    2.1593471138E-02    2.1417274441E-02    2.1242501245E-02
2.1069140291E-02    2.0897180404E-02    2.0726610495E-02    2.0557419557E-02
2.0389596670E-02    2.0223130992E-02    2.0058011768E-02    1.9894228323E-02
1.9731770062E-02    1.9570626472E-02    1.9410787121E-02    1.9252241655E-02
1.9094979800E-02    1.8938991359E-02    1.8784266214E-02    1.8630794325E-02
1.8478565727E-02    1.8327570533E-02    1.8177798930E-02    1.8029241182E-02
1.7881887626E-02    1.7735728674E-02    1.7590754811E-02    1.7446956595E-02
1.7304324659E-02    1.7162849704E-02    1.7022522505E-02    1.6883333907E-02
1.6745274827E-02    1.6608336251E-02    1.6472509233E-02    1.6337784898E-02
1.6204154439E-02    1.6071609117E-02    1.5940140261E-02    1.5809739265E-02
1.5680397591E-02    1.5552106768E-02    1.5424858389E-02    1.5298644113E-02
1.5173455663E-02    1.5049284826E-02    1.4926123454E-02    1.4803963461E-02
1.4682796823E-02    1.4562615582E-02    1.4443411837E-02    1.4325177751E-02
1.4207905550E-02    1.4091587515E-02    1.3976215993E-02    1.3861783386E-02
1.3748282158E-02    1.3635704831E-02    1.3524043986E-02    1.3413292259E-02
1.3303442348E-02    1.3194487004E-02    1.3086419037E-02    1.2979231313E-02
1.2872916752E-02    1.2767468333E-02    1.2662879085E-02    1.2559142097E-02
1.2456250507E-02    1.2354197511E-02    1.2252976357E-02    1.2152580344E-02
1.2053002826E-02    1.1954237208E-02    1.1856276948E-02    1.1759115554E-02
1.1662746586E-02    1.1567163654E-02    1.1472360419E-02    1.1378330591E-02
1.1285067930E-02    1.1192566246E-02    1.1100819396E-02    1.1009821287E-02
1.0919565873E-02    1.0830047157E-02    1.0741259187E-02    1.0653196060E-02
1.0565851920E-02    1.0479220956E-02    1.0393297402E-02    1.0308075541E-02
1.0223549697E-02    1.0139714243E-02    1.0056563593E-02    9.9740922073E-03
9.8922945899E-03    9.8111652880E-03    9.7306988918E-03    9.6508900349E-03
9.5717333930E-03    9.4932236845E-03    9.4153556693E-03    9.3381241493E-03
9.2615239674E-03    9.1855500075E-03    9.1101971944E-03    9.0354604930E-03
8.9613349084E-03    8.8878154853E-03    8.8148973079E-03    8.7425754996E-03
8.6708452226E-03    8.5997016776E-03    8.5291401035E-03    8.4591557772E-03
8.3897440134E-03    8.3209001639E-03    8.2526196177E-03    8.1848978008E-03
8.1177301752E-03    8.0511122398E-03    7.9850395288E-03    7.9195076126E-03
7.8545120967E-03    7.7900486218E-03    7.7261128635E-03    7.6627005319E-03
7.5998073715E-03    7.5374291609E-03    7.4755617123E-03    7.4142008716E-03
7.3533425180E-03    7.2929825635E-03    7.2331169531E-03    7.1737416641E-03
7.1148527063E-03    7.0564461212E-03    6.9985179822E-03    6.9410643942E-03
6.8840814935E-03    6.8275654471E-03    6.7715124530E-03    6.7159187398E-03
6.6607805661E-03    6.6060942209E-03    6.5518560227E-03    6.4980623199E-03
6.4447094901E-03    6.3917939401E-03    6.3393121054E-03    6.2872604505E-03
6.2356354682E-03    6.1844336794E-03    6.1336516333E-03    6.0832859066E-03
6.0333331038E-03    5.9837898566E-03    5.9346528240E-03    5.8859186917E-03
5.8375841724E-03    5.7896460051E-03    5.7421009552E-03    5.6949458141E-03
5.6481773993E-03    5.6017925536E-03    5.5557881457E-03    5.5101610693E-03
5.4649082434E-03    5.4200266116E-03    5.3755131426E-03    5.3313648291E-03
5.2875786885E-03    5.2441517621E-03    5.2010811152E-03    5.1583638368E-03
5.1159970395E-03    5.0739778592E-03    5.0323034549E-03    4.9909710088E-03
4.9499777256E-03    4.9093208330E-03    4.8689975808E-03    4.8290052413E-03
4.7893411087E-03    4.7500024994E-03    4.7109867512E-03    4.6722912237E-03
4.6339132978E-03    4.5958503757E-03    4.5580998807E-03    4.5206592568E-03
4.4835259688E-03    4.4466975023E-03    4.4101713630E-03    4.3739450769E-03
4.3380161902E-03    4.3023822690E-03    4.2670408988E-03    4.2319896853E-03
4.1972262532E-03    4.1627482467E-03    4.1285533289E-03    4.0946391822E-03
4.0610035075E-03    4.0276440248E-03    3.9945584721E-03    3.9617446063E-03
3.9292002021E-03    3.8969230526E-03    3.8649109687E-03    3.8331617792E-03
3.8016733305E-03    3.7704434864E-03    3.7394701282E-03    3.7087511545E-03
3.6782844810E-03    3.6480680401E-03    3.6180997814E-03    3.5883776710E-03
3.5588996915E-03    3.5296638420E-03    3.5006681380E-03    3.4719106110E-03
3.4433893085E-03    3.4151022942E-03    3.3870476472E-03    3.3592234626E-03
3.3316278507E-03    3.3042589375E-03    3.2771148640E-03    3.2501937866E-03
3.2234938766E-03    3.1970133202E-03    3.1707503185E-03    3.1447030870E-03
3.1188698562E-03    3.0932488707E-03    3.0678383894E-03    3.0426366857E-03
3.0176420467E-03    2.9928527739E-03    2.9682671823E-03    2.9438836009E-03
2.9197003722E-03    2.8957158522E-03    2.8719284106E-03    2.8483364300E-03
2.8249383065E-03    2.8017324493E-03    2.7787172805E-03    2.7558912350E-03
2.7332527606E-03    2.7108003180E-03    2.6885323800E-03    2.6664474322E-03
2.6445439726E-03    2.6228205113E-03    2.6012755708E-03    2.5799076854E-03
2.5587154015E-03    2.5376972776E-03    2.5168518837E-03    2.4961778016E-03
2.4756736247E-03    2.4553379579E-03    2.4351694175E-03    2.4151666311E-03
2.3953282377E-03    2.3756528872E-03    2.3561392406E-03    2.3367859700E-03
2.3175917582E-03    2.2985552989E-03    2.2796752964E-03    2.2609504656E-03
2.2423795321E-03    2.2239612316E-03    2.2056943106E-03    2.1875775254E-03
2.1696096428E-03    2.1517894396E-03    2.1341157026E-03    2.1165872285E-03
2.0992028239E-03    2.0819613053E-03    2.0648614987E-03    2.0479022399E-03
2.0310823739E-03    2.0144007556E-03    1.9978562490E-03    1.9814477275E-03
1.9651740737E-03    1.9490341794E-03    1.9330269455E-03    1.9171512818E-03
1.9014061072E-03    1.8857903492E-03    1.8703029444E-03    1.8549428380E-03
1.8397089837E-03    1.8246003441E-03    1.8096158899E-03    1.7947546005E-03
1.7800154638E-03    1.7653974756E-03    1.7508996402E-03    1.7365209702E-03
1.7222604859E-03    1.7081172160E-03    1.6940901970E-03    1.6801784733E-03
1.6663810972E-03    1.6526971287E-03    1.6391256357E-03    1.6256656935E-03
1.6123163851E-03    1.5990768010E-03    1.5859460392E-03    1.5729232052E-03
1.5600074116E-03    1.5471977784E-03    1.5344934330E-03    1.5218935096E-03
1.5093971498E-03    1.4970035022E-03    1.4847117222E-03    1.4725209725E-03
1.4604304222E-03    1.4484392476E-03    1.4365466317E-03    1.4247517640E-03
1.4130538409E-03    1.4014520653E-03    1.3899456465E-03    1.3785338007E-03
1.3672157500E-03    1.3559907233E-03    1.3448579558E-03    1.3338166886E-03
1.3228661696E-03    1.3120056524E-03    1.3012343971E-03    1.2905516695E-03
1.2799567417E-03    1.2694488918E-03    1.2590274036E-03    1.2486915671E-03