-4.9418663606E-12    1.3593566190E-02    2.7189437637E-02    4.0789896217E-02
5.4397177156E-02    6.8013445888E-02    8.1640775135E-02    9.5281122295E-02
1.0893630719E-01    1.2260799030E-01    1.3629765148E-01    1.5000656930E-01
1.6373580111E-01    1.7748616385E-01    1.9125821562E-01    2.0505223833E-01
2.1886822123E-01    2.3270584558E-01    2.4656447044E-01    2.6044311974E-01
2.7434047062E-01    2.8825484316E-01    3.0218419158E-01    3.1612609690E-01
3.3007776123E-01    3.4403600364E-01    3.5799725766E-01    3.7195757064E-01
3.8591260465E-01    3.9985763929E-01    4.1378757625E-01    4.2769694563E-01
4.4157991406E-01    4.5543029460E-01    4.6924155843E-01    4.8300684813E-01
4.9671899282E-01    5.1037052471E-01    5.2395369739E-01    5.3746050544E-01
5.5088270556E-01    5.6421183887E-01    5.7743925449E-01    5.9055613415E-01
6.0355351775E-01    6.1642232980E-01    6.2915340648E-01    6.4173752329E-01
6.5416542312E-01    6.6642784458E-01    6.7851555045E-01    6.9041935613E-01
7.0213015787E-01    7.1363896073E-01    7.2493690610E-01    7.3601529860E-01
7.4686563230E-01    7.5747961603E-01    7.6784919786E-01    7.7796658836E-01
7.8782428286E-01    7.9741508234E-01    8.0673211306E-01    8.1576884476E-01
8.2451910744E-01    8.3297710659E-01    8.4113743697E-01    8.4899509479E-01
8.5654548829E-01    8.6378444684E-01    8.7070822840E-01    8.7731352551E-01
8.8359746973E-01    8.8955763460E-01    8.9519203719E-01    9.0049913828E-01
9.0547784121E-01    9.1012748940E-01    9.1444786281E-01    9.1843917313E-01
9.2210205799E-01    9.2543757416E-01    9.2844718982E-01    9.3113277600E-01
9.3349659724E-01    9.3554130147E-01    9.3726990935E-01    9.3868580291E-01
9.3979271373E-01    9.4059471060E-01    9.4109618672E-01    9.4130184655E-01
9.4121669226E-01    9.4084600988E-01    9.4019535513E-01    9.3927053900E-01
9.3807761303E-01    9.3662285440E-01    9.3491275073E-01    9.3295398476E-01
9.3075341869E-01    9.2831807846E-01    9.2565513769E-01    9.2277190158E-01
9.1967579048E-01    9.1637432342E-01    9.1287510135E-01    9.0918579036E-01
9.0531410463E-01    9.0126778938E-01    8.9705460362E-01    8.9268230295E-01
8.8815862219E-01    8.8349125814E-01    8.7868785226E-01    8.7375597353E-01
8.6870310139E-01    8.6353660889E-01    8.5826374606E-01    8.5289162359E-01
8.4742719693E-01    8.4187725072E-01    8.3624838382E-01    8.3054699482E-01
8.2477926831E-01    8.1895116169E-01    8.1306839293E-01    8.0713642907E-01
8.0116047559E-01    7.9514546688E-01    7.8909605758E-01    7.8301661495E-01
7.7691121281E-01    7.7078362590E-01    7.6463732581E-01    7.5847547761E-01
7.5230094564E-01    7.4611634144E-01    7.3992408987E-01    7.3372653123E-01
7.2752593432E-01    7.2132449675E-01    7.1512432238E-01    7.0892741923E-01
7.0273572200E-01    6.9655108955E-01    6.9037530449E-01    6.8421007704E-01
6.7805704714E-01    6.7191778658E-01    6.6579380113E-01    6.5968653261E-01
6.5359736094E-01    6.4752760605E-01    6.4147852983E-01    6.3545133796E-01
6.2944718170E-01    6.2346715968E-01    6.1751231953E-01    6.1158365959E-01
6.0568213049E-01    5.9980863671E-01    5.9396403807E-01    5.8814915122E-01
5.8236475106E-01    5.7661157210E-01    5.7089030984E-01    5.6520162203E-01
5.5954612996E-01    5.5392441965E-01    5.4833704310E-01    5.4278451937E-01
5.3726733576E-01    5.3178594883E-01    5.2634078553E-01    5.2093224415E-01
5.1556069535E-01    5.1022648308E-01    5.0492992557E-01    4.9967131618E-01
4.9445092429E-01    4.8926899616E-01    4.8412575571E-01    4.7902140538E-01
4.7395612686E-01    4.6893008184E-01    4.6394341273E-01    4.5899624342E-01
4.5408867986E-01    4.4922081083E-01    4.4439270849E-01    4.3960442905E-01
4.3485601338E-01    4.3014748754E-01    4.2547886341E-01    4.2085013917E-01
4.1626129989E-01    4.1171231801E-01    4.0720315386E-01    4.0273375611E-01
3.9830406226E-01    3.9391399910E-01    3.8956348312E-01    3.8525242098E-01
3.8098070988E-01    3.7674823796E-01    3.7255488471E-01    3.6840052135E-01
3.6428501116E-01    3.6020820984E-01    3.5616996586E-01    3.5217012081E-01
3.4820850967E-01    3.4428496115E-01    3.4039929798E-01    3.3655133720E-01
3.3274089044E-01    3.2896776420E-01    3.2523176010E-01    3.2153267513E-01
3.1787030191E-01    3.1424442893E-01    3.1065484075E-01    3.0710131825E-01
3.0358363885E-01    3.0010157668E-01    2.9665490284E-01    2.9324338553E-01
2.8986679029E-01    2.8652488014E-01    2.8321741580E-01    2.7994415581E-01
2.7670485674E-01    2.7349927330E-01    2.7032715856E-01    2.6718826402E-01
2.6408233980E-01    2.6100913478E-01    2.5796839670E-01    2.5495987232E-01
2.5198330751E-01    2.4903844743E-01    2.4612503656E-01    2.4324281887E-01
2.4039153791E-01    2.3757093692E-01    2.3478075891E-01    2.3202074677E-01
2.2929064336E-01    2.2659019157E-01    2.2391913447E-01    2.2127721532E-01
2.1866417769E-01    2.1607976551E-01    2.1352372317E-01    2.1099579557E-01
2.0849572818E-01    2.0602326712E-01    2.0357815921E-01    2.0116015204E-01
1.9876899399E-01    1.9640443434E-01    1.9406622327E-01    1.9175411195E-01
1.8946785254E-01    1.8720719827E-01    1.8497190348E-01    1.8276172365E-01
1.8057641541E-01    1.7841573664E-01    1.7627944646E-01    1.7416730526E-01
1.7207907476E-01    1.7001451802E-01    1.6797339945E-01    1.6595548487E-01
1.6396054154E-01    1.6198833813E-01    1.6003864479E-01    1.5811123315E-01
1.5620587637E-01    1.5432234909E-01    1.5246042751E-01    1.5061988940E-01
1.4880051407E-01    1.4700208243E-01    1.4522437697E-01    1.4346718179E-01
1.4173028262E-01    1.4001346678E-01    1.3831652324E-01    1.3663924262E-01
1.3498141717E-01    1.3334284079E-01    1.3172330903E-01    1.3012261912E-01
1.2854056992E-01    1.2697696200E-01    1.2543159754E-01    1.2390428044E-01
1.2239481624E-01    1.2090301215E-01    1.1942867706E-01    1.1797162150E-01
1.1653165770E-01    1.1510859952E-01    1.1370226251E-01    1.1231246384E-01
1.1093902236E-01    1.0958175857E-01    1.0824049459E-01    1.0691505420E-01
1.0560526280E-01    1.0431094744E-01    1.0303193676E-01    1.0176806104E-01
1.0051915217E-01    9.9285043614E-02    9.8065570463E-02    9.6860569379E-02
9.5669878607E-02    9.4493337964E-02    9.3330788828E-02    9.2182074134E-02
9.1047038364E-02    8.9925527534E-02    8.8817389191E-02    8.7722472401E-02
8.6640627738E-02    8.5571707279E-02    8.4515564590E-02    8.3472054717E-02
8.2441034178E-02    8.1422360953E-02    8.0415894471E-02    7.9421495602E-02
7.8439026646E-02    7.7468351325E-02    7.6509334768E-02    7.5561843504E-02
7.4625745449E-02    7.3700909899E-02    7.2787207514E-02    7.1884510313E-02
7.0992691659E-02    7.0111626249E-02    6.9241190105E-02    6.8381260562E-02
6.7531716254E-02    6.6692437111E-02    6.5863304340E-02    6.5044200417E-02
6.4235009079E-02    6.3435615307E-02    6.2645905323E-02    6.1865766572E-02
6.1095087713E-02    6.0333758612E-02    5.9581670326E-02    5.8838715096E-02
5.8104786333E-02    5.7379778612E-02    5.6663587656E-02    5.5956110328E-02
5.5257244620E-02    5.4566889643E-02    5.3884945617E-02    5.3211313857E-02
5.2545896768E-02    5.1888597828E-02    5.1239321586E-02    5.0597973644E-02
4.9964460650E-02    4.9338690288E-02    4.8720571269E-02    4.8110013317E-02
4.7506927164E-02    4.6911224536E-02    4.6322818145E-02    4.5741621679E-02
4.5167549793E-02    4.4600518098E-02    4.4040443150E-02    4.3487242446E-02
4.2940834407E-02    4.2401138376E-02    4.1868074602E-02    4.1341564236E-02
4.0821529318E-02    4.0307892770E-02    3.9800578388E-02    3.9299510829E-02
3.8804615605E-02    3.8315819075E-02    3.7833048434E-02    3.7356231704E-02
3.6885297729E-02    3.6420176160E-02    3.5960797455E-02    3.5507092862E-02
3.5058994417E-02    3.4616434932E-02    3.4179347990E-02    3.3747667932E-02
3.3321329855E-02    3.2900269598E-02    3.2484423739E-02    3.2073729584E-02
3.1668125161E-02    3.1267549211E-02    3.0871941181E-02    3.0481241216E-02
3.0095390154E-02    2.9714329513E-02    2.9338001490E-02    2.8966348948E-02
2.8599315414E-02    2.8236845067E-02    2.7878882736E-02    2.7525373887E-02
2.7176264622E-02    2.6831501668E-02    2.6491032370E-02    2.6154804689E-02
2.5822767190E-02    2.5494869038E-02    2.5171059989E-02    2.4851290388E-02
2.4535511159E-02    2.4223673799E-02    2.3915730371E-02    2.3611633501E-02
2.3311336370E-02    2.3014792706E-02    2.2721956779E-02    2.2432783398E-02
2.2147227900E-02    2.1865246148E-02    2.1586794525E-02    2.1311829924E-02
2.1040309749E-02    2.0772191902E-02    2.0507434784E-02    2.0245997286E-02
1.9987838782E-02    1.9732919129E-02    1.9481198656E-02    1.9232638161E-02
1.8987198907E-02    1.8744842615E-02    1.8505531460E-02    1.8269228063E-02
1.8035895490E-02    1.7805497245E-02    1.7577997267E-02    1.7353359919E-02
1.7131549992E-02    1.6912532693E-02    1.6696273645E-02    1.6482738878E-02
1.6271894830E-02    1.6063708335E-02    1.5858146627E-02    1.5655177327E-02
1.5454768445E-02    1.5256888373E-02    1.5061505880E-02    1.4868590110E-02
1.4678110574E-02    1.4490037151E-02    1.4304340079E-02    1.4120989952E-02
1.3939957720E-02    1.3761214678E-02    1.3584732467E-02    1.3410483071E-02
1.3238438806E-02    1.3068572326E-02    1.2900856611E-02    1.2735264967E-02
1.2571771022E-02    1.2410348721E-02    1.2250972324E-02    1.2093616401E-02
1.1938255830E-02    1.1784865792E-02    1.1633421767E-02    1.1483899532E-02
1.1336275157E-02    1.1190525003E-02    1.1046625715E-02    1.0904554223E-02
1.0764287734E-02    1.0625803735E-02    1.0489079983E-02    1.0354094507E-02
1.0220825601E-02    1.0089251826E-02    9.9593519992E-03    9.8311051994E-03
9.7044907579E-03    9.5794882583E-03    9.4560775328E-03    9.3342386593E-03
9.2139519587E-03    9.0951979920E-03    8.9779575574E-03    8.8622116876E-03
8.7479416470E-03    8.6351289289E-03    8.5237552530E-03    8.4138025627E-03
8.3052530221E-03    8.1980890140E-03    8.0922931369E-03    7.9878482026E-03
7.8847372335E-03    7.7829434604E-03    7.6824503200E-03    7.5832414521E-03
7.4853006976E-03    7.3886120961E-03    7.2931598831E-03    7.1989284883E-03
7.1059025328E-03    7.0140668271E-03    6.9234063688E-03    6.8339063402E-03
6.7455521063E-03    6.6583292126E-03    6.5722233830E-03    6.4872205174E-03
6.4033066900E-03    6.3204681467E-03    6.2386913037E-03    6.1579627448E-03
6.0782692201E-03    5.9995976433E-03    5.9219350901E-03    5.8452687965E-03
5.7695861562E-03    5.6948747195E-03    5.6211221908E-03    5.5483164271E-03
5.4764454359E-03    5.4054973737E-03    5.3354605441E-03    5.2663233957E-03
5.1980745209E-03    5.1307026537E-03    5.0641966685E-03    4.9985455778E-03
4.9337385309E-03    4.8697648122E-03    4.8066138397E-03    4.7442751629E-03
4.6827384619E-03    4.6219935452E-03    4.5620303486E-03    4.5028389333E-03
4.4444094846E-03    4.3867323104E-03    4.3297978395E-03    4.2735966206E-03
4.2181193201E-03    4.1633567214E-03    4.1092997230E-03    4.0559393374E-03
4.0032666896E-03    3.9512730156E-03    3.8999496611E-03    3.8492880805E-03
3.7992798349E-03    3.7499165917E-03    3.7011901223E-03    3.6530923017E-03
3.6056151066E-03    3.5587506145E-03    3.5124910024E-03    3.4668285457E-03
3.4217556166E-03    3.3772646834E-03    3.3333483088E-03    3.2899991494E-03
3.2472099540E-03    3.2049735626E-03    3.1632829055E-03    3.1221310018E-03
3.0815109587E-03    3.0414159702E-03    3.0018393162E-03    2.9627743610E-03
2.9242145530E-03    2.8861534228E-03    2.8485845831E-03    2.8115017269E-03
2.7748986269E-03    2.7387691344E-03    2.7031071786E-03    2.6679067651E-03
2.6331619755E-03    2.5988669662E-03    2.5650159674E-03    2.5316032824E-03
2.4986232864E-03    2.4660704260E-03    2.4339392181E-03    2.4022242490E-03
2.3709201734E-03    2.3400217140E-03    2.3095236602E-03    2.2794208676E-03
2.2497082569E-03    2.2203808134E-03    2.1914335858E-03    2.1628616858E-03
2.1346602871E-03    2.1068246246E-03    2.0793499940E-03    2.0522317503E-03
2.0254653079E-03    1.9990461394E-03    1.9729697749E-03    1.9472318013E-03
1.9218278617E-03    1.8967536546E-03    1.8720049333E-03    1.8475775051E-03
1.8234672305E-03    1.7996700231E-03    1.7761818482E-03    1.7529987227E-03
1.7301167142E-03    1.7075319403E-03    1.6852405683E-03    1.6632388142E-03
1.6415229424E-03    1.6200892649E-03    1.5989341406E-03    1.5780539752E-03
1.5574452200E-03    1.5371043716E-03    1.5170279717E-03    1.4972126057E-03
1.4776549029E-03    1.4583515356E-03    1.4392992187E-03    1.4204947090E-03
1.4019348048E-03    1.3836163455E-03    1.3655362106E-03    1.3476913197E-03
1.3300786320E-03    1.3126951454E-03    1.2955378962E-03    1.2786039588E-03
1.2618904450E-03    1.2453945036E-03    1.2291133199E-03    1.2130441153E-03
1.1971841468E-03    1.1815307066E-03    1.1660811216E-03    1.1508327529E-03
1.1357829956E-03    1.1209292780E-03    1.1062690617E-03    1.0917998405E-03
1.0775191408E-03    1.0634245203E-03    1.0495135685E-03    1.0357839055E-03
1.0222331821E-03    1.0088590794E-03    9.9565930811E-04    9.8263160846E-04
9.6977374970E-04    9.5708352976E-04    9.4455877487E-04    9.3219733924E-04
9.1999710465E-04    9.0795598017E-04    8.9607190173E-04    8.8434283184E-04
8.7276675923E-04    8.6134169853E-04    8.5006568991E-04    8.3893679879E-04
8.2795311550E-04    8.1711275496E-04    8.0641385640E-04    7.9585458300E-04
7.8543312161E-04    7.7514768247E-04    7.6499649887E-04    7.5497782687E-04
7.4508994504E-04    7.3533115413E-04    7.2569977683E-04    7.1619415744E-04
7.0681266165E-04    6.9755367620E-04    6.8841560869E-04    6.7939688723E-04
6.7049596026E-04    6.6171129624E-04    6.5304138340E-04    6.4448472949E-04
6.3603986155E-04    6.2770532564E-04    6.1947968659E-04    6.1136152780E-04
6.0334945095E-04    5.9544207580E-04    5.8763803997E-04    5.7993599868E-04
5.7233462454E-04    5.6483260731E-04    5.5742865372E-04    5.5012148722E-04
5.4290984775E-04    5.3579249157E-04    5.2876819106E-04    5.2183573444E-04
5.1499392566E-04    5.0824158411E-04    5.0157754448E-04    4.9500065657E-04
4.8850978503E-04    4.8210380925E-04    4.7578162310E-04    4.6954213483E-04
4.6338426678E-04    4.5730695529E-04    4.5130915047E-04    4.4538981602E-04
4.3954792910E-04    4.3378248010E-04    4.2809247251E-04    4.2247692276E-04
4.1693486000E-04    4.1146532600E-04    4.0606737494E-04    4.0074007327E-04
3.9548249955E-04    3.9029374430E-04    3.8517290983E-04    3.8011911011E-04
3.7513147061E-04    3.7020912814E-04    3.6535123072E-04    3.6055693743E-04
3.5582541827E-04    3.5115585401E-04    3.4654743607E-04    3.4199936636E-04
3.3751085715E-04    3.3308113095E-04    3.2870942039E-04    3.2439496805E-04
3.2013702634E-04    3.1593485740E-04    3.1178773296E-04    3.0769493422E-04
3.0365575170E-04    2.9966948515E-04    2.9573544345E-04    2.9185294443E-04
2.8802131483E-04    2.8423989010E-04    2.8050801437E-04    2.7682504027E-04
2.7319032888E-04    2.6960324957E-04    2.6606317992E-04    2.6256950561E-04
2.5912162031E-04    2.5571892559E-04    2.5236083081E-04    2.4904675300E-04
2.4577611679E-04    2.4254835429E-04    2.3936290502E-04    2.3621921578E-04
2.3311674058E-04    2.3005494054E-04    2.2703328381E-04    2.2405124545E-04
2.2110830736E-04    2.1820395819E-04    2.1533769326E-04    2.1250901445E-04
2.0971743014E-04    2.0696245510E-04    2.0424361046E-04    2.0156042355E-04
1.9891242788E-04    1.9629916305E-04    1.9372017463E-04    1.9117501415E-04
1.8866323896E-04    1.8618441219E-04    1.8373810266E-04    1.8132388482E-04
1.7894133868E-04    1.7659004971E-04    1.7426960879E-04    1.7197961214E-04
1.6971966125E-04    1.6748936280E-04    1.6528832860E-04    1.6311617553E-04
1.6097252547E-04    1.5885700524E-04    1.5676924651E-04    1.5470888578E-04
1.5267556428E-04    1.5066892792E-04    1.4868862725E-04    1.4673431737E-04
1.4480565787E-04    1.4290231279E-04    1.4102395058E-04    1.3917024399E-04
1.3734087006E-04    1.3553551005E-04    1.3375384936E-04    1.3199557753E-04
1.3026038812E-04    1.2854797873E-04    1.2685805087E-04    1.2519030999E-04
1.2354446536E-04    1.2192023005E-04    1.2031732090E-04    1.1873545842E-04
1.1717436681E-04    1.1563377384E-04    1.1411341084E-04    1.1261301268E-04
1.1113231767E-04    1.0967106754E-04    1.0822900740E-04    1.0680588571E-04
1.0540145419E-04    1.0401546783E-04    1.0264768481E-04    1.0129786647E-04
9.9965777282E-05    9.8651184786E-05    9.7353859569E-05    9.6073575213E-05
9.4810108262E-05    9.3563238191E-05    9.2332747352E-05    9.1118420947E-05
8.9920046987E-05    8.8737416254E-05    8.7570322269E-05    8.6418561254E-05
8.5281932098E-05    8.4160236319E-05    8.3053278028E-05    8.1960863912E-05
8.0882803181E-05    7.9818907541E-05    7.8768991164E-05    7.7732870653E-05
7.6710365012E-05    7.5701295612E-05    7.4705486166E-05    7.3722762692E-05
7.2752953481E-05    7.1795889080E-05    7.0851402255E-05    6.9919327957E-05
6.8999503301E-05    6.8091767532E-05    6.7195962002E-05    6.6311930140E-05
6.5439517425E-05    6.4578571360E-05    6.3728941442E-05    6.2890479142E-05
6.2063037879E-05    6.1246472991E-05    6.0440641709E-05    5.9645403136E-05
5.8860618219E-05    5.8086149728E-05    5.7321862229E-05    5.6567622064E-05
5.5823297327E-05    5.5088757833E-05    5.4363875113E-05    5.3648522379E-05
5.2942574502E-05    5.2245907994E-05    5.1558400986E-05    5.0879933204E-05
5.0210385953E-05    4.9549642091E-05    4.8897586012E-05    4.8254103628E-05
4.7619082337E-05    4.6992411027E-05    4.6373980036E-05    4.5763681139E-05
4.5161407532E-05    4.4567053809E-05    4.3980515947E-05    4.3401691286E-05
4.2830478514E-05    4.2266777645E-05    4.1710490004E-05    4.1161518209E-05
4.0619766161E-05    4.0085139018E-05    3.9557543180E-05    3.9036886278E-05
3.8523077150E-05    3.8016025834E-05    3.7515643545E-05    3.7021842664E-05
3.6534536720E-05    3.6053640376E-05    3.5579069414E-05    3.5110740726E-05
3.4648572289E-05    3.4192483159E-05    3.3742393453E-05    3.3298224336E-05
3.2859898006E-05    3.2427337683E-05    3.2000467595E-05    3.1579212964E-05