0  -3.864910128e-12
0.01  0.0011951575159
0.02  0.0023933286177
0.03  0.0035975266048
0.04  0.0048107641569
0.05  0.0060360528979
0.06  0.0072764028131
0.07  0.0085348214733
0.08  0.009814313025
0.09  0.01111787691
0.1  0.012448506282
0.11  0.013809186092
0.12  0.015202890828
0.13  0.016632581885
0.14  0.018101204576
0.15  0.019611684759
0.16  0.021166925117
0.17  0.022769801076
0.18  0.024423156413
0.19  0.026129798545
0.2  0.027892493575
0.21  0.029713961098
0.22  0.03159686883
0.23  0.033543827113
0.24  0.035557383323
0.25  0.037640016275
0.26  0.039794130636
0.27  0.042022051448
0.28  0.044326018776
0.29  0.046708182572
0.3  0.049170597783
0.31  0.051715219769
0.32  0.054343900069
0.33  0.057058382559
0.34  0.059860300045
0.35  0.062751171308
0.36  0.065732398638
0.37  0.068805265868
0.38  0.071970936918
0.39  0.075230454853
0.4  0.078584741446
0.41  0.082034597244
0.42  0.085580702098
0.43  0.089223616154
0.44  0.092963781258
0.45  0.096801522728
0.46  0.10073705148
0.47  0.10477046642
0.48  0.10890175708
0.49  0.11313080643
0.5  0.11745739383
0.51  0.12188119802
0.52  0.12640180012
0.53  0.13101868663
0.54  0.13573125226
0.55  0.1405388027
0.56  0.14544055707
0.57  0.1504356503
0.58  0.15552313506
0.59  0.16070198354
0.6  0.16597108883
0.61  0.17132926596
0.62  0.17677525265
0.63  0.18230770968
0.64  0.18792522091
0.65  0.19362629306
0.66  0.19940935507
0.67  0.20527275738
0.68  0.2112147708
0.69  0.21723358534
0.7  0.22332730884
0.71  0.22949396559
0.72  0.23573149485
0.73  0.24203774951
0.74  0.2484104948
0.75  0.25484740717
0.76  0.26134607347
0.77  0.26790399037
0.78  0.27451856411
0.79  0.28118711076
0.8  0.28790685681
0.81  0.29467494039
0.82  0.30148841293
0.83  0.30834424141
0.84  0.31523931127
0.85  0.3221704298
0.86  0.32913433027
0.87  0.33612767652
0.88  0.34314706827
0.89  0.35018904688
0.9  0.35725010172
0.91  0.36432667696
0.92  0.37141517882
0.93  0.37851198323
0.94  0.38561344372
0.95  0.39271589963
0.96  0.3998156844
0.97  0.40690913406
0.98  0.41399259556
0.99  0.42106243518
1  0.42811504665
1.01  0.43514685905
1.02  0.44215434443
1.03  0.44913402496
1.04  0.45608247959
1.05  0.46299635022
1.06  0.46987234721
1.07  0.47670725426
1.08  0.48349793257
1.09  0.49024132426
1.1  0.49693445512
1.11  0.50357443644
1.12  0.51015846624
1.13  0.51668382959
1.14  0.52314789839
1.15  0.52954813022
1.16  0.53588206675
1.17  0.54214733142
1.18  0.54834162665
1.19  0.55446273053
1.2  0.56050849317
1.21  0.56647683277
1.22  0.57236573137
1.23  0.57817323066
1.24  0.58389742757
1.25  0.58953647012
1.26  0.59508855332
1.27  0.60055191539
1.28  0.60592483433
1.29  0.61120562496
1.3  0.61639263639
1.31  0.62148425023
1.32  0.62647887934
1.33  0.63137496735
1.34  0.63617098892
1.35  0.64086545081
1.36  0.64545689369
1.37  0.64994389485
1.38  0.65432507168
1.39  0.65859908593
1.4  0.66276464876
1.41  0.66682052647
1.42  0.67076554694
1.43  0.67459860662
1.44  0.67831867813
1.45  0.68192481818
1.46  0.68541617595
1.47  0.68879200166
1.48  0.69205165533
1.49  0.69519461553
1.5  0.69822048808
1.51  0.70112901466
1.52  0.70392008096
1.53  0.70659372459
1.54  0.70915014243
1.55  0.71158969759
1.56  0.71391292483
1.57  0.71612053632
1.58  0.71821342682
1.59  0.72019267521
1.6  0.72205955303
1.61  0.72381549768
1.62  0.72546207796
1.63  0.72700093733
1.64  0.72843370671
1.65  0.72976199746
1.66  0.73098740265
1.67  0.732111502
1.68  0.73313589079
1.69  0.73406216573
1.7  0.73489190899
1.71  0.73562669387
1.72  0.73626808814
1.73  0.73681765173
1.74  0.73727693567
1.75  0.73764748183
1.76  0.73793082264
1.77  0.73812848056
1.78  0.73824196776
1.79  0.73827278573
1.8  0.738222425
1.81  0.73809236475
1.82  0.73788407261
1.83  0.7375990043
1.84  0.73723860346
1.85  0.73680430134
1.86  0.73629751663
1.87  0.73571965523
1.88  0.73507211006
1.89  0.73435626087
1.9  0.7335734741
1.91  0.7327251027
1.92  0.73181248601
1.93  0.73083694961
1.94  0.72979980521
1.95  0.72870235054
1.96  0.72754586925
1.97  0.72633163083
1.98  0.72506089054
1.99  0.7237348893
2  0.72235485369
2.01  0.72092199586
2.02  0.71943751349
2.03  0.71790258978
2.04  0.71631839341
2.05  0.71468607852
2.06  0.71300678473
2.07  0.71128163709
2.08  0.70951174612
2.09  0.70769820784
2.1  0.70584210373
2.11  0.70394450081
2.12  0.70200645166
2.13  0.70002899444
2.14  0.69801315297
2.15  0.69595993673
2.16  0.69387034096
2.17  0.69174534669
2.18  0.68958592084
2.19  0.68739301623
2.2  0.68516757173
2.21  0.68291051228
2.22  0.680622749
2.23  0.67830517925
2.24  0.67595868675
2.25  0.67358414167
2.26  0.6711824007
2.27  0.66875430717
2.28  0.66630069116
2.29  0.66382236957
2.3  0.66132014627
2.31  0.65879481218
2.32  0.6562471454
2.33  0.6536779113
2.34  0.65108786265
2.35  0.64847773976
2.36  0.64584827055
2.37  0.64320017072
2.38  0.64053414382
2.39  0.63785088144
2.4  0.63515106326
2.41  0.63243535722
2.42  0.62970441964
2.43  0.62695889535
2.44  0.62419941778
2.45  0.62142660915
2.46  0.61864108054
2.47  0.61584343205
2.48  0.61303425292
2.49  0.61021412166
2.5  0.60738360618
2.51  0.60454326392
2.52  0.60169364194
2.53  0.59883527714
2.54  0.59596869628
2.55  0.5930944162
2.56  0.59021294387
2.57  0.58732477657
2.58  0.58443040202
2.59  0.58153029845
2.6  0.57862493477
2.61  0.57571477072
2.62  0.57280025692
2.63  0.56988183506
2.64  0.56695993798
2.65  0.56403498983
2.66  0.56110740615
2.67  0.55817759403
2.68  0.5552459522
2.69  0.55231287116
2.7  0.54937873331
2.71  0.54644391303
2.72  0.54350877685
2.73  0.54057368352
2.74  0.53763898414
2.75  0.53470502228
2.76  0.53177213407
2.77  0.52884064834
2.78  0.52591088671
2.79  0.5229831637
2.8  0.52005778684
2.81  0.51713505679
2.82  0.51421526743
2.83  0.51129870596
2.84  0.508385653
2.85  0.50547638274
2.86  0.50257116297
2.87  0.49967025522
2.88  0.49677391487
2.89  0.49388239122
2.9  0.49099592758
2.91  0.4881147614
2.92  0.48523912435
2.93  0.4823692424
2.94  0.47950533592
2.95  0.47664761977
2.96  0.47379630341
2.97  0.47095159094
2.98  0.46811368125
2.99  0.46528276805
3  0.46245903999
3.01  0.45964268073
3.02  0.45683386903
3.03  0.45403277882
3.04  0.45123957931
3.05  0.44845443503
3.06  0.44567750593
3.07  0.44290894747
3.08  0.44014891068
3.09  0.43739754221
3.1  0.43465498448
3.11  0.43192137567
3.12  0.42919684985
3.13  0.42648153703
3.14  0.42377556322
3.15  0.42107905052
3.16  0.4183921172
3.17  0.4157148777
3.18  0.4130474428
3.19  0.4103899196
3.2  0.40774241163
3.21  0.40510501888
3.22  0.40247783792
3.23  0.39986096188
3.24  0.39725448061
3.25  0.39465848065
3.26  0.39207304533
3.27  0.38949825485
3.28  0.3869341863
3.29  0.38438091373
3.3  0.38183850822
3.31  0.37930703791
3.32  0.37678656807
3.33  0.37427716116
3.34  0.37177887689
3.35  0.36929177222
3.36  0.36681590148
3.37  0.36435131638
3.38  0.36189806608
3.39  0.35945619721
3.4  0.35702575396
3.41  0.3546067781
3.42  0.35219930903
3.43  0.34980338384
3.44  0.34741903733
3.45  0.34504630208
3.46  0.34268520849
3.47  0.34033578482
3.48  0.33799805722
3.49  0.33567204981
3.5  0.33335778467
3.51  0.33105528192
3.52  0.32876455976
3.53  0.32648563449
3.54  0.32421852055
3.55  0.32196323057
3.56  0.31971977543
3.57  0.31748816424
3.58  0.31526840443
3.59  0.31306050176
3.6  0.31086446037
3.61  0.30868028279
3.62  0.30650797002
3.63  0.30434752152
3.64  0.30219893525
3.65  0.30006220774
3.66  0.29793733409
3.67  0.29582430799
3.68  0.29372312179
3.69  0.29163376652
3.7  0.28955623188
3.71  0.28749050633
3.72  0.28543657709
3.73  0.28339443016
3.74  0.28136405036
3.75  0.27934542139
3.76  0.27733852578
3.77  0.275343345
3.78  0.27335985944
3.79  0.27138804844
3.8  0.26942789033
3.81  0.26747936245
3.82  0.26554244117
3.83  0.26361710194
3.84  0.26170331926
3.85  0.25980106676
3.86  0.2579103172
3.87  0.2560310425
3.88  0.25416321373
3.89  0.2523068012
3.9  0.2504617744
3.91  0.24862810211
3.92  0.24680575232
3.93  0.24499469236
3.94  0.24319488884
3.95  0.24140630768
3.96  0.23962891418
3.97  0.237862673
3.98  0.23610754815
3.99  0.2343635031
4  0.23263050069
4.01  0.23090850323
4.02  0.22919747248
4.03  0.22749736969
4.04  0.22580815558
4.05  0.22412979039
4.06  0.22246223389
4.07  0.22080544539
4.08  0.21915938376
4.09  0.21752400744
4.1  0.21589927446
4.11  0.21428514247
4.12  0.21268156873
4.13  0.21108851011
4.14  0.20950592317
4.15  0.2079337641
4.16  0.20637198879
4.17  0.20482055281
4.18  0.20327941141
4.19  0.20174851961
4.2  0.20022783209
4.21  0.19871730333
4.22  0.19721688753
4.23  0.19572653867
4.24  0.19424621049
4.25  0.19277585653
4.26  0.19131543014
4.27  0.18986488445
4.28  0.18842417243
4.29  0.18699324689
4.3  0.18557206046
4.31  0.18416056564
4.32  0.18275871478
4.33  0.18136646011
4.34  0.17998375373
4.35  0.17861054765
4.36  0.17724679375
4.37  0.17589244384
4.38  0.17454744964
4.39  0.1732117628
4.4  0.1718853349
4.41  0.17056811745
4.42  0.16926006193
4.43  0.16796111977
4.44  0.16667124235
4.45  0.16539038105
4.46  0.1641184872
4.47  0.16285551214
4.48  0.16160140719
4.49  0.16035612368
4.5  0.15911961293
4.51  0.1578918263
4.52  0.15667271514
4.53  0.15546223085
4.54  0.15426032484
4.55  0.15306694858
4.56  0.15188205356
4.57  0.15070559133
4.58  0.14953751351
4.59  0.14837777175
4.6  0.14722631778
4.61  0.14608310339
4.62  0.14494808046
4.63  0.14382120094
4.64  0.14270241686
4.65  0.14159168035
4.66  0.14048894361
4.67  0.13939415895
4.68  0.1383072788
4.69  0.13722825566
4.7  0.13615704216
4.71  0.13509359103
4.72  0.13403785514
4.73  0.13298978745
4.74  0.13194934106
4.75  0.1309164692
4.76  0.12989112522
4.77  0.1288732626
4.78  0.12786283496
4.79  0.12685979608
4.8  0.12586409984
4.81  0.12487570031
4.82  0.12389455168
4.83  0.12292060829
4.84  0.12195382464
4.85  0.12099415539
4.86  0.12004155535
4.87  0.11909597949
4.88  0.11815738295
4.89  0.11722572102
4.9  0.11630094917
4.91  0.11538302303
4.92  0.11447189841
4.93  0.11356753127
4.94  0.11266987777
4.95  0.11177889424
4.96  0.11089453717
4.97  0.11001676324
4.98  0.10914552932
4.99  0.10828079245
5  0.10742250985
5.01  0.10657063893
5.02  0.10572513728
5.03  0.1048859627
5.04  0.10405307315
5.05  0.10322642678
5.06  0.10240598195
5.07  0.1015916972
5.08  0.10078353126
5.09  0.099981443052
5.1  0.099185391701
5.11  0.098395336517
5.12  0.09761123701
5.13  0.096833052885
5.14  0.096060744043
5.15  0.095294270582
5.16  0.094533592798
5.17  0.093778671188
5.18  0.093029466442
5.19  0.092285939456
5.2  0.091548051319
5.21  0.090815763326
5.22  0.090089036967
5.23  0.089367833935
5.24  0.088652116126
5.25  0.087941845632
5.26  0.08723698475
5.27  0.086537495977
5.28  0.085843342011
5.29  0.085154485753
5.3  0.084470890305
5.31  0.083792518968
5.32  0.083119335249
5.33  0.082451302854
5.34  0.081788385689
5.35  0.081130547865
5.36  0.080477753692
5.37  0.079829967681
5.38  0.079187154545
5.39  0.078549279197
5.4  0.07791630675
5.41  0.077288202518
5.42  0.076664932016
5.43  0.076046460957
5.44  0.075432755255
5.45  0.07482378102
5.46  0.074219504566
5.47  0.0736198924
5.48  0.07302491123
5.49  0.072434527961
5.5  0.071848709696
5.51  0.071267423732
5.52  0.070690637566
5.53  0.070118318887
5.54  0.069550435583
5.55  0.068986955734
5.56  0.068427847615
5.57  0.067873079696
5.58  0.067322620639
5.59  0.066776439298
5.6  0.066234504721
5.61  0.065696786147
5.62  0.065163253004
5.63  0.064633874912
5.64  0.06410862168
5.65  0.063587463307
5.66  0.06307036998
5.67  0.062557312072
5.68  0.062048260146
5.69  0.061543184949
5.7  0.061042057414
5.71  0.060544848661
5.72  0.060051529992
5.73  0.059562072894
5.74  0.059076449036
5.75  0.05859463027
5.76  0.058116588629
5.77  0.057642296326
5.78  0.057171725755
5.79  0.056704849488
5.8  0.056241640278
5.81  0.055782071054
5.82  0.05532611492
5.83  0.05487374516
5.84  0.05442493523
5.85  0.053979658763
5.86  0.053537889564
5.87  0.053099601612
5.88  0.052664769059
5.89  0.052233366226
5.9  0.051805367607
5.91  0.051380747865
5.92  0.05095948183
5.93  0.050541544504
5.94  0.050126911054
5.95  0.049715556813
5.96  0.04930745728
5.97  0.048902588122
5.98  0.048500925165
5.99  0.048102444403
6  0.047707121988
6.01  0.047314934237
6.02  0.046925857627
6.03  0.046539868793
6.04  0.046156944533
6.05  0.045777061798
6.06  0.045400197701
6.07  0.045026329509
6.08  0.044655434646
6.09  0.044287490691
6.1  0.043922475375
6.11  0.043560366585
6.12  0.043201142359
6.13  0.042844780887
6.14  0.042491260509
6.15  0.042140559716
6.16  0.041792657146
6.17  0.041447531588
6.18  0.041105161977
6.19  0.040765527395
6.2  0.040428607068
6.21  0.040094380369
6.22  0.039762826814
6.23  0.039433926063
6.24  0.039107657918
6.25  0.038784002322
6.26  0.03846293936
6.27  0.038144449256
6.28  0.037828512373
6.29  0.037515109213
6.3  0.037204220416
6.31  0.036895826757
6.32  0.036589909147
6.33  0.036286448634
6.34  0.035985426399
6.35  0.035686823756
6.36  0.035390622152
6.37  0.035096803166
6.38  0.034805348509
6.39  0.034516240019
6.4  0.034229459668
6.41  0.033944989552
6.42  0.033662811899
6.43  0.033382909062
6.44  0.033105263519
6.45  0.032829857877
6.46  0.032556674864
6.47  0.032285697335
6.48  0.032016908266
6.49  0.031750290756
6.5  0.031485828027
6.51  0.031223503421
6.52  0.030963300399
6.53  0.030705202542
6.54  0.03044919355
6.55  0.030195257242
6.56  0.029943377552
6.57  0.02969353853
6.58  0.029445724345
6.59  0.029199919277
6.6  0.028956107723
6.61  0.028714274191
6.62  0.028474403304
6.63  0.028236479795
6.64  0.028000488509
6.65  0.027766414403
6.66  0.02753424254
6.67  0.027303958097
6.68  0.027075546355
6.69  0.026848992704
6.7  0.026624282644
6.71  0.026401401776
6.72  0.02618033581
6.73  0.025961070561
6.74  0.025743591946
6.75  0.025527885987
6.76  0.025313938809
6.77  0.025101736638
6.78  0.024891265803
6.79  0.024682512732
6.8  0.024475463954
6.81  0.024270106098
6.82  0.02406642589
6.83  0.023864410157
6.84  0.02366404582
6.85  0.0234653199
6.86  0.023268219512
6.87  0.023072731867
6.88  0.022878844271
6.89  0.022686544125
6.9  0.022495818923
6.91  0.022306656251
6.92  0.022119043788
6.93  0.021932969307
6.94  0.021748420668
6.95  0.021565385824
6.96  0.021383852817
6.97  0.021203809779
6.98  0.021025244931
6.99  0.02084814658
7  0.020672503122
7.01  0.02049830304
7.02  0.020325534903
7.03  0.020154187364
7.04  0.019984249164
7.05  0.019815709126
7.06  0.019648556158
7.07  0.019482779252
7.08  0.019318367481
7.09  0.019155310001
7.1  0.01899359605
7.11  0.018833214948
7.12  0.018674156092
7.13  0.018516408963
7.14  0.018359963118
7.15  0.018204808196
7.16  0.018050933911
7.17  0.017898330058
7.18  0.017746986506
7.19  0.017596893204
7.2  0.017448040173
7.21  0.017300417514
7.22  0.0171540154
7.23  0.01700882408
7.24  0.016864833875
7.25  0.016722035183
7.26  0.016580418472
7.27  0.016439974284
7.28  0.016300693231
7.29  0.016162565999
7.3  0.016025583344
7.31  0.015889736091
7.32  0.015755015138
7.33  0.015621411449
7.34  0.015488916059
7.35  0.015357520071
7.36  0.015227214657
7.37  0.015097991054
7.38  0.014969840569
7.39  0.014842754573
7.4  0.014716724505
7.41  0.014591741869
7.42  0.014467798233
7.43  0.014344885232
7.44  0.014222994562
7.45  0.014102117987
7.46  0.01398224733
7.47  0.01386337448
7.48  0.013745491386
7.49  0.013628590062
7.5  0.01351266258
7.51  0.013397701075
7.52  0.013283697743
7.53  0.01317064484
7.54  0.01305853468
7.55  0.012947359638
7.56  0.012837112149
7.57  0.012727784703
7.58  0.012619369852
7.59  0.012511860203
7.6  0.01240524842
7.61  0.012299527227
7.62  0.012194689401
7.63  0.012090727776
7.64  0.011987635242
7.65  0.011885404745
7.66  0.011784029284
7.67  0.011683501912
7.68  0.01158381574
7.69  0.011484963927
7.7  0.01138693969
7.71  0.011289736296
7.72  0.011193347065
7.73  0.01109776537
7.74  0.011002984635
7.75  0.010908998335
7.76  0.010815799996
7.77  0.010723383196
7.78  0.01063174156
7.79  0.010540868766
7.8  0.010450758541
7.81  0.010361404658
7.82  0.010272800944
7.83  0.010184941269
7.84  0.010097819555
7.85  0.01001142977
7.86  0.009925765928
7.87  0.0098408220929
7.88  0.0097565923731
7.89  0.0096730709241
7.9  0.009590251947
7.91  0.0095081296886
7.92  0.0094266984411
7.93  0.0093459525413
7.94  0.0092658863708
7.95  0.0091864943556
7.96  0.0091077709654
7.97  0.0090297107134
7.98  0.0089523081565
7.99  0.0088755578942
8  0.0087994545687
8.01  0.0087239928647
8.02  0.0086491675087
8.03  0.008574973269
8.04  0.0085014049552
8.05  0.0084284574182
8.06  0.0083561255494
8.07  0.0082844042809
8.08  0.0082132885847
8.09  0.0081427734728
8.1  0.0080728539969
8.11  0.0080035252478
8.12  0.0079347823553
8.13  0.0078666204879
8.14  0.0077990348525
8.15  0.0077320206941
8.16  0.0076655732956
8.17  0.0075996879772
8.18  0.0075343600965
8.19  0.0074695850482
8.2  0.0074053582635
8.21  0.0073416752102
8.22  0.0072785313919
8.23  0.0072159223485
8.24  0.0071538436553
8.25  0.0070922909228
8.26  0.0070312597967
8.27  0.0069707459576
8.28  0.0069107451204
8.29  0.0068512530345
8.3  0.0067922654832
8.31  0.0067337782835
8.32  0.006675787286
8.33  0.0066182883746
8.34  0.0065612774659
8.35  0.0065047505096
8.36  0.0064487034878
8.37  0.0063931324146
8.38  0.0063380333364
8.39  0.0062834023312
8.4  0.0062292355086
8.41  0.0061755290094
8.42  0.0061222790055
8.43  0.0060694816995
8.44  0.0060171333247
8.45  0.0059652301445
8.46  0.0059137684528
8.47  0.0058627445729
8.48  0.005812154858
8.49  0.0057619956908
8.5  0.0057122634829
8.51  0.0056629546751
8.52  0.0056140657368
8.53  0.005565593166
8.54  0.005517533489
8.55  0.0054698832601
8.56  0.0054226390615
8.57  0.005375797503
8.58  0.0053293552221
8.59  0.0052833088831
8.6  0.0052376551778
8.61  0.0051923908243
8.62  0.0051475125676
8.63  0.0051030171792
8.64  0.0050589014565
8.65  0.005015162223
8.66  0.0049717963281
8.67  0.0049288006466
8.68  0.0048861720789
8.69  0.0048439075504
8.7  0.0048020040115
8.71  0.0047604584376
8.72  0.0047192678286
8.73  0.0046784292086
8.74  0.0046379396263
8.75  0.0045977961543
8.76  0.0045579958889
8.77  0.0045185359503
8.78  0.0044794134819
8.79  0.0044406256507
8.8  0.0044021696467
8.81  0.0043640426828
8.82  0.0043262419947
8.83  0.0042887648406
8.84  0.0042516085013
8.85  0.0042147702795
8.86  0.0041782475003
8.87  0.0041420375104
8.88  0.0041061376785
8.89  0.0040705453946
8.9  0.0040352580702
8.91  0.0040002731379
8.92  0.0039655880514
8.93  0.0039312002852
8.94  0.0038971073348
8.95  0.0038633067158
8.96  0.0038297959644
8.97  0.0037965726372
8.98  0.0037636343106
8.99  0.0037309785809
9  0.0036986030644
9.01  0.0036665053967
9.02  0.0036346832331
9.03  0.0036031342479
9.04  0.0035718561349
9.05  0.0035408466065
9.06  0.0035101033941
9.07  0.0034796242479
9.08  0.0034494069364
9.09  0.0034194492467
9.1  0.0033897489841
9.11  0.0033603039717
9.12  0.0033311120511
9.13  0.0033021710812
9.14  0.0032734789388
9.15  0.0032450335184
9.16  0.0032168327314
9.17  0.003188874507
9.18  0.0031611567912
9.19  0.0031336775469
9.2  0.0031064347542
9.21  0.0030794264096
9.22  0.0030526505263
9.23  0.0030261051339
9.24  0.0029997882783
9.25  0.0029736980216
9.26  0.0029478324421
9.27  0.0029221896337
9.28  0.0028967677065
9.29  0.0028715647859
9.3  0.002846579013
9.31  0.0028218085445
9.32  0.002797251552
9.33  0.0027729062227
9.34  0.0027487707585
9.35  0.0027248433766
9.36  0.0027011223086
9.37  0.002677605801
9.38  0.002654292115
9.39  0.0026311795261
9.4  0.0026082663242
9.41  0.0025855508134
9.42  0.0025630313118
9.43  0.0025407061518
9.44  0.0025185736795
9.45  0.0024966322546
9.46  0.0024748802509
9.47  0.0024533160554
9.48  0.0024319380686
9.49  0.0024107447044
9.5  0.00238973439
9.51  0.0023689055656
9.52  0.0023482566845
9.53  0.0023277862129
9.54  0.0023074926297
9.55  0.0022873744265
9.56  0.0022674301078
9.57  0.0022476581903
9.58  0.0022280572032
9.59  0.0022086256879
9.6  0.0021893621981
9.61  0.0021702652996
9.62  0.0021513335702
9.63  0.0021325655996
9.64  0.0021139599893
9.65  0.0020955153524
9.66  0.0020772303138
9.67  0.0020591035098
9.68  0.0020411335882
9.69  0.0020233192081
9.7  0.0020056590399
9.71  0.001988151765
9.72  0.0019707960759
9.73  0.0019535906763
9.74  0.0019365342805
9.75  0.0019196256137
9.76  0.0019028634119
9.77  0.0018862464216
9.78  0.0018697733997
9.79  0.0018534431139
9.8  0.001837254342
9.81  0.0018212058721
9.82  0.0018052965025
9.83  0.0017895250417
9.84  0.0017738903081
9.85  0.0017583911301
9.86  0.0017430263461
9.87  0.0017277948039
9.88  0.0017126953615
9.89  0.0016977268861
9.9  0.0016828882546
9.91  0.0016681783535
9.92  0.0016535960785
9.93  0.0016391403346
9.94  0.0016248100361
9.95  0.0016106041066
9.96  0.0015965214785
9.97  0.0015825610934
9.98  0.0015687219018
9.99  0.001555002863
10  0.0015414029452
10.01  0.0015279211252
10.02  0.0015145563885
10.03  0.0015013077291
10.04  0.0014881741496
10.05  0.001475154661
10.06  0.0014622482827
10.07  0.0014494540423
10.08  0.0014367709757
10.09  0.0014241981269
10.1  0.001411734548
10.11  0.0013993792992
10.12  0.0013871314485
10.13  0.0013749900721
10.14  0.0013629542536
10.15  0.0013510230846
10.16  0.0013391956645
10.17  0.0013274711001
10.18  0.001315848506
10.19  0.001304327004
10.2  0.0012929057237
10.21  0.0012815838017
10.22  0.0012703603824
10.23  0.0012592346171
10.24  0.0012482056643
10.25  0.0012372726898
10.26  0.0012264348665
10.27  0.0012156913742
10.28  0.0012050413996
10.29  0.0011944841366
10.3  0.0011840187857
10.31  0.0011736445542
10.32  0.0011633606563
10.33  0.0011531663127
10.34  0.0011430607509
10.35  0.0011330432048
10.36  0.001123112915
10.37  0.0011132691283
10.38  0.0011035110982
10.39  0.0010938380843
10.4  0.0010842493528
10.41  0.0010747441758
10.42  0.0010653218318
10.43  0.0010559816055
10.44  0.0010467227876
10.45  0.0010375446747
10.46  0.0010284465697
10.47  0.0010194277812
10.48  0.0010104876238
10.49  0.001001625418
10.5  0.00099284048993
10.51  0.00098413217157
10.52  0.00097549980061
10.53  0.00096694272034
10.54  0.00095846027971
10.55  0.00095005183317
10.56  0.00094171674072
10.57  0.00093345436782
10.58  0.00092526408533
10.59  0.0009171452695
10.6  0.0009090973019
10.61  0.0009011195694
10.62  0.00089321146409
10.63  0.00088537238327
10.64  0.00087760172938
10.65  0.00086989890997
10.66  0.00086226333766
10.67  0.0008546944301
10.68  0.00084719160992
10.69  0.00083975430467
10.7  0.00083238194682
10.71  0.00082507397369
10.72  0.00081782982743
10.73  0.00081064895493
10.74  0.00080353080786
10.75  0.00079647484255
10.76  0.00078948052001
10.77  0.00078254730585
10.78  0.00077567467027
10.79  0.000768862088
10.8  0.00076210903829
10.81  0.00075541500483
10.82  0.00074877947575
10.83  0.00074220194356
10.84  0.00073568190515
10.85  0.00072921886168
10.86  0.00072281231863
10.87  0.0007164617857
10.88  0.0007101667768
10.89  0.00070392681001
10.9  0.00069774140757
10.91  0.00069161009579
10.92  0.00068553240505
10.93  0.00067950786979
10.94  0.00067353602842
10.95  0.00066761642332
10.96  0.00066174860081
10.97  0.00065593211111
10.98  0.00065016650829
10.99  0.00064445135028
11  0.00063878619878
11.01  0.00063317061927
11.02  0.00062760418096
11.03  0.00062208645679
11.04  0.00061661702333
11.05  0.00061119546084
11.06  0.00060582135315
11.07  0.00060049428769
11.08  0.00059521385543
11.09  0.00058997965088
11.1  0.00058479127202
11.11  0.00057964832031
11.12  0.00057455040063
11.13  0.00056949712126
11.14  0.00056448809385
11.15  0.00055952293341
11.16  0.00055460125825
11.17  0.00054972268999
11.18  0.00054488685348
11.19  0.00054009337684
11.2  0.00053534189136
11.21  0.00053063203152
11.22  0.00052596343496
11.23  0.00052133574244
11.24  0.00051674859782
11.25  0.00051220164803
11.26  0.00050769454304
11.27  0.00050322693584
11.28  0.00049879848243
11.29  0.00049440884175
11.3  0.00049005767572
11.31  0.00048574464913
11.32  0.00048146942971
11.33  0.00047723168803
11.34  0.00047303109752
11.35  0.00046886733442
11.36  0.00046474007776
11.37  0.00046064900936
11.38  0.00045659381379
11.39  0.00045257417832
11.4  0.00044858979294
11.41  0.00044464035033
11.42  0.0004407255458
11.43  0.00043684507731
11.44  0.00043299864542
11.45  0.0004291859533
11.46  0.00042540670665
11.47  0.00042166061376
11.48  0.0004179473854
11.49  0.00041426673487
11.5  0.00041061837794
11.51  0.00040700203284
11.52  0.00040341742024
11.53  0.00039986426323
11.54  0.00039634228729
11.55  0.00039285122027
11.56  0.00038939079239
11.57  0.00038596073619
11.58  0.00038256078655
11.59  0.00037919068063
11.6  0.00037585015785
11.61  0.00037253895991
11.62  0.00036925683074
11.63  0.0003660035165
11.64  0.00036277876552
11.65  0.00035958232833
11.66  0.00035641395764
11.67  0.00035327340827
11.68  0.00035016043718
11.69  0.00034707480344
11.7  0.00034401626819
11.71  0.00034098459467
11.72  0.00033797954815
11.73  0.00033500089594
11.74  0.00033204840738
11.75  0.0003291218538
11.76  0.0003262210085
11.77  0.00032334564677
11.78  0.00032049554585
11.79  0.0003176704849
11.8  0.000314870245
11.81  0.00031209460912
11.82  0.00030934336215
11.83  0.0003066162908
11.84  0.00030391318365
11.85  0.00030123383114
11.86  0.00029857802549
11.87  0.00029594556075
11.88  0.00029333623275
11.89  0.00029074983909
11.9  0.00028818617914
11.91  0.00028564505399
11.92  0.00028312626648
11.93  0.00028062962117
11.94  0.00027815492429
11.95  0.00027570198378
11.96  0.00027327060922
11.97  0.00027086061188
11.98  0.00026847180465
11.99  0.00026610400204
12  0.00026375702019
12.01  0.00026143067684
12.02  0.00025912479129
12.03  0.00025683918443
12.04  0.00025457367871
12.05  0.00025232809811
12.06  0.00025010226816
12.07  0.0002478960159
12.08  0.00024570916987
12.09  0.00024354156011
12.1  0.00024139301812
12.11  0.0002392633769
12.12  0.00023715247087
12.13  0.00023506013592
12.14  0.00023298620933
12.15  0.00023093052984
12.16  0.00022889293757
12.17  0.00022687327403
12.18  0.00022487138212
12.19  0.0002228871061
12.2  0.0002209202916
12.21  0.00021897078558
12.22  0.00021703843633
12.23  0.00021512309349
12.24  0.00021322460797
12.25  0.00021134283201
12.26  0.00020947761913
12.27  0.00020762882411
12.28  0.00020579630302
12.29  0.00020397991317
12.3  0.00020217951312
12.31  0.00020039496264
12.32  0.00019862612276
12.33  0.0001968728557
12.34  0.00019513502488
12.35  0.00019341249492
12.36  0.00019170513161
12.37  0.00019001280193
12.38  0.00018833537399
12.39  0.00018667271708
12.4  0.00018502470161
12.41  0.00018339119914
12.42  0.00018177208232
12.43  0.00018016722494
12.44  0.00017857650188
12.45  0.00017699978911
12.46  0.00017543696368
12.47  0.00017388790373
12.48  0.00017235248844
12.49  0.00017083059805
12.5  0.00016932211387
12.51  0.00016782691822
12.52  0.00016634489445
12.53  0.00016487592694
12.54  0.00016341990107
12.55  0.00016197670323
12.56  0.00016054622079
12.57  0.0001591283421
12.58  0.00015772295652
12.59  0.00015632995432
12.6  0.00015494922679
12.61  0.00015358066612
12.62  0.00015222416547
12.63  0.00015087961891
12.64  0.00014954692147
12.65  0.00014822596906
12.66  0.00014691665854
12.67  0.00014561888763
12.68  0.00014433255497
12.69  0.00014305756007
12.7  0.00014179380334
12.71  0.00014054118605
12.72  0.00013929961032
12.73  0.00013806897914
12.74  0.00013684919634
12.75  0.00013564016661
12.76  0.00013444179544
12.77  0.00013325398918
12.78  0.00013207665498
12.79  0.0001309097008
12.8  0.00012975303542
12.81  0.00012860656841
12.82  0.00012747021013
12.83  0.00012634387172
12.84  0.00012522746512
12.85  0.000124120903
12.86  0.00012302409883
12.87  0.00012193696683
12.88  0.00012085942195
12.89  0.00011979137991
12.9  0.00011873275716
12.91  0.00011768347087
12.92  0.00011664343894
12.93  0.00011561258001
12.94  0.00011459081339
12.95  0.00011357805913
12.96  0.00011257423798
12.97  0.00011157927138
12.98  0.00011059308143
12.99  0.00010961559095
13  0.00010864672342
13.01  0.00010768640298
13.02  0.00010673455447
13.03  0.00010579110334
13.04  0.00010485597572
13.05  0.0001039290984
13.06  0.00010301039878
13.07  0.00010209980491
13.08  0.00010119724548
13.09  0.00010030264979
13.1  9.9415947763e-05
13.11  9.8537069948e-05
13.12  9.7665947489e-05
13.13  9.680251214e-05
13.14  9.5946696251e-05
13.15  9.5098432765e-05
13.16  9.4257655212e-05
13.17  9.3424297707e-05
13.18  9.259829494e-05
13.19  9.1779582175e-05
13.2  9.0968095244e-05
13.21  9.0163770539e-05
13.22  8.9366545013e-05
13.23  8.857635617e-05
13.24  8.7793142062e-05
13.25  8.7016841279e-05
13.26  8.6247392962e-05
13.27  8.5484736777e-05
13.28  8.4728812922e-05
13.29  8.3979562119e-05
13.3  8.323692561e-05
13.31  8.2500845151e-05
13.32  8.1771263011e-05
13.33  8.1048121963e-05
13.34  8.0331365286e-05
13.35  7.9620936752e-05
13.36  7.8916780629e-05
13.37  7.8218841675e-05
13.38  7.752706513e-05
13.39  7.6841396715e-05
13.4  7.616178263e-05
13.41  7.548816954e-05
13.42  7.4820504588e-05
13.43  7.4158735376e-05
13.44  7.3502809968e-05
13.45  7.2852676882e-05
13.46  7.2208285088e-05
13.47  7.1569584003e-05
13.48  7.0936523492e-05
13.49  7.0309053855e-05
13.5  6.9687125833e-05
13.51  6.9070690595e-05
13.52  6.8459699743e-05
13.53  6.7854105302e-05
13.54  6.7253859718e-05
13.55  6.6658915854e-05
13.56  6.606922699e-05
13.57  6.5484746809e-05
13.58  6.490542941e-05
13.59  6.4331229292e-05
13.6  6.3762101354e-05
13.61  6.319800089e-05
13.62  6.2638883586e-05
13.63  6.208470552e-05
13.64  6.1535423153e-05
13.65  6.099099333e-05
13.66  6.0451373275e-05
13.67  5.9916520588e-05
13.68  5.9386393241e-05
13.69  5.8860949576e-05
13.7  5.8340148301e-05
13.71  5.7823948486e-05
13.72  5.7312309562e-05
13.73  5.6805191312e-05
13.74  5.6302553879e-05
13.75  5.5804357755e-05
13.76  5.5310563777e-05
13.77  5.4821133129e-05
13.78  5.4336027333e-05
13.79  5.3855208252e-05
13.8  5.3378638083e-05
13.81  5.2906279355e-05
13.82  5.2438094927e-05
13.83  5.1974047985e-05
13.84  5.1514102037e-05
13.85  5.1058220914e-05
13.86  5.0606368764e-05
13.87  5.0158510049e-05
13.88  4.9714609547e-05
13.89  4.9274632341e-05
13.9  4.8838543823e-05
13.91  4.8406309692e-05
13.92  4.7977895948e-05
13.93  4.7553268888e-05
13.94  4.7132395107e-05
13.95  4.6715241493e-05
13.96  4.6301775226e-05
13.97  4.5891963774e-05
13.98  4.5485774891e-05
13.99  4.5083176617e-05
14  4.4684137269e-05
14.01  4.4288625447e-05
14.02  4.3896610024e-05
14.03  4.3508060149e-05
14.04  4.3122945242e-05
14.05  4.2741234992e-05
14.06  4.2362899351e-05
14.07  4.1987908541e-05
14.08  4.1616233045e-05
14.09  4.1247843606e-05
14.1  4.0882711223e-05
14.11  4.052080715e-05
14.12  4.0162102896e-05
14.13  3.9806570219e-05
14.14  3.9454181126e-05
14.15  3.9104907871e-05
14.16  3.8758722952e-05
14.17  3.8415599108e-05
14.18  3.8075509319e-05
14.19  3.7738426804e-05
14.2  3.7404325016e-05
14.21  3.7073177643e-05
14.22  3.6744958602e-05
14.23  3.6419642041e-05
14.24  3.6097202337e-05
14.25  3.5777614094e-05
14.26  3.5460852137e-05
14.27  3.5146891514e-05
14.28  3.4835707491e-05
14.29  3.4527275554e-05
14.3  3.4221571404e-05
14.31  3.3918570955e-05
14.32  3.3618250335e-05
14.33  3.3320585881e-05
14.34  3.3025554139e-05
14.35  3.2733131861e-05
14.36  3.2443296004e-05
14.37  3.2156023729e-05
14.38  3.1871292396e-05
14.39  3.1589079567e-05
14.4  3.1309362997e-05
14.41  3.1032120642e-05
14.42  3.0757330653e-05
14.43  3.048497137e-05
14.44  3.0215021326e-05
14.45  2.9947459242e-05
14.46  2.9682264027e-05
14.47  2.9419414775e-05
14.48  2.9158890765e-05
14.49  2.8900671459e-05
14.5  2.86447365e-05
14.51  2.8391065708e-05
14.52  2.8139639085e-05
14.53  2.7890436805e-05
14.54  2.7643439219e-05
14.55  2.7398626853e-05
14.56  2.71559804e-05
14.57  2.6915480725e-05
14.58  2.6677108863e-05
14.59  2.6440846017e-05
14.6  2.6206673554e-05
14.61  2.5974573006e-05
14.62  2.5744526067e-05
14.63  2.5516514593e-05
14.64  2.5290520601e-05
14.65  2.5066526264e-05
14.66  2.4844513913e-05
14.67  2.4624466037e-05
14.68  2.4406365277e-05
14.69  2.4190194428e-05
14.7  2.3975936436e-05
14.71  2.3763574398e-05
14.72  2.355309156e-05
14.73  2.3344471315e-05
14.74  2.3137697205e-05
14.75  2.293275291e-05
14.76  2.2729622264e-05
14.77  2.2528289238e-05
14.78  2.2328737945e-05
14.79  2.2130952638e-05
14.8  2.1934917711e-05
14.81  2.1740617693e-05
14.82  2.154803725e-05
14.83  2.1357161183e-05
14.84  2.1167974429e-05
14.85  2.0980462056e-05
14.86  2.0794609265e-05
14.87  2.0610401385e-05
14.88  2.0427823878e-05
14.89  2.0246862332e-05
14.9  2.0067502462e-05
14.91  1.988973011e-05
14.92  1.9713531242e-05
14.93  1.9538891948e-05
14.94  1.9365798441e-05
14.95  1.9194237058e-05
14.96  1.9024194254e-05
14.97  1.8855656604e-05
14.98  1.86886108e-05
14.99  1.8523043654e-05
15  1.8358942094e-05
15.01  1.8196293161e-05
15.02  1.8035084013e-05
15.03  1.787530192e-05
15.04  1.7716934264e-05
15.05  1.755996854e-05
15.06  1.7404392352e-05
15.07  1.7250193414e-05
15.08  1.7097359547e-05
15.09  1.6945878682e-05
