0   5.5550342104e-11
0.01   0.00069558971384
0.02   0.0027804670337
0.03   0.0062489629873
0.04   0.011091651143
0.05   0.017295380337
0.06   0.024843320288
0.07   0.033715019928
0.08   0.043886478186
0.09   0.055330226958
0.1   0.068015425889
0.11   0.081907968605
0.12   0.096970599935
0.13   0.11316304364
0.14   0.13044214015
0.15   0.14876199369
0.16   0.16807412826
0.17   0.18832765176
0.18   0.20946942766
0.19   0.23144425347
0.2   0.25419504529
0.21   0.2776630277
0.22   0.30178792831
0.23   0.32650817598
0.24   0.35176110221
0.25   0.3774831446
0.26   0.40361005187
0.27   0.43007708939
0.28   0.45681924457
0.29   0.48377143128
0.3   0.51086869254
0.31   0.53804640059
0.32   0.5652404538
0.33   0.59238746953
0.34   0.61942497221
0.35   0.64629157617
0.36   0.67292716226
0.37   0.69927304793
0.38   0.72527214997
0.39   0.75086913952
0.4   0.77601058872
0.41   0.80064510859
0.42   0.82472347769
0.43   0.84819876124
0.44   0.8710264203
0.45   0.89316441064
0.46   0.91457327132
0.47   0.93521620251
0.48   0.95505913249
0.49   0.97407077386
0.5   0.99222266872
0.51   1.0094892229
0.52   1.0258477294
0.53   1.0412783809
0.54   1.0557642716
0.55   1.0692913885
0.56   1.0818485929
0.57   1.0934275912
0.58   1.1040228964
0.59   1.1136317802
0.6   1.122254216
0.61   1.1298928137
0.62   1.1365527457
0.63   1.1422416661
0.64   1.1469696217
0.65   1.1507489576
0.66   1.1535942152
0.67   1.1555220261
0.68   1.156551
0.69   1.1567016083
0.7   1.1559960642
0.71   1.1544581995
0.72   1.1521133381
0.73   1.1489881684
0.74   1.1451106131
0.75   1.1405096991
0.76   1.1352154259
0.77   1.1292586357
0.78   1.1226708825
0.79   1.1154843037
0.8   1.1077314931
0.81   1.0994453758
0.82   1.0906590863
0.83   1.0814058493
0.84   1.0717188645
0.85   1.0616311948
0.86   1.0511756592
0.87   1.04038473
0.88   1.0292904354
0.89   1.0179242663
0.9   1.0063170898
0.91   0.99449906693
0.92   0.9824995771
0.93   0.97034714814
0.94   0.95806939215
0.95   0.94569294769
0.96   0.93324342785
0.97   0.92074537461
0.98   0.90822221913
0.99   0.89569624826
1   0.88318857684
1.01   0.87071912604
1.02   0.85830660732
1.03   0.84596851212
1.04   0.83372110685
1.05   0.82157943324
1.06   0.80955731368
1.07   0.79766736144
1.08   0.78592099536
1.09   0.77432845905
1.1   0.76289884403
1.11   0.75164011676
1.12   0.74055914917
1.13   0.72966175248
1.14   0.71895271401
1.15   0.70843583658
1.16   0.69811398046
1.17   0.68798910733
1.18   0.6780623261
1.19   0.66833394028
1.2   0.65880349667
1.21   0.64946983503
1.22   0.64033113848
1.23   0.63138498443
1.24   0.62262839583
1.25   0.61405789229
1.26   0.6056695412
1.27   0.5974590083
1.28   0.58942160769
1.29   0.58155235113
1.3   0.57384599626
1.31   0.56629709378
1.32   0.55890003337
1.33   0.55164908815
1.34   0.54453845766
1.35   0.53756230922
1.36   0.53071481748
1.37   0.52399020221
1.38   0.51738276423
1.39   0.51088691922
1.4   0.50449722968
1.41   0.49820843473
1.42   0.49201547778
1.43   0.48591353212
1.44   0.47989802434
1.45   0.47396465547
1.46   0.46810942007
1.47   0.46232862305
1.48   0.45661889423
1.49   0.45097720083
1.5   0.44540085809
1.51   0.43988753582
1.52   0.43443526592
1.53   0.42904244628
1.54   0.42370783999
1.55   0.41843058207
1.56   0.41321010542
1.57   0.40804608311
1.58   0.40293827218
1.59   0.39788632967
1.6   0.39288989463
1.61   0.38794862383
1.62   0.38306215855
1.63   0.37823013023
1.64   0.37345216225
1.65   0.36872787062
1.66   0.36405686432
1.67   0.3594387459
1.68   0.35487311205
1.69   0.35035955406
1.7   0.34589765836
1.71   0.34148700697
1.72   0.33712717791
1.73   0.33281774571
1.74   0.32855828171
1.75   0.32434835456
1.76   0.32018753048
1.77   0.31607537373
1.78   0.31201144684
1.79   0.30799531099
1.8   0.30402652632
1.81   0.30010465218
1.82   0.29622924744
1.83   0.29239987075
1.84   0.28861608078
1.85   0.28487743645
1.86   0.28118349719
1.87   0.27753382313
1.88   0.27392797529
1.89   0.27036551581
1.9   0.26684600814
1.91   0.26336901716
1.92   0.2599341094
1.93   0.25654085319
1.94   0.25318881881
1.95   0.24987757861
1.96   0.24660670719
1.97   0.24337578148
1.98   0.24018438093
1.99   0.23703208755
2   0.2339184861
2.01   0.23084316412
2.02   0.2278057121
2.03   0.22480572353
2.04   0.22184279499
2.05   0.21891652627
2.06   0.21602652039
2.07   0.21317238374
2.08   0.21035372609
2.09   0.20757016067
2.1   0.20482130424
2.11   0.20210677714
2.12   0.19942620329
2.13   0.19677921027
2.14   0.19416542936
2.15   0.1915844955
2.16   0.1890360474
2.17   0.18651972745
2.18   0.1840351818
2.19   0.18158206033
2.2   0.17916001661
2.21   0.17676870793
2.22   0.17440779523
2.23   0.17207694309
2.24   0.16977581969
2.25   0.16750409671
2.26   0.16526144935
2.27   0.16304755621
2.28   0.16086209923
2.29   0.15870476361
2.3   0.15657523774
2.31   0.15447321309
2.32   0.15239838412
2.33   0.1503504482
2.34   0.14832910548
2.35   0.14633405878
2.36   0.14436501353
2.37   0.1424216776
2.38   0.14050376124
2.39   0.13861097694
2.4   0.13674303937
2.41   0.13489966521
2.42   0.13308057314
2.43   0.13128548366
2.44   0.12951411908
2.45   0.1277662034
2.46   0.12604146227
2.47   0.1243396229
2.48   0.12266041403
2.49   0.1210035659
2.5   0.11936881018
2.51   0.11775588003
2.52   0.11616450998
2.53   0.11459443605
2.54   0.11304539567
2.55   0.11151712776
2.56   0.11000937274
2.57   0.10852187258
2.58   0.10705437083
2.59   0.10560661271
2.6   0.10417834514
2.61   0.1027693168
2.62   0.10137927823
2.63   0.1000079819
2.64   0.098655182241
2.65   0.097320635766
2.66   0.096004101115
2.67   0.094705339138
2.68   0.093424112957
2.69   0.092160188031
2.7   0.09091333222
2.71   0.089683315842
2.72   0.088469911716
2.73   0.087272895217
2.74   0.086092044313
2.75   0.084927139599
2.76   0.083777964323
2.77   0.082644304418
2.78   0.081525948511
2.79   0.080422687936
2.8   0.079334316746
2.81   0.078260631712
2.82   0.07720143232
2.83   0.076156520764
2.84   0.075125701937
2.85   0.074108783415
2.86   0.073105575441
2.87   0.072115890902
2.88   0.071139545306
2.89   0.070176356761
2.9   0.069226145941
2.91   0.06828873606
2.92   0.067363952844
2.93   0.066451624493
2.94   0.065551581653
2.95   0.064663657383
2.96   0.063787687115
2.97   0.062923508629
2.98   0.062070962008
2.99   0.061229889612
3   0.060400136038
3.01   0.059581548086
3.02   0.058773974726
3.03   0.057977267066
3.04   0.057191278311
3.05   0.056415863737
3.06   0.055650880654
3.07   0.054896188376
3.08   0.054151648186
3.09   0.053417123306
3.1   0.052692478869
3.11   0.051977581883
3.12   0.051272301207
3.13   0.050576507515
3.14   0.049890073276
3.15   0.04921287272
3.16   0.048544781809
3.17   0.047885678217
3.18   0.047235441298
3.19   0.046593952062
3.2   0.045961093147
3.21   0.045336748801
3.22   0.04472080485
3.23   0.044113148678
3.24   0.043513669205
3.25   0.04292225686
3.26   0.042338803563
3.27   0.041763202699
3.28   0.0411953491
3.29   0.040635139021
3.3   0.040082470121
3.31   0.039537241443
3.32   0.038999353393
3.33   0.038468707719
3.34   0.037945207497
3.35   0.037428757104
3.36   0.036919262208
3.37   0.036416629745
3.38   0.0359207679
3.39   0.035431586094
3.4   0.034948994963
3.41   0.034472906341
3.42   0.034003233247
3.43   0.033539889865
3.44   0.033082791527
3.45   0.032631854702
3.46   0.032186996976
3.47   0.031748137037
3.48   0.031315194663
3.49   0.030888090703
3.5   0.030466747066
3.51   0.030051086704
3.52   0.029641033597
3.53   0.029236512744
3.54   0.028837450144
3.55   0.028443772783
3.56   0.028055408625
3.57   0.027672286592
3.58   0.027294336557
3.59   0.026921489328
3.6   0.026553676638
3.61   0.026190831127
3.62   0.025832886338
3.63   0.025479776697
3.64   0.025131437505
3.65   0.024787804928
3.66   0.024448815982
3.67   0.02411440852
3.68   0.023784521229
3.69   0.023459093608
3.7   0.023138065966
3.71   0.022821379407
3.72   0.022508975818
3.73   0.022200797863
3.74   0.021896788969
3.75   0.021596893316
3.76   0.021301055831
3.77   0.021009222171
3.78   0.02072133872
3.79   0.020437352576
3.8   0.020157211539
3.81   0.019880864109
3.82   0.019608259469
3.83   0.01933934748
3.84   0.019074078671
3.85   0.01881240423
3.86   0.018554275996
3.87   0.018299646449
3.88   0.018048468701
3.89   0.017800696491
3.9   0.017556284173
3.91   0.017315186708
3.92   0.017077359658
3.93   0.016842759178
3.94   0.016611342006
3.95   0.016383065455
3.96   0.016157887409
3.97   0.015935766311
3.98   0.015716661159
3.99   0.015500531497
4   0.015287337406
4.01   0.015077039501
4.02   0.01486959892
4.03   0.01466497732
4.04   0.014463136867
4.05   0.014264040232
4.06   0.014067650582
4.07   0.013873931577
4.08   0.013682847359
4.09   0.013494362547
4.1   0.013308442233
4.11   0.013125051972
4.12   0.012944157779
4.13   0.012765726122
4.14   0.012589723913
4.15   0.012416118508
4.16   0.012244877695
4.17   0.012075969692
4.18   0.01190936314
4.19   0.011745027098
4.2   0.011582931037
4.21   0.011423044833
4.22   0.011265338765
4.23   0.011109783507
4.24   0.010956350123
4.25   0.010805010064
4.26   0.010655735158
4.27   0.010508497611
4.28   0.010363269997
4.29   0.010220025258
4.3   0.010078736694
4.31   0.0099393779594
4.32   0.0098019230624
4.33   0.0096663463554
4.34   0.0095326225329
4.35   0.0094007266261
4.36   0.0092706339988
4.37   0.0091423203428
4.38   0.0090157616736
4.39   0.0088909343263
4.4   0.0087678149507
4.41   0.008646380508
4.42   0.0085266082659
4.43   0.0084084757951
4.44   0.0082919609649
4.45   0.0081770419394
4.46   0.0080636971735
4.47   0.0079519054091
4.48   0.0078416456713
4.49   0.0077328972647
4.5   0.0076256397696
4.51   0.0075198530381
4.52   0.0074155171911
4.53   0.0073126126143
4.54   0.0072111199546
4.55   0.007111020117
4.56   0.0070122942611
4.57   0.0069149237973
4.58   0.0068188903841
4.59   0.0067241759244
4.6   0.0066307625624
4.61   0.0065386326803
4.62   0.0064477688956
4.63   0.0063581540571
4.64   0.0062697712428
4.65   0.0061826037562
4.66   0.0060966351237
4.67   0.0060118490914
4.68   0.0059282296223
4.69   0.0058457608936
4.7   0.0057644272936
4.71   0.0056842134189
4.72   0.005605104072
4.73   0.0055270842581
4.74   0.0054501391829
4.75   0.0053742542496
4.76   0.0052994150563
4.77   0.0052256073939
4.78   0.0051528172427
4.79   0.0050810307709
4.8   0.0050102343312
4.81   0.0049404144591
4.82   0.0048715578699
4.83   0.0048036514567
4.84   0.0047366822881
4.85   0.0046706376056
4.86   0.0046055048213
4.87   0.0045412715161
4.88   0.0044779254369
4.89   0.004415454495
4.9   0.0043538467634
4.91   0.0042930904748
4.92   0.0042331740199
4.93   0.0041740859447
4.94   0.0041158149488
4.95   0.0040583498835
4.96   0.0040016797495
4.97   0.0039457936951
4.98   0.003890681014
4.99   0.0038363311439
5   0.003782733664
5.01   0.0037298782937
5.02   0.0036777548903
5.03   0.0036263534473
5.04   0.0035756640929
5.05   0.0035256770878
5.06   0.0034763828235
5.07   0.003427771821
5.08   0.0033798347287
5.09   0.0033325623206
5.1   0.0032859454952
5.11   0.0032399752733
5.12   0.0031946427967
5.13   0.0031499393263
5.14   0.003105856241
5.15   0.0030623850356
5.16   0.0030195173199
5.17   0.0029772448165
5.18   0.0029355593596
5.19   0.0028944528939
5.2   0.0028539174725
5.21   0.0028139452557
5.22   0.00277452851
5.23   0.0027356596059
5.24   0.0026973310174
5.25   0.0026595353198
5.26   0.0026222651889
5.27   0.0025855133996
5.28   0.0025492728245
5.29   0.0025135364325
5.3   0.0024782972876
5.31   0.0024435485479
5.32   0.002409283464
5.33   0.0023754953778
5.34   0.0023421777216
5.35   0.0023093240166
5.36   0.0022769278717
5.37   0.0022449829827
5.38   0.0022134831307
5.39   0.0021824221812
5.4   0.0021517940829
5.41   0.0021215928669
5.42   0.002091812645
5.43   0.0020624476091
5.44   0.0020334920301
5.45   0.0020049402567
5.46   0.0019767867143
5.47   0.0019490259043
5.48   0.0019216524027
5.49   0.0018946608594
5.5   0.001868045997
5.51   0.0018418026101
5.52   0.0018159255642
5.53   0.0017904097944
5.54   0.0017652503053
5.55   0.0017404421691
5.56   0.0017159805255
5.57   0.0016918605803
5.58   0.0016680776048
5.59   0.0016446269348
5.6   0.0016215039697
5.61   0.0015987041718
5.62   0.0015762230652
5.63   0.0015540562352
5.64   0.0015321993275
5.65   0.0015106480473
5.66   0.0014893981584
5.67   0.0014684454826
5.68   0.0014477858988
5.69   0.0014274153424
5.7   0.0014073298043
5.71   0.0013875253304
5.72   0.0013679980205
5.73   0.0013487440281
5.74   0.0013297595593
5.75   0.0013110408722
5.76   0.001292584276
5.77   0.0012743861307
5.78   0.0012564428463
5.79   0.0012387508819
5.8   0.0012213067452
5.81   0.0012041069919
5.82   0.0011871482248
5.83   0.0011704270936
5.84   0.0011539402939
5.85   0.0011376845667
5.86   0.0011216566978
5.87   0.0011058535172
5.88   0.0010902718985
5.89   0.0010749087581
5.9   0.0010597610552
5.91   0.0010448257905
5.92   0.0010301000061
5.93   0.0010155807849
5.94   0.0010012652499
5.95   0.00098715056364
5.96   0.00097323392792
5.97   0.00095951258297
5.98   0.00094598380712
5.99   0.0009326449162
6   0.00091949326307
6.01   0.00090652623709
6.02   0.00089374126364
6.03   0.00088113580363
6.04   0.00086870735301
6.05   0.00085645344231
6.06   0.00084437163615
6.07   0.0008324595328
6.08   0.00082071476371
6.09   0.00080913499304
6.1   0.00079771791726
6.11   0.00078646126467
6.12   0.00077536279497
6.13   0.00076442029886
6.14   0.00075363159762
6.15   0.00074299454263
6.16   0.00073250701505
6.17   0.00072216692533
6.18   0.00071197221288
6.19   0.00070192084563
6.2   0.00069201081965
6.21   0.00068224015879
6.22   0.00067260691426
6.23   0.00066310916431
6.24   0.0006537450138
6.25   0.00064451259387
6.26   0.00063541006158
6.27   0.00062643559955
6.28   0.00061758741562
6.29   0.0006088637425
6.3   0.00060026283741
6.31   0.00059178298177
6.32   0.00058342248086
6.33   0.00057517966349
6.34   0.00056705288168
6.35   0.00055904051034
6.36   0.00055114094697
6.37   0.00054335261134
6.38   0.00053567394516
6.39   0.00052810341182
6.4   0.00052063949608
6.41   0.00051328070375
6.42   0.00050602556143
6.43   0.00049887261623
6.44   0.00049182043546
6.45   0.00048486760638
6.46   0.00047801273589
6.47   0.0004712544503
6.48   0.00046459139505
6.49   0.00045802223442
6.5   0.0004515456513
6.51   0.00044516034695
6.52   0.0004388650407
6.53   0.00043265846973
6.54   0.00042653938882
6.55   0.00042050657011
6.56   0.00041455880284
6.57   0.00040869489315
6.58   0.00040291366382
6.59   0.00039721395406
6.6   0.00039159461924
6.61   0.00038605453074
6.62   0.00038059257567
6.63   0.00037520765665
6.64   0.00036989869165
6.65   0.00036466461371
6.66   0.0003595043708
6.67   0.00035441692556
6.68   0.00034940125513
6.69   0.00034445635091
6.7   0.00033958121841
6.71   0.00033477487704
6.72   0.0003300363599
6.73   0.00032536471358
6.74   0.00032075899804
6.75   0.00031621828635
6.76   0.00031174166455
6.77   0.00030732823146
6.78   0.00030297709848
6.79   0.00029868738948
6.8   0.00029445824053
6.81   0.00029028879983
6.82   0.00028617822748
6.83   0.00028212569532
6.84   0.00027813038682
6.85   0.00027419149683
6.86   0.00027030823149
6.87   0.00026647980806
6.88   0.00026270545476
6.89   0.00025898441059
6.9   0.00025531592523
6.91   0.00025169925888
6.92   0.00024813368207
6.93   0.00024461847557
6.94   0.00024115293022
6.95   0.00023773634681
6.96   0.00023436803591
6.97   0.00023104731775
6.98   0.0002277735221
6.99   0.00022454598812
7   0.00022136406424
7.01   0.00021822710803
7.02   0.00021513448604
7.03   0.00021208557373
7.04   0.00020907975531
7.05   0.00020611642364
7.06   0.00020319498006
7.07   0.00020031483435
7.08   0.00019747540455
7.09   0.00019467611687
7.1   0.00019191640557
7.11   0.00018919571286
7.12   0.00018651348877
7.13   0.00018386919104
7.14   0.00018126228503
7.15   0.00017869224362
7.16   0.00017615854707
7.17   0.00017366068296
7.18   0.00017119814605
7.19   0.00016877043819
7.2   0.00016637706824
7.21   0.00016401755196
7.22   0.00016169141191
7.23   0.00015939817735
7.24   0.00015713738415
7.25   0.00015490857472
7.26   0.0001527112979
7.27   0.00015054510885
7.28   0.000148409569
7.29   0.00014630424593
7.3   0.00014422871332
7.31   0.00014218255082
7.32   0.00014016534399
7.33   0.00013817668425
7.34   0.00013621616872
7.35   0.00013428340023
7.36   0.00013237798716
7.37   0.00013049954341
7.38   0.00012864768832
7.39   0.00012682204656
7.4   0.00012502224812
7.41   0.00012324792815
7.42   0.00012149872696
7.43   0.00011977428993
7.44   0.0001180742674
7.45   0.00011639831465
7.46   0.00011474609182
7.47   0.0001131172638
7.48   0.00011151150024
7.49   0.0001099284754
7.5   0.00010836786815
7.51   0.00010682936187
7.52   0.00010531264441
7.53   0.000103817408
7.54   0.00010234334922
7.55   0.0001008901689
7.56   9.9457572106e-05
7.57   9.8045268044e-05
7.58   9.6652970017e-05
7.59   9.5280395367e-05
7.6   9.3927265423e-05
7.61   9.2593305433e-05
7.62   9.1278244521e-05
7.63   8.9981815622e-05
7.64   8.8703755436e-05
7.65   8.7443804372e-05
7.66   8.6201706498e-05
7.67   8.4977209487e-05
7.68   8.3770064564e-05
7.69   8.258002647e-05
7.7   8.1406853396e-05
7.71   8.0250306943e-05
7.72   7.9110152072e-05
7.73   7.7986157057e-05
7.74   7.6878093438e-05
7.75   7.5785735976e-05
7.76   7.4708862607e-05
7.77   7.3647254395e-05
7.78   7.2600695497e-05
7.79   7.1568973112e-05
7.8   7.0551877439e-05
7.81   6.9549201636e-05
7.82   6.8560741775e-05
7.83   6.7586296808e-05
7.84   6.6625668521e-05
7.85   6.5678661494e-05
7.86   6.4745083062e-05
7.87   6.3824743283e-05
7.88   6.2917454894e-05
7.89   6.2023033271e-05
7.9   6.1141296396e-05
7.91   6.0272064819e-05
7.92   5.9415161621e-05
7.93   5.8570412381e-05
7.94   5.7737645137e-05
7.95   5.6916690355e-05
7.96   5.6107380888e-05
7.97   5.5309551958e-05
7.98   5.4523041108e-05
7.99   5.3747688172e-05
8   5.2983335248e-05
8.01   5.222982666e-05
8.02   5.1487008929e-05
8.03   5.0754730746e-05
8.04   5.0032842935e-05
8.05   4.9321198422e-05
8.06   4.8619652218e-05
8.07   4.7928061378e-05
8.08   4.7246284974e-05
8.09   4.657418407e-05
8.1   4.5911621688e-05
8.11   4.5258462789e-05
8.12   4.4614574236e-05
8.13   4.3979824777e-05
8.14   4.3354085009e-05
8.15   4.2737227356e-05
8.16   4.212912605e-05
8.17   4.1529657097e-05
8.18   4.0938698253e-05
8.19   4.0356129003e-05
8.2   3.978183053e-05
8.21   3.9215685701e-05
8.22   3.8657579033e-05
8.23   3.8107396677e-05
8.24   3.7565026392e-05
8.25   3.7030357518e-05
8.26   3.650328097e-05
8.27   3.5983689195e-05
8.28   3.5471476163e-05
8.29   3.4966537344e-05
8.3   3.446876968e-05
8.31   3.3978071575e-05
8.32   3.3494342865e-05
8.33   3.3017484804e-05
8.34   3.2547400037e-05
8.35   3.2083992589e-05
8.36   3.1627167843e-05
8.37   3.1176832518e-05
8.38   3.0732894651e-05
8.39   3.029526358e-05
8.4   2.9863849923e-05
8.41   2.9438565564e-05
8.42   2.9019323629e-05
8.43   2.8606038476e-05
8.44   2.8198625671e-05
8.45   2.7797001974e-05
8.46   2.7401085325e-05
8.47   2.7010794824e-05
8.48   2.6626050713e-05
8.49   2.6246774363e-05
8.5   2.5872888255e-05
8.51   2.5504315971e-05
8.52   2.5140982167e-05
8.53   2.4782812571e-05
8.54   2.4429733956e-05
8.55   2.4081674133e-05
8.56   2.3738561936e-05
8.57   2.3400327206e-05
8.58   2.3066900773e-05
8.59   2.2738214449e-05
8.6   2.2414201008e-05
8.61   2.2094794176e-05
8.62   2.1779928616e-05
8.63   2.1469539918e-05
8.64   2.116356458e-05
8.65   2.0861939997e-05
8.66   2.0564604455e-05
8.67   2.0271497113e-05
8.68   1.9982557988e-05
8.69   1.9697727947e-05
8.7   1.9416948694e-05
8.71   1.9140162758e-05
8.72   1.8867313481e-05
8.73   1.8598345007e-05
8.74   1.833320227e-05
8.75   1.8071830982e-05
8.76   1.7814177628e-05
8.77   1.7560189447e-05
8.78   1.7309814428e-05
8.79   1.7063001293e-05
8.8   1.6819699492e-05
8.81   1.6579859189e-05
8.82   1.6343431255e-05
8.83   1.6110367255e-05
8.84   1.5880619442e-05
8.85   1.5654140743e-05
8.86   1.543088475e-05
8.87   1.5210805717e-05
8.88   1.4993858544e-05
8.89   1.4779998768e-05
8.9   1.4569182557e-05
8.91   1.4361366701e-05
8.92   1.4156508598e-05
8.93   1.3954566254e-05
8.94   1.3755498266e-05
8.95   1.3559263819e-05
8.96   1.3365822676e-05
8.97   1.317513517e-05
8.98   1.2987162196e-05
8.99   1.2801865205e-05
9   1.2619206191e-05
9.01   1.2439147688e-05
9.02   1.226165276e-05
9.03   1.2086684995e-05
9.04   1.1914208497e-05
9.05   1.1744187878e-05
9.06   1.1576588251e-05
9.07   1.1411375223e-05
9.08   1.124851489e-05
9.09   1.108797383e-05
9.1   1.0929719091e-05
9.11   1.077371819e-05
9.12   1.0619939104e-05
9.13   1.0468350263e-05
9.14   1.0318920547e-05
9.15   1.0171619275e-05
9.16   1.00264162e-05
9.17   9.8832815055e-06
9.18   9.7421857953e-06
9.19   9.6031000935e-06
9.2   9.4659958335e-06
9.21   9.3308448536e-06
9.22   9.1976193913e-06
9.23   9.0662920777e-06
9.24   8.9368359319e-06
9.25   8.8092243556e-06
9.26   8.6834311276e-06
9.27   8.5594303986e-06
9.28   8.4371966858e-06
9.29   8.3167048659e-06
9.3   8.1979301754e-06
9.31   8.0808482007e-06
9.32   7.9654348742e-06
9.33   7.8516664697e-06
9.34   7.7395195974e-06
9.35   7.6289711995e-06
9.36   7.5199985449e-06
9.37   7.4125792252e-06
9.38   7.3066911498e-06
9.39   7.2023125414e-06
9.4   7.0994219303e-06
9.41   6.9979981537e-06
9.42   6.8980203488e-06
9.43   6.7994679483e-06
9.44   6.7023206767e-06
9.45   6.6065585461e-06
9.46   6.5121618522e-06
9.47   6.4191111705e-06
9.48   6.327387352e-06
9.49   6.2369715194e-06
9.5   6.1478450634e-06
9.51   6.0599896378e-06
9.52   5.9733871577e-06
9.53   5.888019796e-06
9.54   5.8038699776e-06
9.55   5.7209203769e-06
9.56   5.6391539143e-06
9.57   5.5585537526e-06
9.58   5.4791032934e-06
9.59   5.4007861744e-06
9.6   5.3235862651e-06
9.61   5.2474876643e-06
9.62   5.1724746962e-06
9.63   5.0985319066e-06
9.64   5.0256440636e-06
9.65   4.9537961498e-06
9.66   4.8829733615e-06
9.67   4.813161105e-06
9.68   4.7443449938e-06
9.69   4.6765108457e-06
9.7   4.6096446801e-06
9.71   4.5437327147e-06
9.72   4.478761363e-06
9.73   4.4147172316e-06
9.74   4.3515871165e-06
9.75   4.2893580021e-06
9.76   4.2280170584e-06
9.77   4.1675516369e-06
9.78   4.1079492689e-06
9.79   4.0491976627e-06
9.8   3.9912847015e-06
9.81   3.9341984402e-06
9.82   3.8779271037e-06
9.83   3.8224590843e-06
9.84   3.767782939e-06
9.85   3.7138873875e-06
9.86   3.6607613085e-06
9.87   3.6083937412e-06
9.88   3.5567738796e-06
9.89   3.5058910712e-06
9.9   3.4557348147e-06
9.91   3.4062947583e-06
9.92   3.3575606973e-06
9.93   3.3095225718e-06
9.94   3.2621704651e-06
9.95   3.2154946015e-06
9.96   3.1694853441e-06
9.97   3.1241331931e-06
9.98   3.0794287824e-06
9.99   3.0353628818e-06
10   2.9919263909e-06
10.01   2.9491103388e-06
10.02   2.9069058822e-06
10.03   2.8653043033e-06
10.04   2.8242970086e-06
10.05   2.7838755266e-06
10.06   2.7440315063e-06
10.07   2.7047567153e-06
10.08   2.6660430386e-06
10.09   2.6278824763e-06
10.1   2.5902671414e-06
10.11   2.5531892611e-06
10.12   2.5166411725e-06
10.13   2.4806153212e-06
10.14   2.4451042605e-06
10.15   2.4101006497e-06
10.16   2.3755972524e-06
10.17   2.3415869351e-06
10.18   2.308062666e-06
10.19   2.2750175131e-06
10.2   2.2424446431e-06
10.21   2.2103373201e-06
10.22   2.1786889027e-06
10.23   2.1474928462e-06
10.24   2.1167426983e-06
10.25   2.0864320982e-06
10.26   2.0565547758e-06
10.27   2.0271045501e-06
10.28   1.9980753282e-06
10.29   1.9694611037e-06
10.3   1.941255956e-06
10.31   1.9134540485e-06
10.32   1.8860496278e-06
10.33   1.8590370224e-06
10.34   1.8324106407e-06
10.35   1.8061649721e-06
10.36   1.780294584e-06
10.37   1.7547941212e-06
10.38   1.7296583046e-06
10.39   1.7048819301e-06
10.4   1.680459868e-06
10.41   1.6563870615e-06
10.42   1.6326585257e-06
10.43   1.6092693468e-06
10.44   1.586214681e-06
10.45   1.5634897533e-06
10.46   1.5410898567e-06
10.47   1.5190103509e-06
10.48   1.4972466629e-06
10.49   1.4757942841e-06
10.5   1.4546487701e-06
10.51   1.4338057399e-06
10.52   1.4132608749e-06
10.53   1.3930099179e-06
10.54   1.3730486724e-06
10.55   1.3533730018e-06
10.56   1.3339788282e-06
10.57   1.3148621321e-06
10.58   1.2960189509e-06
10.59   1.2774453782e-06
10.6   1.2591375639e-06
10.61   1.2410917131e-06
10.62   1.2233040843e-06
10.63   1.2057709896e-06
10.64   1.1884887935e-06
10.65   1.1714539124e-06
10.66   1.1546628137e-06
10.67   1.1381120152e-06
10.68   1.1217980843e-06
10.69   1.1057176373e-06
10.7   1.0898673388e-06
10.71   1.074243901e-06
10.72   1.0588440819e-06
10.73   1.0436646876e-06
10.74   1.0287025689e-06
10.75   1.0139546213e-06
10.76   9.9941778486e-07
10.77   9.8508904299e-07
10.78   9.7096542227e-07
10.79   9.5704399163e-07
10.8   9.433218618e-07
10.81   9.2979618469e-07
10.82   9.1646415283e-07
10.83   9.0332299879e-07
10.84   8.9036999446e-07
10.85   8.7760245036e-07
10.86   8.6501771635e-07
10.87   8.5261317956e-07
10.88   8.4038626437e-07
10.89   8.283344319e-07
10.9   8.1645517949e-07
10.91   8.0474604015e-07
10.92   7.9320458212e-07
10.93   7.818284083e-07
10.94   7.7061515578e-07
10.95   7.5956249538e-07
10.96   7.4866813114e-07
10.97   7.3792979971e-07
10.98   7.2734526981e-07
10.99   7.1691234288e-07
11   7.0662885123e-07
11.01   6.9649265813e-07
11.02   6.8650165729e-07
11.03   6.7665377252e-07
11.04   6.6694695723e-07
11.05   6.5737919406e-07
11.06   6.4794849441e-07
11.07   6.3865289807e-07
11.08   6.2949047282e-07
11.09   6.2045931401e-07
11.1   6.1155754413e-07
11.11   6.0278331201e-07
11.12   5.9413479394e-07
11.13   5.8561019174e-07
11.14   5.7720773289e-07
11.15   5.6892567018e-07
11.16   5.6076228132e-07
11.17   5.5271586863e-07
11.18   5.4478475867e-07
11.19   5.3696730186e-07
11.2   5.2926187221e-07
11.21   5.2166686692e-07
11.22   5.1418070608e-07
11.23   5.0680183235e-07
11.24   4.9952871025e-07
11.25   4.9235982682e-07
11.26   4.8529369065e-07
11.27   4.7832883149e-07
11.28   4.7146380008e-07
11.29   4.6469716785e-07
11.3   4.5802752665e-07
11.31   4.5145348843e-07
11.32   4.4497368497e-07
11.33   4.385867676e-07
11.34   4.3229140688e-07
11.35   4.2608629241e-07
11.36   4.1997013247e-07
11.37   4.1394165371e-07
11.38   4.0799960081e-07
11.39   4.0214273702e-07
11.4   3.9636984289e-07
11.41   3.9067971641e-07
11.42   3.8507117273e-07
11.43   3.7954304394e-07
11.44   3.7409417881e-07
11.45   3.6872344256e-07
11.46   3.6342971664e-07
11.47   3.5821189847e-07
11.48   3.5306890121e-07
11.49   3.4799965358e-07
11.5   3.4300309959e-07
11.51   3.3807819812e-07
11.52   3.3322392322e-07
11.53   3.2843926374e-07
11.54   3.237232228e-07
11.55   3.1907481777e-07
11.56   3.1449308007e-07
11.57   3.0997705495e-07
11.58   3.0552580133e-07
11.59   3.0113839157e-07
11.6   2.9681391128e-07
11.61   2.9255145917e-07
11.62   2.8835014682e-07
11.63   2.8420909849e-07
11.64   2.80127451e-07
11.65   2.7610435319e-07
11.66   2.721389666e-07
11.67   2.6823046461e-07
11.68   2.6437803236e-07
11.69   2.6058086665e-07
11.7   2.5683817573e-07
11.71   2.5314917921e-07
11.72   2.4951310785e-07
11.73   2.4592920339e-07
11.74   2.4239671843e-07
11.75   2.3891491627e-07
11.76   2.3548307073e-07
11.77   2.3210046601e-07
11.78   2.2876639657e-07
11.79   2.2548016668e-07
11.8   2.2224109105e-07
11.81   2.1904849403e-07
11.82   2.159017096e-07
11.83   2.1280008126e-07
11.84   2.097429619e-07
11.85   2.0672971367e-07
11.86   2.0375970785e-07
11.87   2.008323247e-07
11.88   1.9794695336e-07
11.89   1.951029917e-07
11.9   1.9229984621e-07
11.91   1.8953693188e-07
11.92   1.8681367204e-07
11.93   1.8412949812e-07
11.94   1.8148384995e-07
11.95   1.788761754e-07
11.96   1.7630593013e-07
11.97   1.737725776e-07
11.98   1.7127558895e-07
11.99   1.6881444288e-07
12   1.6638862556e-07
12.01   1.6399763051e-07
12.02   1.616409585e-07
12.03   1.5931811744e-07
12.04   1.5702862228e-07
12.05   1.5477199492e-07
12.06   1.5254776412e-07
12.07   1.5035546525e-07
12.08   1.4819464041e-07
12.09   1.4606483844e-07
12.1   1.4396561451e-07
12.11   1.4189653016e-07
12.12   1.3985715319e-07
12.13   1.378470576e-07
12.14   1.3586582348e-07
12.15   1.3391303695e-07
12.16   1.3198829002e-07
12.17   1.3009118059e-07
12.18   1.2822131228e-07
12.19   1.263782944e-07
12.2   1.2456174184e-07
12.21   1.2277127503e-07
12.22   1.2100651962e-07
12.23   1.1926710699e-07
12.24   1.1755267368e-07
12.25   1.1586286138e-07
12.26   1.1419731694e-07
12.27   1.1255569225e-07
12.28   1.1093764419e-07
12.29   1.0934283456e-07
12.3   1.0777092999e-07
12.31   1.062216019e-07
12.32   1.046945264e-07
12.33   1.0318938426e-07
12.34   1.0170586081e-07
12.35   1.0024364589e-07
12.36   9.8802433724e-08
12.37   9.7381922879e-08
12.38   9.5981816491e-08
12.39   9.4601821802e-08
12.4   9.3241650246e-08
12.41   9.1901017395e-08
12.42   9.0579642893e-08
12.43   8.9277250401e-08
12.44   8.799356754e-08
12.45   8.6728325834e-08
12.46   8.5481260653e-08
12.47   8.4252111157e-08
12.48   8.3040620248e-08
12.49   8.1846534507e-08
12.5   8.0669604149e-08
12.51   7.9509582897e-08
12.52   7.8366228043e-08
12.53   7.7239300497e-08
12.54   7.6128564494e-08
12.55   7.5033787649e-08
12.56   7.3954740904e-08
12.57   7.2891198487e-08
12.58   7.1842937862e-08
12.59   7.080973968e-08
12.6   6.9791387738e-08
12.61   6.8787668931e-08
12.62   6.7798373208e-08
12.63   6.682329353e-08
12.64   6.5862225825e-08
12.65   6.4914968945e-08
12.66   6.3981324567e-08
12.67   6.3061097239e-08
12.68   6.2154094441e-08
12.69   6.126012632e-08
12.7   6.0379005745e-08
12.71   5.951054827e-08
12.72   5.865457209e-08
12.73   5.7810898008e-08
12.74   5.6979349398e-08
12.75   5.6159752163e-08
12.76   5.5351934706e-08
12.77   5.4555727886e-08
12.78   5.3770964991e-08
12.79   5.2997481697e-08
12.8   5.2235116037e-08
12.81   5.1483708339e-08
12.82   5.0743101171e-08
12.83   5.0013139545e-08
12.84   4.9293670591e-08
12.85   4.8584543634e-08
12.86   4.7885610156e-08
12.87   4.7196723773e-08
12.88   4.6517740196e-08
12.89   4.5848517209e-08
12.9   4.5188914634e-08
12.91   4.4538794305e-08
12.92   4.3898020034e-08
12.93   4.3266457591e-08
12.94   4.2643974668e-08
12.95   4.2030440856e-08
12.96   4.1425727617e-08
12.97   4.0829708156e-08
12.98   4.0242257679e-08
12.99   3.9663253124e-08
13   3.9092573175e-08
13.01   3.8530098256e-08
13.02   3.7975710507e-08
13.03   3.7429293758e-08
13.04   3.6890733506e-08
13.05   3.6359916892e-08
13.06   3.5836732675e-08
13.07   3.5321071209e-08
13.08   3.4812824423e-08
13.09   3.4311885795e-08
13.1   3.3818150333e-08
13.11   3.3331514549e-08
13.12   3.2851876412e-08
13.13   3.2379135343e-08
13.14   3.1913192322e-08
13.15   3.1453949678e-08
13.16   3.1001311145e-08
13.17   3.0555181835e-08
13.18   3.0115468222e-08
13.19   2.9682078126e-08
13.2   2.9254920684e-08
13.21   2.8833906341e-08
13.22   2.8418946826e-08
13.23   2.8009955136e-08
13.24   2.7606845513e-08
13.25   2.7209533435e-08
13.26   2.6817935588e-08
13.27   2.6431969857e-08
13.28   2.6051555256e-08
13.29   2.5676612019e-08
13.3   2.5307061559e-08
13.31   2.4942826377e-08
13.32   2.4583830086e-08
13.33   2.4229997398e-08
13.34   2.3881254102e-08
13.35   2.3537527055e-08
13.36   2.3198744163e-08
13.37   2.2864834367e-08
13.38   2.2535727628e-08
13.39   2.2211354912e-08
13.4   2.1891648177e-08
13.41   2.1576540357e-08
13.42   2.1265965349e-08
13.43   2.0959857999e-08
13.44   2.0658154042e-08
13.45   2.0360790199e-08
13.46   2.0067704117e-08
13.47   1.9778834304e-08
13.48   1.9494120155e-08
13.49   1.9213501934e-08
13.5   1.8936920762e-08
13.51   1.8664318606e-08
13.52   1.8395638266e-08
13.53   1.8130823364e-08
13.54   1.786981833e-08
13.55   1.7612568394e-08
13.56   1.7359019572e-08
13.57   1.7109118653e-08
13.58   1.6862813193e-08
13.59   1.6620051499e-08
13.6   1.6380782589e-08
13.61   1.6144956245e-08
13.62   1.5912523006e-08
13.63   1.5683434088e-08
13.64   1.5457641407e-08
13.65   1.5235097572e-08
13.66   1.501575587e-08
13.67   1.4799570261e-08
13.68   1.4586495364e-08
13.69   1.4376486452e-08
13.7   1.4169499438e-08
13.71   1.3965490872e-08
13.72   1.3764417924e-08
13.73   1.3566238381e-08
13.74   1.3370910636e-08
13.75   1.3178393681e-08
13.76   1.2988647085e-08
13.77   1.2801630972e-08
13.78   1.2617306124e-08
13.79   1.243563384e-08
13.8   1.2256575974e-08
13.81   1.2080094929e-08
13.82   1.1906153647e-08
13.83   1.1734715606e-08
13.84   1.1565744803e-08
13.85   1.1399205757e-08
13.86   1.1235063494e-08
13.87   1.1073283543e-08
13.88   1.091383193e-08
13.89   1.0756675167e-08
13.9   1.0601780248e-08
13.91   1.044911464e-08
13.92   1.0298646279e-08
13.93   1.0150343528e-08
13.94   1.0004175256e-08
13.95   9.8601107777e-09
13.96   9.7181198335e-09
13.97   9.5781725988e-09
13.98   9.4402396776e-09
13.99   9.3042920962e-09
14   9.1703012972e-09
14.01   9.0382391337e-09
14.02   8.9080778631e-09
14.03   8.7797901415e-09
14.04   8.653349018e-09
14.05   8.5287279288e-09
14.06   8.4059006921e-09
14.07   8.2848415022e-09
14.08   8.1655249241e-09
14.09   8.0479258886e-09
14.1   7.9320196459e-09
14.11   7.8177818827e-09
14.12   7.7051885975e-09
14.13   7.5942161329e-09
14.14   7.4848411711e-09
14.15   7.3770407298e-09
14.16   7.2707921568e-09
14.17   7.1660731256e-09
14.18   7.0628616305e-09
14.19   6.9611359823e-09
14.2   6.8608748031e-09
14.21   6.7620570227e-09
14.22   6.6646618736e-09
14.23   6.5686688867e-09
14.24   6.4740578872e-09
14.25   6.3808089903e-09
14.26   6.2889025949e-09
14.27   6.1983193523e-09
14.28   6.1090402576e-09
14.29   6.021046546e-09
14.3   5.9343197225e-09
14.31   5.848841558e-09
14.32   5.7645940853e-09
14.33   5.6815595958e-09
14.34   5.5997206353e-09
14.35   5.5190600005e-09
14.36   5.4395607354e-09
14.37   5.361206128e-09
14.38   5.2839797061e-09
14.39   5.2078652347e-09
14.4   5.1328467122e-09
14.41   5.0589083667e-09
14.42   4.9860346534e-09
14.43   4.9142102509e-09
14.44   4.8434200291e-09
14.45   4.7736491321e-09
14.46   4.7048828923e-09
14.47   4.6371068517e-09
14.48   4.5703067598e-09
14.49   4.5044685714e-09
14.5   4.4395784431e-09
14.51   4.3756227304e-09
14.52   4.3125879853e-09
14.53   4.2504609528e-09
14.54   4.1892285689e-09
14.55   4.1288779572e-09
14.56   4.0693964264e-09
14.57   4.0107714679e-09
14.58   3.9529907527e-09
14.59   3.8960421294e-09
14.6   3.8399136212e-09
14.61   3.7845934071e-09
14.62   3.7300698596e-09
14.63   3.6763315214e-09
14.64   3.6233670906e-09
14.65   3.5711654279e-09
14.66   3.5197155543e-09
14.67   3.4690066485e-09
14.68   3.419028045e-09
14.69   3.3697692316e-09
14.7   3.3212198474e-09
14.71   3.2733696804e-09
14.72   3.2262086654e-09
14.73   3.1797268822e-09
14.74   3.1339145529e-09
14.75   3.0887620407e-09
14.76   3.044259847e-09
14.77   3.00039861e-09
14.78   2.9571691e-09
14.79   2.9145622047e-09
14.8   2.8725689815e-09
14.81   2.8311805963e-09
14.82   2.790388342e-09
14.83   2.7501836371e-09
14.84   2.7105580231e-09
14.85   2.6715031634e-09
14.86   2.6330108414e-09
14.87   2.5950729585e-09
14.88   2.5576815327e-09
14.89   2.5208286967e-09
14.9   2.4845066966e-09
14.91   2.4487078898e-09
14.92   2.4134247436e-09
14.93   2.3786498339e-09
14.94   2.3443758433e-09
14.95   2.3105955594e-09
14.96   2.277402114e-09
14.97   2.2448543483e-09
14.98   2.2127709231e-09
14.99   2.1811383138e-09
15   2.1499433484e-09
15.01   2.1191733263e-09
15.02   2.0888161328e-09
15.03   2.0588603503e-09
15.04   2.0292953626e-09
15.05   2.0001114529e-09
15.06   1.9712998935e-09
15.07   1.9428530264e-09
15.08   1.9147643335e-09
15.09   1.887028495e-09
15.1   1.8596414352e-09
15.11   1.8326003547e-09
15.12   1.8059037471e-09
15.13   1.7795513996e-09
15.14   1.7526877119e-09
15.15   1.7250340283e-09
15.16   1.6977950656e-09
15.17   1.6710245483e-09
15.18   1.6447753508e-09
15.19   1.6190985197e-09
15.2   1.5940422961e-09
15.21   1.5696511454e-09
15.22   1.5459648005e-09
15.23   1.5230173256e-09
15.24   1.5008362084e-09
15.25   1.4794414868e-09
15.26   1.4588449173e-09
15.27   1.4390491916e-09
15.28   1.4200472099e-09
15.29   1.401821416e-09
15.3   1.3843432018e-09
15.31   1.3675723892e-09
15.32   1.353159089e-09
15.33   1.344068269e-09
15.34   1.3353170283e-09
15.35   1.3266604254e-09
15.36   1.3178460186e-09
15.37   1.3086165895e-09
15.38   1.2987129245e-09
15.39   1.2878766343e-09
15.4   1.2758529957e-09
15.41   1.2623937977e-09
15.42   1.2472601741e-09
15.43   1.2302254059e-09
15.44   1.2110776766e-09
15.45   1.1896227612e-09
15.46   1.1656866338e-09
15.47   1.1391179741e-09
15.48   1.109790558e-09
15.49   1.0776055126e-09
15.5   1.0424934194e-09
15.51   9.942142781e-10
15.52   9.4180171893e-10
15.53   8.8692135746e-10
15.54   8.2990519303e-10
15.55   7.7111052403e-10
15.56   7.1091633464e-10
15.57   6.4971954753e-10
15.58   5.8793116574e-10
15.59   5.2597232681e-10
15.6   4.642702924e-10
15.61   4.0325439669e-10
15.62   3.4335197651e-10
15.63   2.8498430657e-10
15.64   2.2856256292e-10
15.65   1.7448383777e-10
15.66   1.2312722896e-10
15.67   7.4850027069e-11
15.68   2.9984023631e-11
15.69   -7.6660858817e-12
15.7   -3.2433158288e-11
15.71   -5.3304997381e-11
15.72   -7.0370629662e-11
15.73   -8.3751128419e-11
15.74   -9.3597467097e-11
15.75   -1.0008820465e-10
15.76   -1.034270203e-10
15.77   -1.0384011522e-10
15.78   -1.0157349853e-10
15.79   -9.6890175045e-11
15.8   -9.0067252376e-11
15.81   -8.1392984645e-11
15.82   -7.1163770406e-11
15.83   -5.9681122176e-11
15.84   -4.7248625038e-11
15.85   -3.4168901773e-11
15.86   -2.0740601985e-11
15.87   -7.2554326599e-12
15.88   2.3225083487e-12
15.89   7.0812293576e-12
15.9   1.1328288878e-11
15.91   1.5007564964e-11
15.92   1.807726572e-11
15.93   2.050943634e-11
15.94   2.2289376107e-11
15.95   2.3414972382e-11
15.96   2.3895958618e-11
15.97   2.3753103444e-11
15.98   2.3017337842e-11
15.99   2.1728827471e-11
16   1.9935997155e-11
16.01   1.7694514592e-11
16.02   1.5066240306e-11
16.03   1.2118150882e-11
16.04   8.9212425306e-12
16.05   5.5494219986e-12
16.06   2.0783918862e-12
16.07   -2.3424050521e-13
16.08   -7.8351057965e-13
16.09   -1.2850369721e-12
16.1   -1.7303116194e-12
16.11   -2.1123537102e-12
16.12   -2.4257292832e-12
16.13   -2.666551422e-12
16.14   -2.8324622362e-12
16.15   -2.9225978147e-12
16.16   -2.9375373398e-12
16.17   -2.8792375502e-12
16.18   -2.750953739e-12
16.19   -2.5571484766e-12
16.2   -2.3033892442e-12
16.21   -1.9962361671e-12
16.22   -1.6431210343e-12
16.23   -1.2522187933e-12
16.24   -8.3231270637e-13
16.25   -3.9265435764e-13
16.26   0
16.27   0
16.28   0
16.29   0
16.3   0
16.31   0
16.32   0
16.33   0
16.34   0
16.35   0
16.36   0
16.37   0
16.38   0
16.39   0
16.4   0
16.41   0
16.42   0
16.43   0
16.44   0
16.45   0
16.46   0
16.47   0
16.48   0
16.49   0
16.5   0
16.51   0
16.52   0
16.53   0
16.54   0
16.55   0
16.56   0
16.57   0
16.58   0
16.59   0
16.6   0
16.61   0
16.62   0
16.63   0
16.64   0
16.65   0
16.66   0
16.67   0
16.68   0
16.69   0
16.7   0
16.71   0
16.72   0
16.73   0
16.74   0
16.75   0
16.76   0
16.77   0
16.78   0
16.79   0
16.8   0
16.81   0
16.82   0
16.83   0
16.84   0
16.85   0
16.86   0
16.87   0
16.88   0
16.89   0
16.9   0
16.91   0
16.92   0
16.93   0
16.94   0
16.95   0
16.96   0
16.97   0
16.98   0
16.99   0
17   0
17.01   0
17.02   0
17.03   0
17.04   0
17.05   0
17.06   0
17.07   0
17.08   0
17.09   0
17.1   0
17.11   0
17.12   0
17.13   0
17.14   0
17.15   0
17.16   0
17.17   0
17.18   0
17.19   0
17.2   0
17.21   0
17.22   0
17.23   0
17.24   0
17.25   0
17.26   0
17.27   0
17.28   0
17.29   0
17.3   0
17.31   0
17.32   0
17.33   0
17.34   0
17.35   0
17.36   0
17.37   0
17.38   0
17.39   0
17.4   0
17.41   0
17.42   0
17.43   0
17.44   0
17.45   0
17.46   0
17.47   0
17.48   0
17.49   0
17.5   0
17.51   0
17.52   0
17.53   0
17.54   0
17.55   0
17.56   0
17.57   0
17.58   0
17.59   0
17.6   0
17.61   0
17.62   0
17.63   0
17.64   0
17.65   0
17.66   0
17.67   0
17.68   0
17.69   0
17.7   0
17.71   0
17.72   0
17.73   0
17.74   0
17.75   0
17.76   0
17.77   0
17.78   0
17.79   0
17.8   0
17.81   0
17.82   0
17.83   0
17.84   0
17.85   0
17.86   0
17.87   0
17.88   0
17.89   0
17.9   0
17.91   0
17.92   0
17.93   0
17.94   0
17.95   0
17.96   0
17.97   0
17.98   0
17.99   0
18   0
18.01   0
18.02   0
18.03   0
18.04   0
18.05   0
18.06   0
18.07   0
18.08   0
18.09   0
18.1   0
18.11   0
18.12   0
18.13   0
18.14   0
18.15   0
18.16   0
18.17   0
18.18   0
18.19   0
18.2   0
18.21   0
18.22   0
18.23   0
18.24   0
18.25   0
18.26   0
18.27   0
18.28   0
18.29   0
18.3   0
18.31   0
18.32   0
18.33   0
18.34   0
18.35   0
18.36   0
18.37   0
18.38   0
18.39   0
18.4   0
18.41   0
18.42   0
18.43   0
18.44   0
18.45   0
18.46   0
18.47   0
18.48   0
18.49   0
18.5   0
18.51   0
18.52   0
18.53   0
18.54   0
18.55   0
18.56   0
18.57   0
18.58   0
18.59   0
18.6   0
18.61   0
18.62   0
18.63   0
18.64   0
18.65   0
18.66   0
18.67   0
18.68   0
18.69   0
18.7   0
18.71   0
18.72   0
18.73   0
18.74   0
18.75   0
18.76   0
18.77   0
18.78   0
18.79   0
18.8   0
18.81   0
18.82   0
18.83   0
18.84   0
18.85   0
18.86   0
18.87   0
18.88   0
18.89   0
18.9   0
18.91   0
18.92   0
18.93   0
18.94   0
18.95   0
18.96   0
18.97   0
18.98   0
18.99   0
19   0
19.01   0
19.02   0
19.03   0
19.04   0
19.05   0
19.06   0
19.07   0
19.08   0
19.09   0
19.1   0
19.11   0
19.12   0
19.13   0
19.14   0
19.15   0
19.16   0
19.17   0
19.18   0
19.19   0
19.2   0
19.21   0
19.22   0
19.23   0
19.24   0
19.25   0
19.26   0
19.27   0
19.28   0
19.29   0
19.3   0
19.31   0
19.32   0
19.33   0
19.34   0
19.35   0
19.36   0
19.37   0
19.38   0
19.39   0
19.4   0
19.41   0
19.42   0
19.43   0
19.44   0
19.45   0
19.46   0
19.47   0
19.48   0
19.49   0
19.5   0
19.51   0
19.52   0
19.53   0
19.54   0
19.55   0
19.56   0
19.57   0
19.58   0
19.59   0
19.6   0
19.61   0
19.62   0
19.63   0
19.64   0
19.65   0
19.66   0
19.67   0
19.68   0
19.69   0
19.7   0
19.71   0
19.72   0
19.73   0
19.74   0
19.75   0
19.76   0
19.77   0
19.78   0
19.79   0
19.8   0
19.81   0
19.82   0
19.83   0
19.84   0
19.85   0
19.86   0
19.87   0
19.88   0
19.89   0
19.9   0
19.91   0
