0   -2.9050858941e-12
0.01   0.0053239207058
0.02   0.010642745221
0.03   0.015951382743
0.04   0.021244753233
0.05   0.026517792746
0.06   0.031765458695
0.07   0.036982735037
0.08   0.042164637351
0.09   0.04730621781
0.1   0.052402570015
0.11   0.057448833691
0.12   0.062440199229
0.13   0.067371912071
0.14   0.072239276934
0.15   0.077037661868
0.16   0.081762502157
0.17   0.086409304054
0.18   0.090973648379
0.19   0.095451193966
0.2   0.099837680988
0.21   0.10412893416
0.22   0.10832086587
0.23   0.11240947919
0.24   0.11639087086
0.25   0.1202612342
0.26   0.12401686206
0.27   0.1276541497
0.28   0.13116959772
0.29   0.13455981504
0.3   0.13782152191
0.31   0.14095155302
0.32   0.14394686068
0.33   0.14680451807
0.34   0.14952172267
0.35   0.15209579973
0.36   0.15452420584
0.37   0.15680453272
0.38   0.15893451098
0.39   0.16091201405
0.4   0.1627350622
0.41   0.16440182655
0.42   0.16591063321
0.43   0.16725996737
0.44   0.16844847742
0.45   0.16947497897
0.46   0.17033845883
0.47   0.17103807887
0.48   0.17157317967
0.49   0.17194328405
0.5   0.17214810019
0.51   0.17218752467
0.52   0.17206164499
0.53   0.17177074176
0.54   0.17131529049
0.55   0.17069596286
0.56   0.16991362751
0.57   0.16896935025
0.58   0.16786439365
0.59   0.16660021611
0.6   0.16517847017
0.61   0.16360100023
0.62   0.16186983955
0.63   0.15998720651
0.64   0.1579555003
0.65   0.15577729574
0.66   0.15345533752
0.67   0.15099253373
0.68   0.14839194871
0.69   0.14565679527
0.7   0.14279042631
0.71   0.13979632588
0.72   0.13667809972
0.73   0.13343946526
0.74   0.13008424136
0.75   0.12661633747
0.76   0.12303974269
0.77   0.11935851445
0.78   0.11557676713
0.79   0.11169866051
0.8   0.10772838819
0.81   0.10367016615
0.82   0.09952822129
0.83   0.095306780244
0.84   0.091010058426
0.85   0.086642249378
0.86   0.082207514508
0.87   0.077709973263
0.88   0.07315369379
0.89   0.068542684135
0.9   0.063880884025
0.91   0.059172157263
0.92   0.054420284777
0.93   0.049628958334
0.94   0.044801774943
0.95   0.039942231959
0.96   0.035053722882
0.97   0.030139533853
0.98   0.025202840838
0.99   0.020246707471
1   0.015274083543
1.01   0.010287804105
1.02   0.0052905891394
1.03   0.00028504377236
1.04   -0.0047263410265
1.05   -0.0097411873046
1.06   -0.014757228598
1.07   -0.019772308069
1.08   -0.024784376368
1.09   -0.029791489273
1.1   -0.034791805172
1.11   -0.039783582427
1.12   -0.044765176705
1.13   -0.049735038294
1.14   -0.054691709487
1.15   -0.059633822053
1.16   -0.064560094863
1.17   -0.069469331709
1.18   -0.07436041922
1.19   -0.079232325305
1.2   -0.084084097452
1.21   -0.088914861548
1.22   -0.09372381428
1.23   -0.098510210326
1.24   -0.10327334249
1.25   -0.10801253584
1.26   -0.11272714736
1.27   -0.11741657171
1.28   -0.12208023661
1.29   -0.12671759978
1.3   -0.1313281494
1.31   -0.13591140261
1.32   -0.14046690431
1.33   -0.14499422605
1.34   -0.14949296505
1.35   -0.1539627431
1.36   -0.15840320563
1.37   -0.16281402069
1.38   -0.16719487809
1.39   -0.17154548849
1.4   -0.17586558252
1.41   -0.18015490995
1.42   -0.18441323892
1.43   -0.18864035515
1.44   -0.19283606119
1.45   -0.19700017571
1.46   -0.20113253282
1.47   -0.20523298137
1.48   -0.20930138437
1.49   -0.21333761833
1.5   -0.21734157268
1.51   -0.22131314921
1.52   -0.22525226154
1.53   -0.22915883457
1.54   -0.233032804
1.55   -0.23687411584
1.56   -0.240682726
1.57   -0.24445859976
1.58   -0.24820171144
1.59   -0.25191204397
1.6   -0.25558958849
1.61   -0.25923434401
1.62   -0.26284631705
1.63   -0.26642552133
1.64   -0.26997197742
1.65   -0.27348571248
1.66   -0.27696675994
1.67   -0.28041515925
1.68   -0.28383095564
1.69   -0.28721419982
1.7   -0.29056494779
1.71   -0.29388326062
1.72   -0.29716920424
1.73   -0.30042284921
1.74   -0.30364427057
1.75   -0.30683354765
1.76   -0.3099907639
1.77   -0.31311600673
1.78   -0.31620936736
1.79   -0.31927094071
1.8   -0.32230082522
1.81   -0.32529912273
1.82   -0.32826593842
1.83   -0.33120138063
1.84   -0.33410556081
1.85   -0.3369785934
1.86   -0.33982059575
1.87   -0.34263168804
1.88   -0.34541199321
1.89   -0.3481616369
1.9   -0.35088074737
1.91   -0.35356945546
1.92   -0.35622789457
1.93   -0.35885620058
1.94   -0.36145451184
1.95   -0.36402296914
1.96   -0.36656171571
1.97   -0.36907089717
1.98   -0.37155066156
1.99   -0.37400115933
2   -0.37642254335
2.01   -0.37881496891
2.02   -0.38117859378
2.03   -0.38351357817
2.04   -0.38582008483
2.05   -0.38809827904
2.06   -0.39034832866
2.07   -0.3925704042
2.08   -0.39476467882
2.09   -0.39693132843
2.1   -0.39907053169
2.11   -0.40118247012
2.12   -0.40326732808
2.13   -0.40532529289
2.14   -0.40735655483
2.15   -0.40936130718
2.16   -0.41133974629
2.17   -0.41329207158
2.18   -0.41521848555
2.19   -0.41711919382
2.2   -0.4189944051
2.21   -0.42084433117
2.22   -0.42266918686
2.23   -0.42446918999
2.24   -0.4262445613
2.25   -0.42799552434
2.26   -0.42972230538
2.27   -0.43142513325
2.28   -0.43310423918
2.29   -0.43475985663
2.3   -0.43639222105
2.31   -0.43800156964
2.32   -0.43958814111
2.33   -0.44115217533
2.34   -0.44269391306
2.35   -0.44421359561
2.36   -0.44571146441
2.37   -0.4471877607
2.38   -0.44864272507
2.39   -0.45007659707
2.4   -0.45148961476
2.41   -0.45288201426
2.42   -0.45425402932
2.43   -0.45560589087
2.44   -0.45693782657
2.45   -0.45825006038
2.46   -0.45954281211
2.47   -0.46081629706
2.48   -0.4620707256
2.49   -0.46330630282
2.5   -0.4645232282
2.51   -0.46572169536
2.52   -0.46690189172
2.53   -0.46806399837
2.54   -0.46920818985
2.55   -0.47033463402
2.56   -0.47144349203
2.57   -0.47253491822
2.58   -0.47360906017
2.59   -0.47466605873
2.6   -0.47570604816
2.61   -0.47672915621
2.62   -0.47773550431
2.63   -0.47872520782
2.64   -0.47969837623
2.65   -0.48065511343
2.66   -0.481595518
2.67   -0.48251968354
2.68   -0.48342769896
2.69   -0.48431964883
2.7   -0.48519561369
2.71   -0.48605567045
2.72   -0.48689989264
2.73   -0.48772835082
2.74   -0.48854111287
2.75   -0.4893382443
2.76   -0.49011980855
2.77   -0.49088586732
2.78   -0.49163648079
2.79   -0.49237170789
2.8   -0.49309160657
2.81   -0.49379623399
2.82   -0.49448564673
2.83   -0.49515990097
2.84   -0.49581905269
2.85   -0.49646315779
2.86   -0.49709227223
2.87   -0.49770645217
2.88   -0.49830575403
2.89   -0.49889023466
2.9   -0.49945995133
2.91   -0.50001496186
2.92   -0.50055532464
2.93   -0.50108109869
2.94   -0.5015923437
2.95   -0.50208912004
2.96   -0.5025714888
2.97   -0.50303951178
2.98   -0.50349325151
2.99   -0.50393277126
3   -0.50435813503
3.01   -0.50476940752
3.02   -0.50516665416
3.03   -0.50554994106
3.04   -0.50591933502
3.05   -0.5062749035
3.06   -0.50661671459
3.07   -0.50694483701
3.08   -0.50725934006
3.09   -0.50756029364
3.1   -0.50784776819
3.11   -0.50812183465
3.12   -0.50838256449
3.13   -0.50863002964
3.14   -0.5088643025
3.15   -0.50908545588
3.16   -0.509293563
3.17   -0.50948869746
3.18   -0.50967093323
3.19   -0.50984034459
3.2   -0.50999700616
3.21   -0.51014099284
3.22   -0.51027237981
3.23   -0.5103912425
3.24   -0.51049765658
3.25   -0.51059169793
3.26   -0.51067344263
3.27   -0.51074296694
3.28   -0.5108003473
3.29   -0.51084566028
3.3   -0.51087898261
3.31   -0.51090039112
3.32   -0.51090996276
3.33   -0.51090777457
3.34   -0.51089390369
3.35   -0.5108684273
3.36   -0.51083142267
3.37   -0.51078296711
3.38   -0.51072313796
3.39   -0.5106520126
3.4   -0.51056966844
3.41   -0.51047618289
3.42   -0.51037163336
3.43   -0.51025609727
3.44   -0.51012965202
3.45   -0.50999237499
3.46   -0.50984434356
3.47   -0.50968563503
3.48   -0.50951632672
3.49   -0.50933649587
3.5   -0.50914621967
3.51   -0.50894557529
3.52   -0.50873463981
3.53   -0.50851349025
3.54   -0.50828220358
3.55   -0.5080408567
3.56   -0.5077895264
3.57   -0.50752828943
3.58   -0.50725722243
3.59   -0.50697640198
3.6   -0.50668590454
3.61   -0.5063858065
3.62   -0.50607618415
3.63   -0.50575711366
3.64   -0.50542867112
3.65   -0.50509093251
3.66   -0.50474397371
3.67   -0.50438787046
3.68   -0.50402269843
3.69   -0.50364853314
3.7   -0.50326545001
3.71   -0.50287352433
3.72   -0.50247283127
3.73   -0.50206344589
3.74   -0.50164544311
3.75   -0.50121889771
3.76   -0.50078388436
3.77   -0.50034047759
3.78   -0.49988875179
3.79   -0.49942878122
3.8   -0.49896063999
3.81   -0.49848440207
3.82   -0.4980001413
3.83   -0.49750793136
3.84   -0.4970078458
3.85   -0.49649995798
3.86   -0.49598434116
3.87   -0.49546106841
3.88   -0.49493021265
3.89   -0.49439184665
3.9   -0.49384604301
3.91   -0.49329287418
3.92   -0.49273241244
3.93   -0.49216472988
3.94   -0.49158989846
3.95   -0.49100798994
3.96   -0.49041907591
3.97   -0.4898232278
3.98   -0.48922051683
3.99   -0.48861101406
4   -0.48799479038
4.01   -0.48737191645
4.02   -0.48674246279
4.03   -0.4861064997
4.04   -0.48546409729
4.05   -0.48481532547
4.06   -0.48416025398
4.07   -0.48349895231
4.08   -0.48283148979
4.09   -0.48215793552
4.1   -0.48147835839
4.11   -0.48079282708
4.12   -0.48010141008
4.13   -0.47940417561
4.14   -0.47870119173
4.15   -0.47799252622
4.16   -0.47727824668
4.17   -0.47655842045
4.18   -0.47583311465
4.19   -0.47510239617
4.2   -0.47436633166
4.21   -0.47362498752
4.22   -0.47287842991
4.23   -0.47212672475
4.24   -0.47136993771
4.25   -0.4706081342
4.26   -0.46984137939
4.27   -0.46906973818
4.28   -0.46829327521
4.29   -0.46751205486
4.3   -0.46672614124
4.31   -0.46593559819
4.32   -0.46514048929
4.33   -0.46434087783
4.34   -0.46353682682
4.35   -0.462728399
4.36   -0.46191565682
4.37   -0.46109866245
4.38   -0.46027747777
4.39   -0.45945216437
4.4   -0.45862278352
4.41   -0.45778939622
4.42   -0.45695206318
4.43   -0.45611084477
4.44   -0.45526580108
4.45   -0.45441699188
4.46   -0.45356447666
4.47   -0.45270831455
4.48   -0.4518485644
4.49   -0.45098528472
4.5   -0.45011853372
4.51   -0.44924836928
4.52   -0.44837484895
4.53   -0.44749802995
4.54   -0.44661796919
4.55   -0.44573472322
4.56   -0.44484834829
4.57   -0.44395890028
4.58   -0.44306643477
4.59   -0.44217100696
4.6   -0.44127267174
4.61   -0.44037148365
4.62   -0.43946749687
4.63   -0.43856076525
4.64   -0.4376513423
4.65   -0.43673928115
4.66   -0.4358246346
4.67   -0.43490745509
4.68   -0.43398779472
4.69   -0.43306570522
4.7   -0.43214123796
4.71   -0.43121444397
4.72   -0.43028537389
4.73   -0.42935407804
4.74   -0.42842060635
4.75   -0.42748500839
4.76   -0.42654733337
4.77   -0.42560763015
4.78   -0.42466594721
4.79   -0.42372233266
4.8   -0.42277683426
4.81   -0.42182949938
4.82   -0.42088037505
4.83   -0.41992950791
4.84   -0.41897694425
4.85   -0.41802272997
4.86   -0.41706691062
4.87   -0.41610953137
4.88   -0.41515063702
4.89   -0.414190272
4.9   -0.41322848039
4.91   -0.41226530586
4.92   -0.41130079176
4.93   -0.41033498103
4.94   -0.40936791625
4.95   -0.40839963965
4.96   -0.40743019307
4.97   -0.40645961799
4.98   -0.40548795552
4.99   -0.40451524641
5   -0.40354153102
5.01   -0.40256684937
5.02   -0.4015912411
5.03   -0.40061474548
5.04   -0.39963740144
5.05   -0.39865924751
5.06   -0.39768032188
5.07   -0.39670066238
5.08   -0.39572030647
5.09   -0.39473929124
5.1   -0.39375765344
5.11   -0.39277542945
5.12   -0.3917926553
5.13   -0.39080936665
5.14   -0.38982559882
5.15   -0.38884138676
5.16   -0.38785676509
5.17   -0.38687176805
5.18   -0.38588642955
5.19   -0.38490078315
5.2   -0.38391486206
5.21   -0.38292869913
5.22   -0.38194232688
5.23   -0.38095577749
5.24   -0.37996908278
5.25   -0.37898227426
5.26   -0.37799538306
5.27   -0.37700844002
5.28   -0.3760214756
5.29   -0.37503451996
5.3   -0.3740476029
5.31   -0.37306075393
5.32   -0.37207400218
5.33   -0.37108737649
5.34   -0.37010090535
5.35   -0.36911461696
5.36   -0.36812853916
5.37   -0.3671426995
5.38   -0.36615712519
5.39   -0.36517184314
5.4   -0.36418687994
5.41   -0.36320226187
5.42   -0.36221801489
5.43   -0.36123416467
5.44   -0.36025073655
5.45   -0.35926775559
5.46   -0.35828524653
5.47   -0.35730323383
5.48   -0.35632174161
5.49   -0.35534079374
5.5   -0.35436041378
5.51   -0.35338062498
5.52   -0.35240145032
5.53   -0.35142291248
5.54   -0.35044503387
5.55   -0.34946783661
5.56   -0.34849134252
5.57   -0.34751557315
5.58   -0.34654054979
5.59   -0.34556629343
5.6   -0.34459282481
5.61   -0.34362016437
5.62   -0.3426483323
5.63   -0.34167734851
5.64   -0.34070723267
5.65   -0.33973800417
5.66   -0.33876968212
5.67   -0.33780228541
5.68   -0.33683583264
5.69   -0.33587034217
5.7   -0.33490583212
5.71   -0.33394232033
5.72   -0.33297982442
5.73   -0.33201836174
5.74   -0.33105794943
5.75   -0.33009860434
5.76   -0.32914034312
5.77   -0.32818318217
5.78   -0.32722713765
5.79   -0.32627222548
5.8   -0.32531846138
5.81   -0.3243658608
5.82   -0.323414439
5.83   -0.32246421097
5.84   -0.32151519153
5.85   -0.32056739524
5.86   -0.31962083646
5.87   -0.31867552931
5.88   -0.31773148774
5.89   -0.31678872543
5.9   -0.3158472559
5.91   -0.31490709243
5.92   -0.3139682481
5.93   -0.3130307358
5.94   -0.31209456819
5.95   -0.31115975776
5.96   -0.31022631677
5.97   -0.30929425732
5.98   -0.30836359127
5.99   -0.30743433032
6   -0.30650648597
6.01   -0.30558006954
6.02   -0.30465509215
6.03   -0.30373156472
6.04   -0.30280949803
6.05   -0.30188890265
6.06   -0.30096978896
6.07   -0.30005216719
6.08   -0.29913604737
6.09   -0.29822143938
6.1   -0.2973083529
6.11   -0.29639679747
6.12   -0.29548678243
6.13   -0.29457831698
6.14   -0.29367141013
6.15   -0.29276607076
6.16   -0.29186230756
6.17   -0.29096012906
6.18   -0.29005954366
6.19   -0.28916055957
6.2   -0.28826318488
6.21   -0.28736742748
6.22   -0.28647329516
6.23   -0.28558079553
6.24   -0.28468993607
6.25   -0.28380072408
6.26   -0.28291316676
6.27   -0.28202727114
6.28   -0.28114304412
6.29   -0.28026049245
6.3   -0.27937962275
6.31   -0.27850044149
6.32   -0.27762295504
6.33   -0.27674716959
6.34   -0.27587309124
6.35   -0.27500072593
6.36   -0.27413007949
6.37   -0.2732611576
6.38   -0.27239396585
6.39   -0.27152850967
6.4   -0.27066479438
6.41   -0.2698028252
6.42   -0.26894260719
6.43   -0.26808414533
6.44   -0.26722744445
6.45   -0.26637250929
6.46   -0.26551934446
6.47   -0.26466795447
6.48   -0.2638183437
6.49   -0.26297051644
6.5   -0.26212447686
6.51   -0.26128022902
6.52   -0.26043777689
6.53   -0.25959712431
6.54   -0.25875827504
6.55   -0.25792123272
6.56   -0.25708600091
6.57   -0.25625258303
6.58   -0.25542098246
6.59   -0.25459120243
6.6   -0.2537632461
6.61   -0.25293711653
6.62   -0.25211281668
6.63   -0.25129034944
6.64   -0.25046971758
6.65   -0.24965092379
6.66   -0.24883397068
6.67   -0.24801886076
6.68   -0.24720559646
6.69   -0.24639418012
6.7   -0.245584614
6.71   -0.24477690028
6.72   -0.24397104104
6.73   -0.2431670383
6.74   -0.24236489399
6.75   -0.24156460995
6.76   -0.24076618796
6.77   -0.23996962973
6.78   -0.23917493685
6.79   -0.23838211089
6.8   -0.2375911533
6.81   -0.2368020655
6.82   -0.23601484879
6.83   -0.23522950443
6.84   -0.23444603362
6.85   -0.23366443745
6.86   -0.23288471698
6.87   -0.23210687318
6.88   -0.23133090696
6.89   -0.23055681916
6.9   -0.22978461058
6.91   -0.22901428192
6.92   -0.22824583383
6.93   -0.22747926691
6.94   -0.22671458168
6.95   -0.22595177862
6.96   -0.22519085812
6.97   -0.22443182055
6.98   -0.22367466619
6.99   -0.22291939527
7   -0.22216600798
7.01   -0.22141450443
7.02   -0.2206648847
7.03   -0.21991714878
7.04   -0.21917129665
7.05   -0.2184273282
7.06   -0.21768524329
7.07   -0.21694504173
7.08   -0.21620672326
7.09   -0.21547028759
7.1   -0.21473573437
7.11   -0.2140030632
7.12   -0.21327227364
7.13   -0.2125433652
7.14   -0.21181633734
7.15   -0.21109118948
7.16   -0.21036792098
7.17   -0.20964653118
7.18   -0.20892701936
7.19   -0.20820938476
7.2   -0.20749362657
7.21   -0.20677974395
7.22   -0.20606773602
7.23   -0.20535760184
7.24   -0.20464934044
7.25   -0.20394295083
7.26   -0.20323843195
7.27   -0.20253578271
7.28   -0.201835002
7.29   -0.20113608866
7.3   -0.20043904147
7.31   -0.19974385922
7.32   -0.19905054063
7.33   -0.19835908439
7.34   -0.19766948916
7.35   -0.19698175358
7.36   -0.19629587622
7.37   -0.19561185566
7.38   -0.1949296904
7.39   -0.19424937895
7.4   -0.19357091977
7.41   -0.19289431129
7.42   -0.1922195519
7.43   -0.19154663997
7.44   -0.19087557384
7.45   -0.19020635182
7.46   -0.18953897218
7.47   -0.18887343319
7.48   -0.18820973305
7.49   -0.18754786997
7.5   -0.1868878421
7.51   -0.1862296476
7.52   -0.18557328456
7.53   -0.18491875108
7.54   -0.18426604523
7.55   -0.18361516502
7.56   -0.18296610848
7.57   -0.18231887359
7.58   -0.1816734583
7.59   -0.18102986056
7.6   -0.18038807828
7.61   -0.17974810935
7.62   -0.17910995164
7.63   -0.17847360298
7.64   -0.17783906121
7.65   -0.17720632412
7.66   -0.17657538949
7.67   -0.17594625507
7.68   -0.17531891862
7.69   -0.17469337783
7.7   -0.17406963041
7.71   -0.17344767403
7.72   -0.17282750634
7.73   -0.17220912499
7.74   -0.1715925276
7.75   -0.17097771175
7.76   -0.17036467503
7.77   -0.16975341501
7.78   -0.16914392922
7.79   -0.16853621519
7.8   -0.16793027044
7.81   -0.16732609245
7.82   -0.1667236787
7.83   -0.16612302665
7.84   -0.16552413373
7.85   -0.16492699739
7.86   -0.16433161502
7.87   -0.16373798402
7.88   -0.16314610177
7.89   -0.16255596564
7.9   -0.16196757297
7.91   -0.16138092111
7.92   -0.16079600737
7.93   -0.16021282905
7.94   -0.15963138346
7.95   -0.15905166786
7.96   -0.15847367953
7.97   -0.15789741572
7.98   -0.15732287366
7.99   -0.15675005059
8   -0.15617894372
8.01   -0.15560955025
8.02   -0.15504186736
8.03   -0.15447589224
8.04   -0.15391162205
8.05   -0.15334905394
8.06   -0.15278818506
8.07   -0.15222901255
8.08   -0.1516715335
8.09   -0.15111574505
8.1   -0.15056164428
8.11   -0.15000922829
8.12   -0.14945849415
8.13   -0.14890943893
8.14   -0.14836205968
8.15   -0.14781635346
8.16   -0.1472723173
8.17   -0.14672994823
8.18   -0.14618924328
8.19   -0.14565019944
8.2   -0.14511281373
8.21   -0.14457708313
8.22   -0.14404300463
8.23   -0.1435105752
8.24   -0.14297979181
8.25   -0.14245065141
8.26   -0.14192315097
8.27   -0.14139728741
8.28   -0.14087305768
8.29   -0.1403504587
8.3   -0.13982948739
8.31   -0.13931014066
8.32   -0.13879241542
8.33   -0.13827630856
8.34   -0.13776181698
8.35   -0.13724893755
8.36   -0.13673766716
8.37   -0.13622800268
8.38   -0.13571994097
8.39   -0.13521347888
8.4   -0.13470861327
8.41   -0.13420534098
8.42   -0.13370365886
8.43   -0.13320356373
8.44   -0.13270505242
8.45   -0.13220812176
8.46   -0.13171276856
8.47   -0.13121898963
8.48   -0.13072678177
8.49   -0.1302361418
8.5   -0.12974706649
8.51   -0.12925955266
8.52   -0.12877359706
8.53   -0.1282891965
8.54   -0.12780634775
8.55   -0.12732504757
8.56   -0.12684529273
8.57   -0.12636708
8.58   -0.12589040614
8.59   -0.12541526789
8.6   -0.12494166201
8.61   -0.12446958525
8.62   -0.12399903435
8.63   -0.12353000604
8.64   -0.12306249706
8.65   -0.12259650415
8.66   -0.12213202402
8.67   -0.12166905341
8.68   -0.12120758904
8.69   -0.12074762762
8.7   -0.12028916587
8.71   -0.1198322005
8.72   -0.11937672821
8.73   -0.11892274573
8.74   -0.11847024974
8.75   -0.11801923695
8.76   -0.11756970405
8.77   -0.11712164774
8.78   -0.11667506472
8.79   -0.11622995168
8.8   -0.11578630529
8.81   -0.11534412226
8.82   -0.11490339925
8.83   -0.11446413296
8.84   -0.11402632006
8.85   -0.11358995723
8.86   -0.11315504115
8.87   -0.11272156849
8.88   -0.11228953593
8.89   -0.11185894012
8.9   -0.11142977775
8.91   -0.11100204548
8.92   -0.11057573998
8.93   -0.11015085791
8.94   -0.10972739594
8.95   -0.10930535073
8.96   -0.10888471893
8.97   -0.10846549722
8.98   -0.10804768225
8.99   -0.10763127068
9   -0.10721625916
9.01   -0.10680264436
9.02   -0.10639042293
9.03   -0.10597959153
9.04   -0.1055701468
9.05   -0.10516208541
9.06   -0.10475540401
9.07   -0.10435009926
9.08   -0.1039461678
9.09   -0.10354360629
9.1   -0.10314241138
9.11   -0.10274257973
9.12   -0.10234410799
9.13   -0.1019469928
9.14   -0.10155123083
9.15   -0.10115681873
9.16   -0.10076375315
9.17   -0.10037203074
9.18   -0.099981648153
9.19   -0.099592602048
9.2   -0.099204889078
9.21   -0.098818505896
9.22   -0.098433449158
9.23   -0.098049715521
9.24   -0.097667301639
9.25   -0.097286204171
9.26   -0.096906419775
9.27   -0.096527945108
9.28   -0.09615077683
9.29   -0.095774911603
9.3   -0.095400346086
9.31   -0.095027076943
9.32   -0.094655100836
9.33   -0.094284414431
9.34   -0.093915014392
9.35   -0.093546897387
9.36   -0.093180060084
9.37   -0.092814499152
9.38   -0.092450211263
9.39   -0.092087193088
9.4   -0.091725441301
9.41   -0.091364952577
9.42   -0.091005723594
9.43   -0.090647751029
9.44   -0.090291031563
9.45   -0.089935561878
9.46   -0.089581338657
9.47   -0.089228358586
9.48   -0.088876618352
9.49   -0.088526114645
9.5   -0.088176844155
9.51   -0.087828803575
9.52   -0.087481989601
9.53   -0.087136398931
9.54   -0.086792028263
9.55   -0.086448874299
9.56   -0.086106933743
9.57   -0.085766203301
9.58   -0.085426679683
9.59   -0.085088359597
9.6   -0.084751239758
9.61   -0.084415316882
9.62   -0.084080587686
9.63   -0.083747048891
9.64   -0.083414697221
9.65   -0.083083529402
9.66   -0.082753542162
9.67   -0.082424732232
9.68   -0.082097096346
9.69   -0.081770631242
9.7   -0.081445333659
9.71   -0.08112120034
9.72   -0.08079822803
9.73   -0.080476413477
9.74   -0.080155753434
9.75   -0.079836244653
9.76   -0.079517883894
9.77   -0.079200667917
9.78   -0.078884593485
9.79   -0.078569657365
9.8   -0.078255856328
9.81   -0.077943187147
9.82   -0.077631646599
9.83   -0.077321231464
9.84   -0.077011938526
9.85   -0.076703764572
9.86   -0.076396706391
9.87   -0.076090760778
9.88   -0.07578592453
9.89   -0.075482194448
9.9   -0.075179567337
9.91   -0.074878040005
9.92   -0.074577609263
9.93   -0.074278271928
9.94   -0.073980024818
9.95   -0.073682864757
9.96   -0.07338678857
9.97   -0.07309179309
9.98   -0.07279787515
9.99   -0.07250503159
10   -0.07221325925
10.01   -0.071922554979
10.02   -0.071632915625
10.03   -0.071344338044
10.04   -0.071056819093
10.05   -0.070770355636
10.06   -0.070484944539
10.07   -0.070200582673
10.08   -0.069917266913
10.09   -0.069634994137
10.1   -0.069353761231
10.11   -0.06907356508
10.12   -0.068794402578
10.13   -0.06851627062
10.14   -0.068239166108
10.15   -0.067963085947
10.16   -0.067688027046
10.17   -0.067413986318
10.18   -0.067140960684
10.19   -0.066868947065
10.2   -0.06659794239
10.21   -0.066327943589
10.22   -0.066058947601
10.23   -0.065790951366
10.24   -0.065523951831
10.25   -0.065257945945
10.26   -0.064992930665
10.27   -0.06472890295
10.28   -0.064465859765
10.29   -0.064203798079
10.3   -0.063942714868
10.31   -0.063682607109
10.32   -0.063423471788
10.33   -0.063165305893
10.34   -0.062908106417
10.35   -0.062651870361
10.36   -0.062396594726
10.37   -0.062142276522
10.38   -0.061888912762
10.39   -0.061636500466
10.4   -0.061385036656
10.41   -0.061134518361
10.42   -0.060884942615
10.43   -0.060636306458
10.44   -0.060388606932
10.45   -0.060141841087
10.46   -0.059896005978
10.47   -0.059651098663
10.48   -0.059407116208
10.49   -0.059164055683
10.5   -0.058921914162
10.51   -0.058680688726
10.52   -0.058440376461
10.53   -0.058200974458
10.54   -0.057962479812
10.55   -0.057724889627
10.56   -0.057488201008
10.57   -0.057252411068
10.58   -0.057017516926
10.59   -0.056783515703
10.6   -0.05655040453
10.61   -0.05631818054
10.62   -0.056086840872
10.63   -0.055856382672
10.64   -0.05562680309
10.65   -0.055398099283
10.66   -0.055170268411
10.67   -0.054943307643
10.68   -0.05471721415
10.69   -0.054491985112
10.7   -0.054267617712
10.71   -0.054044109139
10.72   -0.05382145659
10.73   -0.053599657264
10.74   -0.053378708368
10.75   -0.053158607114
10.76   -0.05293935072
10.77   -0.05272093641
10.78   -0.052503361413
10.79   -0.052286622963
10.8   -0.052070718302
10.81   -0.051855644676
10.82   -0.051641399337
10.83   -0.051427979543
10.84   -0.051215382559
10.85   -0.051003605652
10.86   -0.0507926461
10.87   -0.050582501183
10.88   -0.050373168188
10.89   -0.050164644409
10.9   -0.049956927143
10.91   -0.049750013696
10.92   -0.049543901379
10.93   -0.049338587507
10.94   -0.049134069403
10.95   -0.048930344395
10.96   -0.048727409818
10.97   -0.048525263011
10.98   -0.048323901321
10.99   -0.048123322099
11   -0.047923522704
11.01   -0.047724500499
11.02   -0.047526252855
11.03   -0.047328777147
11.04   -0.047132070758
11.05   -0.046936131074
11.06   -0.04674095549
11.07   -0.046546541406
11.08   -0.046352886228
11.09   -0.046159987368
11.1   -0.045967842244
11.11   -0.04577644828
11.12   -0.045585802905
11.13   -0.045395903557
11.14   -0.045206747678
11.15   -0.045018332715
11.16   -0.044830656123
11.17   -0.044643715363
11.18   -0.044457507902
11.19   -0.044272031211
11.2   -0.04408728277
11.21   -0.043903260063
11.22   -0.043719960582
11.23   -0.043537381824
11.24   -0.043355521292
11.25   -0.043174376495
11.26   -0.042993944948
11.27   -0.042814224174
11.28   -0.0426352117
11.29   -0.04245690506
11.3   -0.042279301794
11.31   -0.042102399448
11.32   -0.041926195575
11.33   -0.041750687732
11.34   -0.041575873485
11.35   -0.041401750405
11.36   -0.041228316067
11.37   -0.041055568056
11.38   -0.040883503961
11.39   -0.040712121377
11.4   -0.040541417906
11.41   -0.040371391155
11.42   -0.040202038739
11.43   -0.040033358278
11.44   -0.039865347397
11.45   -0.03969800373
11.46   -0.039531324915
11.47   -0.039365308596
11.48   -0.039199952426
11.49   -0.039035254061
11.5   -0.038871211164
11.51   -0.038707821405
11.52   -0.03854508246
11.53   -0.038382992011
11.54   -0.038221547745
11.55   -0.038060747357
11.56   -0.037900588548
11.57   -0.037741069024
11.58   -0.037582186497
11.59   -0.037423938687
11.6   -0.03726632332
11.61   -0.037109338125
11.62   -0.036952980841
11.63   -0.036797249211
11.64   -0.036642140986
11.65   -0.03648765392
11.66   -0.036333785777
11.67   -0.036180534324
11.68   -0.036027897336
11.69   -0.035875872594
11.7   -0.035724457884
11.71   -0.035573651
11.72   -0.03542344974
11.73   -0.035273851909
11.74   -0.03512485532
11.75   -0.034976457789
11.76   -0.034828657139
11.77   -0.034681451202
11.78   -0.034534837813
11.79   -0.034388814813
11.8   -0.034243380051
11.81   -0.034098531381
11.82   -0.033954266664
11.83   -0.033810583765
11.84   -0.033667480559
11.85   -0.033524954922
11.86   -0.033383004741
11.87   -0.033241627905
11.88   -0.033100822313
11.89   -0.032960585866
11.9   -0.032820916474
11.91   -0.032681812053
11.92   -0.032543270524
11.93   -0.032405289813
11.94   -0.032267867854
11.95   -0.032131002587
11.96   -0.031994691958
11.97   -0.031858933917
11.98   -0.031723726422
11.99   -0.031589067438
12   -0.031454954933
12.01   -0.031321386883
12.02   -0.031188361269
12.03   -0.031055876081
12.04   -0.03092392931
12.05   -0.030792518957
12.06   -0.030661643027
12.07   -0.030531299533
12.08   -0.030401486491
12.09   -0.030272201925
12.1   -0.030143443864
12.11   -0.030015210345
12.12   -0.029887499408
12.13   -0.029760309101
12.14   -0.029633637477
12.15   -0.029507482595
12.16   -0.02938184252
12.17   -0.029256715324
12.18   -0.029132099084
12.19   -0.029007991881
12.2   -0.028884391805
12.21   -0.028761296951
12.22   -0.028638705418
12.23   -0.028516615314
12.24   -0.028395024749
12.25   -0.028273931844
12.26   -0.02815333472
12.27   -0.028033231508
12.28   -0.027913620343
12.29   -0.027794499368
12.3   -0.027675866727
12.31   -0.027557720576
12.32   -0.027440059072
12.33   -0.027322880379
12.34   -0.027206182669
12.35   -0.027089964117
12.36   -0.026974222905
12.37   -0.02685895722
12.38   -0.026744165255
12.39   -0.02662984521
12.4   -0.026515995289
12.41   -0.026402613703
12.42   -0.026289698668
12.43   -0.026177248405
12.44   -0.026065261142
12.45   -0.025953735111
12.46   -0.025842668553
12.47   -0.025732059711
12.48   -0.025621906835
12.49   -0.02551220818
12.5   -0.02540296201
12.51   -0.025294166589
12.52   -0.025185820191
12.53   -0.025077921094
12.54   -0.024970467581
12.55   -0.024863457943
12.56   -0.024756890473
12.57   -0.024650763471
12.58   -0.024545075245
12.59   -0.024439824106
12.6   -0.024335008369
12.61   -0.024230626359
12.62   -0.024126676402
12.63   -0.024023156833
12.64   -0.02392006599
12.65   -0.023817402218
12.66   -0.023715163866
12.67   -0.023613349291
12.68   -0.023511956852
12.69   -0.023410984916
12.7   -0.023310431854
12.71   -0.023210296044
12.72   -0.023110575868
12.73   -0.023011269714
12.74   -0.022912375974
12.75   -0.022813893049
12.76   -0.02271581934
12.77   -0.022618153258
12.78   -0.022520893217
12.79   -0.022424037637
12.8   -0.022327584942
12.81   -0.022231533565
12.82   -0.02213588194
12.83   -0.022040628508
12.84   -0.021945771716
12.85   -0.021851310015
12.86   -0.021757241861
12.87   -0.021663565718
12.88   -0.021570280052
12.89   -0.021477383335
12.9   -0.021384874046
12.91   -0.021292750666
12.92   -0.021201011684
12.93   -0.021109655594
12.94   -0.021018680893
12.95   -0.020928086084
12.96   -0.020837869677
12.97   -0.020748030184
12.98   -0.020658566126
12.99   -0.020569476024
13   -0.02048075841
13.01   -0.020392411815
13.02   -0.02030443478
13.03   -0.020216825849
13.04   -0.02012958357
13.05   -0.020042706498
13.06   -0.019956193191
13.07   -0.019870042215
13.08   -0.019784252138
13.09   -0.019698821534
13.1   -0.019613748983
13.11   -0.019529033067
13.12   -0.019444672377
13.13   -0.019360665506
13.14   -0.019277011053
13.15   -0.019193707622
13.16   -0.01911075382
13.17   -0.019028148262
13.18   -0.018945889566
13.19   -0.018863976355
13.2   -0.018782407256
13.21   -0.018701180904
13.22   -0.018620295935
13.23   -0.018539750992
13.24   -0.018459544722
13.25   -0.018379675777
13.26   -0.018300142814
13.27   -0.018220944494
13.28   -0.018142079484
13.29   -0.018063546455
13.3   -0.017985344083
13.31   -0.017907471047
13.32   -0.017829926034
13.33   -0.017752707733
13.34   -0.017675814837
13.35   -0.017599246048
13.36   -0.017523000068
13.37   -0.017447075605
13.38   -0.017371471374
13.39   -0.017296186091
13.4   -0.017221218479
13.41   -0.017146567265
13.42   -0.017072231179
13.43   -0.016998208959
13.44   -0.016924499344
13.45   -0.01685110108
13.46   -0.016778012917
13.47   -0.016705233607
13.48   -0.016632761911
13.49   -0.016560596591
13.5   -0.016488736414
13.51   -0.016417180153
13.52   -0.016345926585
13.53   -0.016274974489
13.54   -0.016204322653
13.55   -0.016133969864
13.56   -0.016063914918
13.57   -0.015994156613
13.58   -0.015924693751
13.59   -0.015855525141
13.6   -0.015786649594
13.61   -0.015718065926
13.62   -0.015649772958
13.63   -0.015581769513
13.64   -0.015514054421
13.65   -0.015446626515
13.66   -0.015379484633
13.67   -0.015312627616
13.68   -0.015246054311
13.69   -0.015179763568
13.7   -0.015113754241
13.71   -0.015048025189
13.72   -0.014982575275
13.73   -0.014917403366
13.74   -0.014852508334
13.75   -0.014787889054
13.76   -0.014723544405
13.77   -0.014659473273
13.78   -0.014595674543
13.79   -0.014532147109
13.8   -0.014468889867
13.81   -0.014405901717
13.82   -0.014343181564
13.83   -0.014280728315
13.84   -0.014218540883
13.85   -0.014156618185
13.86   -0.014094959142
13.87   -0.014033562678
13.88   -0.013972427722
13.89   -0.013911553206
13.9   -0.013850938067
13.91   -0.013790581245
13.92   -0.013730481686
13.93   -0.013670638337
13.94   -0.013611050151
13.95   -0.013551716085
13.96   -0.013492635099
13.97   -0.013433806157
13.98   -0.013375228227
13.99   -0.013316900281
14   -0.013258821296
14.01   -0.01320099025
14.02   -0.013143406127
14.03   -0.013086067915
14.04   -0.013028974605
14.05   -0.012972125192
14.06   -0.012915518675
14.07   -0.012859154057
14.08   -0.012803030344
14.09   -0.012747146545
14.1   -0.012691501676
14.11   -0.012636094753
14.12   -0.012580924798
14.13   -0.012525990837
14.14   -0.012471291898
14.15   -0.012416827013
14.16   -0.012362595219
14.17   -0.012308595555
14.18   -0.012254827066
14.19   -0.012201288798
14.2   -0.012147979802
14.21   -0.012094899133
14.22   -0.012042045848
14.23   -0.01198941901
14.24   -0.011937017683
14.25   -0.011884840937
14.26   -0.011832887843
14.27   -0.011781157478
14.28   -0.011729648921
14.29   -0.011678361256
14.3   -0.011627293568
14.31   -0.011576444948
14.32   -0.011525814489
14.33   -0.011475401289
14.34   -0.011425204447
14.35   -0.011375223069
14.36   -0.011325456261
14.37   -0.011275903134
14.38   -0.011226562803
14.39   -0.011177434385
14.4   -0.011128517001
14.41   -0.011079809777
14.42   -0.011031311839
14.43   -0.010983022319
14.44   -0.010934940353
14.45   -0.010887065077
14.46   -0.010839395634
14.47   -0.010791931167
14.48   -0.010744670825
14.49   -0.01069761376
14.5   -0.010650759126
14.51   -0.01060410608
14.52   -0.010557653784
14.53   -0.010511401403
14.54   -0.010465348104
14.55   -0.010419493058
14.56   -0.010373835439
14.57   -0.010328374425
14.58   -0.010283109196
14.59   -0.010238038937
14.6   -0.010193162833
14.61   -0.010148480076
14.62   -0.010103989858
14.63   -0.010059691376
14.64   -0.01001558383
14.65   -0.009971666423
14.66   -0.0099279383601
14.67   -0.0098843988507
14.68   -0.0098410471068
14.69   -0.0097978823439
14.7   -0.0097549037801
14.71   -0.0097121106367
14.72   -0.0096695021384
14.73   -0.0096270775125
14.74   -0.0095848359896
14.75   -0.0095427768032
14.76   -0.00950089919
14.77   -0.0094592023895
14.78   -0.0094176856443
14.79   -0.0093763481999
14.8   -0.0093351893051
14.81   -0.0092942082112
14.82   -0.0092534041727
14.83   -0.0092127764472
14.84   -0.0091723242949
14.85   -0.0091320469791
14.86   -0.0090919437661
14.87   -0.009052013925
14.88   -0.0090122567279
14.89   -0.0089726714495
14.9   -0.0089332573677
14.91   -0.0088940137631
14.92   -0.0088549399193
14.93   -0.0088160351226
14.94   -0.0087772986621
14.95   -0.0087387298299
14.96   -0.0087003279209
14.97   -0.0086620922326
14.98   -0.0086240220655
14.99   -0.0085861167227
15   -0.0085483755104
15.01   -0.0085107977373
15.02   -0.0084733827148
15.03   -0.0084361297573
15.04   -0.0083990381818
15.05   -0.0083621073079
15.06   -0.0083253364582
15.07   -0.0082887249578
15.08   -0.0082522721346
15.09   -0.0082159773192
15.1   -0.0081798398446
15.11   -0.008143859047
15.12   -0.0081080342647
15.13   -0.0080723648391
15.14   -0.008036850114
15.15   -0.0080014894358
15.16   -0.0079662821538
15.17   -0.0079312276195
15.18   -0.0078963251875
15.19   -0.0078615742144
15.2   -0.00782697406
15.21   -0.0077925240862
15.22   -0.0077582236577
15.23   -0.0077240721417
15.24   -0.007690068908
15.25   -0.0076562133289
15.26   -0.0076225047791
15.27   -0.0075889426361
15.28   -0.0075555262797
15.29   -0.0075222550923
15.3   -0.0074891284586
15.31   -0.0074561457662
15.32   -0.0074233064046
15.33   -0.0073906097664
15.34   -0.0073580552461
15.35   -0.0073256422409
15.36   -0.0072933701505
15.37   -0.007261238377
15.38   -0.0072292463248
15.39   -0.0071973934008
15.4   -0.0071656790142
15.41   -0.0071341025768
15.42   -0.0071026635027
15.43   -0.0070713612082
15.44   -0.0070401951123
15.45   -0.007009164636
15.46   -0.0069782692029
15.47   -0.006947508239
15.48   -0.0069168811722
15.49   -0.0068863874333
15.5   -0.0068560264551
15.51   -0.0068257976726
15.52   -0.0067957005234
15.53   -0.0067657344472
15.54   -0.006735898886
15.55   -0.0067061932842
15.56   -0.0066766170882
15.57   -0.0066471697469
15.58   -0.0066178507114
15.59   -0.006588659435
15.6   -0.0065595953732
15.61   -0.0065306579838
15.62   -0.0065018467267
15.63   -0.0064731610642
15.64   -0.0064446004606
15.65   -0.0064161643826
15.66   -0.0063878522988
15.67   -0.0063596636802
15.68   -0.0063315979999
15.69   -0.0063036547331
15.7   -0.0062758333573
15.71   -0.006248133352
15.72   -0.0062205541989
15.73   -0.0061930953818
15.74   -0.0061657563865
15.75   -0.0061385367012
15.76   -0.006111435816
15.77   -0.006084453223
15.78   -0.0060575884167
15.79   -0.0060308408934
15.8   -0.0060042101515
15.81   -0.0059776956916
15.82   -0.0059512970162
15.83   -0.00592501363
15.84   -0.0058988450396
15.85   -0.0058727907538
15.86   -0.0058468502832
15.87   -0.0058210231405
15.88   -0.0057953088406
15.89   -0.0057697069001
15.9   -0.0057442168377
15.91   -0.0057188381743
15.92   -0.0056935704324
15.93   -0.0056684131367
15.94   -0.005643365814
15.95   -0.0056184279926
15.96   -0.0055935992032
15.97   -0.0055688789783
15.98   -0.0055442668522
15.99   -0.0055197623612
16   -0.0054953650436
16.01   -0.0054710744396
16.02   -0.0054468900912
16.03   -0.0054228115423
16.04   -0.0053988383388
16.05   -0.0053749700284
16.06   -0.0053512061607
16.07   -0.0053275462872
16.08   -0.0053039899611
16.09   -0.0052805367377
16.1   -0.0052571861739
16.11   -0.0052339378287
16.12   -0.0052107912626
16.13   -0.0051877460383
16.14   -0.00516480172
16.15   -0.0051419578738
16.16   -0.0051192140677
16.17   -0.0050965698715
16.18   -0.0050740248566
16.19   -0.0050515785964
16.2   -0.0050292306659
16.21   -0.005006980642
16.22   -0.0049848281033
16.23   -0.0049627726301
16.24   -0.0049408138046
16.25   -0.0049189512106
16.26   -0.0048971844337
16.27   -0.0048755130611
16.28   -0.004853936682
16.29   -0.0048324548871
16.3   -0.0048110672687
16.31   -0.0047897734212
16.32   -0.0047685729402
16.33   -0.0047474654234
16.34   -0.0047264504699
16.35   -0.0047055276807
16.36   -0.0046846966583
16.37   -0.0046639570068
16.38   -0.0046433083323
16.39   -0.0046227502421
16.4   -0.0046022823454
16.41   -0.0045819042531
16.42   -0.0045616155775
16.43   -0.0045414159327
16.44   -0.0045213049344
16.45   -0.0045012821997
16.46   -0.0044813473477
16.47   -0.0044614999986
16.48   -0.0044417397747
16.49   -0.0044220662995
16.5   -0.0044024791983
16.51   -0.0043829780977
16.52   -0.0043635626263
16.53   -0.0043442324139
16.54   -0.0043249870919
16.55   -0.0043058262934
16.56   -0.0042867496529
16.57   -0.0042677568066
16.58   -0.004248847392
16.59   -0.0042300210482
16.6   -0.004211277416
16.61   -0.0041926161374
16.62   -0.0041740368562
16.63   -0.0041555392176
16.64   -0.0041371228681
16.65   -0.0041187874559
16.66   -0.0041005326307
16.67   -0.0040823580435
16.68   -0.004064263347
16.69   -0.0040462481951
16.7   -0.0040283122433
16.71   -0.0040104551486
16.72   -0.0039926765694
16.73   -0.0039749761655
16.74   -0.0039573535982
16.75   -0.0039398085301
16.76   -0.0039223406253
16.77   -0.0039049495495
16.78   -0.0038876349694
16.79   -0.0038703965536
16.8   -0.0038532339716
16.81   -0.0038361468947
16.82   -0.0038191349953
16.83   -0.0038021979475
16.84   -0.0037853354264
16.85   -0.0037685471088
16.86   -0.0037518326726
16.87   -0.0037351917973
16.88   -0.0037186241635
16.89   -0.0037021294535
16.9   -0.0036857073506
16.91   -0.0036693575396
16.92   -0.0036530797066
16.93   -0.0036368735391
16.94   -0.0036207387258
16.95   -0.0036046749568
16.96   -0.0035886819235
16.97   -0.0035727593185
16.98   -0.003556906836
16.99   -0.0035411241712
17   -0.0035254110207
17.01   -0.0035097670824
17.02   -0.0034941920554
17.03   -0.0034786856401
17.04   -0.0034632475384
17.05   -0.0034478774531
17.06   -0.0034325750884
17.07   -0.00341734015
17.08   -0.0034021723444
17.09   -0.0033870713797
17.1   -0.0033720369651
17.11   -0.0033570688111
17.12   -0.0033421666293
17.13   -0.0033273301328
17.14   -0.0033125590355
17.15   -0.0032978530529
17.16   -0.0032832119015
17.17   -0.003268635299
17.18   -0.0032541229645
17.19   -0.0032396746182
17.2   -0.0032252899812
17.21   -0.0032109687763
17.22   -0.0031967107271
17.23   -0.0031825155585
17.24   -0.0031683829966
17.25   -0.0031543127686
17.26   -0.0031403046029
17.27   -0.003126358229
17.28   -0.0031124733777
17.29   -0.0030986497809
17.3   -0.0030848871714
17.31   -0.0030711852835
17.32   -0.0030575438524
17.33   -0.0030439626146
17.34   -0.0030304413074
17.35   -0.0030169796697
17.36   -0.0030035774411
17.37   -0.0029902343624
17.38   -0.0029769501758
17.39   -0.0029637246242
17.4   -0.0029505574518
17.41   -0.0029374484039
17.42   -0.0029243972269
17.43   -0.0029114036681
17.44   -0.0028984674762
17.45   -0.0028855884006
17.46   -0.0028727661921
17.47   -0.0028600006024
17.48   -0.0028472913842
17.49   -0.0028346382915
17.5   -0.0028220410791
17.51   -0.0028094995029
17.52   -0.0027970133201
17.53   -0.0027845822885
17.54   -0.0027722061672
17.55   -0.0027598847165
17.56   -0.0027476176973
17.57   -0.0027354048719
17.58   -0.0027232460034
17.59   -0.0027111408559
17.6   -0.0026990891948
17.61   -0.0026870907862
17.62   -0.0026751453972
17.63   -0.0026632527961
17.64   -0.0026514127522
17.65   -0.0026396250355
17.66   -0.0026278894172
17.67   -0.0026162056696
17.68   -0.0026045735656
17.69   -0.0025929928795
17.7   -0.0025814633863
17.71   -0.002569984862
17.72   -0.0025585570837
17.73   -0.0025471798292
17.74   -0.0025358528775
17.75   -0.0025245760085
17.76   -0.002513349003
17.77   -0.0025021716426
17.78   -0.0024910437102
17.79   -0.0024799649892
17.8   -0.0024689352643
17.81   -0.002457954321
17.82   -0.0024470219455
17.83   -0.0024361379253
17.84   -0.0024253020486
17.85   -0.0024145141044
17.86   -0.002403773883
17.87   -0.0023930811751
17.88   -0.0023824357727
17.89   -0.0023718374685
17.9   -0.0023612860561
17.91   -0.0023507813301
17.92   -0.0023403230859
17.93   -0.0023299111197
17.94   -0.0023195452288
17.95   -0.0023092252111
17.96   -0.0022989508657
17.97   -0.0022887219922
17.98   -0.0022785383913
17.99   -0.0022683998645
18   -0.0022583062142
18.01   -0.0022482572436
18.02   -0.0022382527567
18.03   -0.0022282925585
18.04   -0.0022183764546
18.05   -0.0022085042517
18.06   -0.0021986757571
18.07   -0.0021888907792
18.08   -0.002179149127
18.09   -0.0021694506103
18.1   -0.00215979504
18.11   -0.0021501822275
18.12   -0.0021406119852
18.13   -0.0021310841262
18.14   -0.0021215984646
18.15   -0.0021121548151
18.16   -0.0021027529932
18.17   -0.0020933928153
18.18   -0.0020840740986
18.19   -0.002074796661
18.2   -0.0020655603213
18.21   -0.002056364899
18.22   -0.0020472102144
18.23   -0.0020380960885
18.24   -0.0020290223432
18.25   -0.0020199888012
18.26   -0.0020109952858
18.27   -0.0020020416211
18.28   -0.0019931276322
18.29   -0.0019842531446
18.3   -0.0019754179847
18.31   -0.0019666219798
18.32   -0.0019578649578
18.33   -0.0019491467474
18.34   -0.0019404671779
18.35   -0.0019318260795
18.36   -0.001923223283
18.37   -0.0019146586202
18.38   -0.0019061319234
18.39   -0.0018976430255
18.4   -0.0018891917605
18.41   -0.0018807779628
18.42   -0.0018724014676
18.43   -0.001864062111
18.44   -0.0018557597295
18.45   -0.0018474941606
18.46   -0.0018392652423
18.47   -0.0018310728133
18.48   -0.0018229167132
18.49   -0.0018147967822
18.5   -0.001806712861
18.51   -0.0017986647912
18.52   -0.0017906524151
18.53   -0.0017826755756
18.54   -0.0017747341162
18.55   -0.0017668278814
18.56   -0.001758956716
18.57   -0.0017511204657
18.58   -0.0017433189767
18.59   -0.0017355520961
18.6   -0.0017278196715
18.61   -0.0017201215511
18.62   -0.001712457584
18.63   -0.0017048276197
18.64   -0.0016972315085
18.65   -0.0016896691014
18.66   -0.0016821402498
18.67   -0.0016746448061
18.68   -0.0016671826229
18.69   -0.0016597535539
18.7   -0.0016523574532
18.71   -0.0016449941755
18.72   -0.0016376635762
18.73   -0.0016303655113
18.74   -0.0016230998375
18.75   -0.0016158664121
18.76   -0.0016086650929
18.77   -0.0016014957384
18.78   -0.0015943582079
18.79   -0.0015872523609
18.8   -0.0015801780579
18.81   -0.0015731351598
18.82   -0.0015661235282
18.83   -0.0015591430253
18.84   -0.0015521935138
18.85   -0.001545274857
18.86   -0.0015383869189
18.87   -0.0015315295642
18.88   -0.0015247026578
18.89   -0.0015179060656
18.9   -0.0015111396539
18.91   -0.0015044032894
18.92   -0.0014976968398
18.93   -0.0014910201731
18.94   -0.0014843731579
18.95   -0.0014777556633
18.96   -0.0014711675592
18.97   -0.001464608716
18.98   -0.0014580790044
18.99   -0.0014515782959
19   -0.0014451064627
19.01   -0.0014386633772
19.02   -0.0014322489126
19.03   -0.0014258629426
19.04   -0.0014195053415
19.05   -0.001413175984
19.06   -0.0014068747454
19.07   -0.0014006015017
19.08   -0.0013943561293
19.09   -0.0013881385051
19.1   -0.0013819485066
19.11   -0.0013757860119
19.12   -0.0013696508995
19.13   -0.0013635430486
19.14   -0.0013574623386
19.15   -0.0013514086499
19.16   -0.0013453818631
19.17   -0.0013393818593
19.18   -0.0013334085203
19.19   -0.0013274617283
19.2   -0.001321541366
19.21   -0.0013156473168
19.22   -0.0013097794643
19.23   -0.0013039376929
19.24   -0.0012981218872
19.25   -0.0012923319327
19.26   -0.0012865677151
19.27   -0.0012808291206
19.28   -0.0012751160361
19.29   -0.0012694283489
19.3   -0.0012637659466
19.31   -0.0012581287176
19.32   -0.0012525165505
19.33   -0.0012469293347
19.34   -0.0012413669599
19.35   -0.0012358293162
19.36   -0.0012303162944
19.37   -0.0012248277856
19.38   -0.0012193636813
19.39   -0.0012139238739
19.4   -0.0012085082557
19.41   -0.0012031167199
19.42   -0.00119774916
19.43   -0.00119240547
19.44   -0.0011870855444
19.45   -0.0011817892779
19.46   -0.0011765165661
19.47   -0.0011712673047
19.48   -0.00116604139
19.49   -0.0011608387188
19.5   -0.0011556591883
19.51   -0.001150502696
19.52   -0.0011453691402
19.53   -0.0011402584193
19.54   -0.0011351704322
19.55   -0.0011301050786
19.56   -0.0011250622581
19.57   -0.0011200418711
19.58   -0.0011150438184
19.59   -0.0011100680011
19.6   -0.0011051143208
19.61   -0.0011001826796
19.62   -0.0010952729799
19.63   -0.0010903851246
19.64   -0.0010855190171
19.65   -0.0010806745611
19.66   -0.0010758516608
19.67   -0.0010710502207
19.68   -0.0010662701459
19.69   -0.0010615113417
19.7   -0.0010567737141
19.71   -0.0010520571693
19.72   -0.0010473616139
19.73   -0.001042686955
19.74   -0.0010380331001
19.75   -0.001033399957
19.76   -0.0010287874341
19.77   -0.0010241954401
19.78   -0.001019623884
19.79   -0.0010150726754
19.8   -0.0010105417241
19.81   -0.0010060309404
19.82   -0.001001540235
19.83   -0.00099706951892
19.84   -0.00099261870368
19.85   -0.00098818770111
19.86   -0.00098377642345
19.87   -0.00097938478332
19.88   -0.00097501269372
19.89   -0.00097066006803
19.9   -0.00096632682004
19.91   -0.00096201286388
