0  4.6672570322e-12
0.01  3.8259626371e-05
0.02  0.00015301931214
0.03  0.00034422162718
0.04  0.00061177136492
0.05  0.0009555363008
0.06  0.0013753482356
0.07  0.0018710043067
0.08  0.0024422685438
0.09  0.0030888736452
0.1  0.0038105229419
0.11  0.0046068925191
0.12  0.0054776334571
0.13  0.0064223741563
0.14  0.0074407227055
0.15  0.0085322692556
0.16  0.0096965883586
0.17  0.010933241233
0.18  0.012241777922
0.19  0.0136217393
0.2  0.015072658911
0.21  0.016594064596
0.22  0.018185479886
0.23  0.019846425154
0.24  0.021576418485
0.25  0.023374976283
0.26  0.025241613576
0.27  0.027175844051
0.28  0.029177179797
0.29  0.031245130778
0.3  0.033379204055
0.31  0.035578902766
0.32  0.037843724888
0.33  0.040173161824
0.34  0.042566696824
0.35  0.045023803298
0.36  0.047543943037
0.37  0.050126564388
0.38  0.052771100438
0.39  0.055476967212
0.4  0.058243561963
0.41  0.061070261562
0.42  0.063956421046
0.43  0.066901372336
0.44  0.069904423182
0.45  0.072964856335
0.46  0.076081928994
0.47  0.079254872519
0.48  0.082482892451
0.49  0.085765168823
0.5  0.089100856782
0.51  0.092489087502
0.52  0.095928969394
0.53  0.099419589588
0.54  0.10296001567
0.55  0.10654929765
0.56  0.11018647013
0.57  0.11387055465
0.58  0.11760056213
0.59  0.12137549545
0.6  0.125194352
0.61  0.12905612636
0.62  0.13295981278
0.63  0.13690440769
0.64  0.140888912
0.65  0.14491233331
0.66  0.14897368781
0.67  0.15307200196
0.68  0.15720631392
0.69  0.16137567463
0.7  0.1655791485
0.71  0.16981581387
0.72  0.17408476295
0.73  0.17838510145
0.74  0.18271594787
0.75  0.18707643233
0.76  0.19146569509
0.77  0.19588288472
0.78  0.20032715595
0.79  0.2047976672
0.8  0.20929357796
0.81  0.21381404581
0.82  0.21835822343
0.83  0.2229252554
0.84  0.22751427495
0.85  0.23212440075
0.86  0.2367547337
0.87  0.24140435385
0.88  0.24607231745
0.89  0.25075765424
0.9  0.25545936502
0.91  0.26017641946
0.92  0.26490775431
0.93  0.26965227203
0.94  0.27440883976
0.95  0.27917628886
0.96  0.28395341475
0.97  0.28873897741
0.98  0.29353170228
0.99  0.2983302816
1  0.30313337633
1.01  0.30793961845
1.02  0.31274761371
1.03  0.3175559448
1.04  0.32236317483
1.05  0.32716785118
1.06  0.33196850957
1.07  0.33676367836
1.08  0.34155188297
1.09  0.34633165043
1.1  0.35110151389
1.11  0.35586001715
1.12  0.36060571902
1.13  0.36533719751
1.14  0.37005305385
1.15  0.37475191608
1.16  0.37943244244
1.17  0.38409332422
1.18  0.38873328824
1.19  0.3933510988
1.2  0.39794555918
1.21  0.40251551251
1.22  0.40705984213
1.23  0.41157747141
1.24  0.41606736301
1.25  0.42052851754
1.26  0.42495997181
1.27  0.42936079647
1.28  0.4337300933
1.29  0.43806699204
1.3  0.44237064693
1.31  0.44664023286
1.32  0.45087494144
1.33  0.45507397681
1.34  0.45923655141
1.35  0.46336188181
1.36  0.46744918455
1.37  0.47149767216
1.38  0.47550654947
1.39  0.47947501019
1.4  0.48340223389
1.41  0.48728738348
1.42  0.49112960315
1.43  0.49492801694
1.44  0.49868172795
1.45  0.50238981813
1.46  0.50605134889
1.47  0.50966536234
1.48  0.5132308833
1.49  0.51674692205
1.5  0.52021247777
1.51  0.52362654273
1.52  0.52698810709
1.53  0.53029616436
1.54  0.53354971747
1.55  0.5367477853
1.56  0.53988940968
1.57  0.5429736628
1.58  0.54599965484
1.59  0.54896654183
1.6  0.5518735337
1.61  0.55471990219
1.62  0.5575049888
1.63  0.56022821253
1.64  0.56288907733
1.65  0.56548717919
1.66  0.56802221275
1.67  0.57049397776
1.68  0.57290238295
1.69  0.57524745373
1.7  0.57752933338
1.71  0.57974828698
1.72  0.58190470802
1.73  0.58399909315
1.74  0.58603202626
1.75  0.58800414022
1.76  0.58991606136
1.77  0.59176840586
1.78  0.59356178121
1.79  0.59529678799
1.8  0.59697403623
1.81  0.59859414767
1.82  0.60015774239
1.83  0.60166543568
1.84  0.60311784341
1.85  0.60451558282
1.86  0.60585927062
1.87  0.60714952274
1.88  0.60838695446
1.89  0.60957218014
1.9  0.61070581306
1.91  0.61178846523
1.92  0.61282074722
1.93  0.61380326804
1.94  0.61473663491
1.95  0.61562145317
1.96  0.61645832609
1.97  0.61724785478
1.98  0.61799063797
1.99  0.61868727197
2  0.61933835047
2.01  0.61994446448
2.02  0.62050620213
2.03  0.62102414866
2.04  0.62149888621
2.05  0.6219309938
2.06  0.62232104717
2.07  0.62266961872
2.08  0.6229772774
2.09  0.62324458865
2.1  0.62347211429
2.11  0.62366041245
2.12  0.62381003751
2.13  0.62392154001
2.14  0.62399546661
2.15  0.62403235999
2.16  0.62403275885
2.17  0.62399719779
2.18  0.62392620732
2.19  0.62382031375
2.2  0.62368003921
2.21  0.62350590157
2.22  0.62329841442
2.23  0.62305808702
2.24  0.62278542428
2.25  0.62248092674
2.26  0.62214509053
2.27  0.62177840736
2.28  0.62138136448
2.29  0.6209544447
2.3  0.62049812633
2.31  0.62001288321
2.32  0.61949918466
2.33  0.61895749552
2.34  0.6183882761
2.35  0.6177919822
2.36  0.61716906511
2.37  0.61651997159
2.38  0.6158451439
2.39  0.61514501978
2.4  0.61442003249
2.41  0.61367061076
2.42  0.61289717887
2.43  0.6121001566
2.44  0.61127995927
2.45  0.61043699776
2.46  0.60957167851
2.47  0.60868440353
2.48  0.60777557043
2.49  0.60684557245
2.5  0.60589479845
2.51  0.60492363295
2.52  0.60393245613
2.53  0.60292164389
2.54  0.60189156784
2.55  0.60084259532
2.56  0.59977508946
2.57  0.59868940916
2.58  0.59758590917
2.59  0.59646494003
2.6  0.59532684821
2.61  0.59417197604
2.62  0.59300066179
2.63  0.59181323968
2.64  0.59061003991
2.65  0.58939138869
2.66  0.58815760828
2.67  0.58690901701
2.68  0.5856459293
2.69  0.5843686557
2.7  0.58307750293
2.71  0.5817727739
2.72  0.58045476775
2.73  0.57912377985
2.74  0.57778010188
2.75  0.57642402181
2.76  0.575055824
2.77  0.57367578913
2.78  0.57228419435
2.79  0.57088131321
2.8  0.56946741575
2.81  0.56804276851
2.82  0.56660763457
2.83  0.56516227358
2.84  0.56370694178
2.85  0.56224189206
2.86  0.56076737396
2.87  0.55928363371
2.88  0.55779091427
2.89  0.55628945535
2.9  0.55477949347
2.91  0.55326126193
2.92  0.55173499092
2.93  0.55020090749
2.94  0.54865923558
2.95  0.54711019612
2.96  0.54555400696
2.97  0.54399088298
2.98  0.54242103609
2.99  0.54084467525
3  0.53926200651
3.01  0.53767323305
3.02  0.53607855518
3.03  0.53447817042
3.04  0.53287227347
3.05  0.53126105626
3.06  0.52964470801
3.07  0.52802341521
3.08  0.52639736168
3.09  0.52476672858
3.1  0.52313169445
3.11  0.52149243523
3.12  0.5198491243
3.13  0.51820193249
3.14  0.51655102811
3.15  0.51489657699
3.16  0.51323874247
3.17  0.5115776855
3.18  0.50991356457
3.19  0.50824653582
3.2  0.50657675301
3.21  0.50490436759
3.22  0.50322952867
3.23  0.50155238309
3.24  0.49987307543
3.25  0.49819174805
3.26  0.49650854107
3.27  0.49482359245
3.28  0.49313703798
3.29  0.49144901131
3.3  0.48975964397
3.31  0.4880690654
3.32  0.48637740298
3.33  0.48468478205
3.34  0.48299132591
3.35  0.48129715587
3.36  0.47960239126
3.37  0.47790714947
3.38  0.47621154593
3.39  0.47451569418
3.4  0.47281970587
3.41  0.47112369077
3.42  0.46942775681
3.43  0.46773201012
3.44  0.46603655497
3.45  0.46434149391
3.46  0.46264692769
3.47  0.46095295532
3.48  0.45925967411
3.49  0.45756717965
3.5  0.45587556585
3.51  0.45418492497
3.52  0.45249534762
3.53  0.4508069228
3.54  0.44911973789
3.55  0.4474338787
3.56  0.44574942947
3.57  0.44406647291
3.58  0.44238509018
3.59  0.44070536095
3.6  0.4390273634
3.61  0.43735117423
3.62  0.4356768687
3.63  0.43400452062
3.64  0.43233420239
3.65  0.43066598504
3.66  0.42899993816
3.67  0.42733613004
3.68  0.42567462758
3.69  0.42401549636
3.7  0.42235880067
3.71  0.42070460347
3.72  0.41905296648
3.73  0.41740395012
3.74  0.4157576136
3.75  0.41411401487
3.76  0.41247321069
3.77  0.41083525661
3.78  0.40920020702
3.79  0.40756811511
3.8  0.40593903296
3.81  0.40431301148
3.82  0.40269010049
3.83  0.4010703487
3.84  0.39945380371
3.85  0.39784051208
3.86  0.3962305193
3.87  0.3946238698
3.88  0.393020607
3.89  0.3914207733
3.9  0.3898244101
3.91  0.38823155781
3.92  0.38664225588
3.93  0.38505654279
3.94  0.38347445607
3.95  0.38189603234
3.96  0.38032130728
3.97  0.37875031568
3.98  0.37718309145
3.99  0.37561966759
4  0.37406007626
4.01  0.37250434877
4.02  0.37095251557
4.03  0.36940460631
4.04  0.36786064981
4.05  0.36632067408
4.06  0.36478470637
4.07  0.36325277312
4.08  0.36172490002
4.09  0.36020111201
4.1  0.35868143329
4.11  0.35716588732
4.12  0.35565449683
4.13  0.35414728388
4.14  0.35264426979
4.15  0.35114547522
4.16  0.34965092016
4.17  0.34816062392
4.18  0.34667460517
4.19  0.34519288193
4.2  0.34371547158
4.21  0.3422423909
4.22  0.34077365604
4.23  0.33930928257
4.24  0.33784928544
4.25  0.33639367905
4.26  0.33494247719
4.27  0.33349569313
4.28  0.33205333957
4.29  0.33061542864
4.3  0.32918197199
4.31  0.3277529807
4.32  0.32632846536
4.33  0.32490843604
4.34  0.32349290231
4.35  0.32208187328
4.36  0.32067535753
4.37  0.31927336321
4.38  0.31787589799
4.39  0.31648296909
4.4  0.31509458327
4.41  0.31371074687
4.42  0.31233146578
4.43  0.31095674548
4.44  0.30958659103
4.45  0.30822100708
4.46  0.30685999789
4.47  0.30550356731
4.48  0.30415171882
4.49  0.30280445551
4.5  0.3014617801
4.51  0.30012369496
4.52  0.29879020209
4.53  0.29746130313
4.54  0.2961369994
4.55  0.29481729186
4.56  0.29350218117
4.57  0.29219166762
4.58  0.29088575123
4.59  0.28958443167
4.6  0.28828770834
4.61  0.28699558031
4.62  0.28570804637
4.63  0.28442510502
4.64  0.28314675449
4.65  0.28187299272
4.66  0.28060381738
4.67  0.27933922589
4.68  0.27807921539
4.69  0.27682378279
4.7  0.27557292472
4.71  0.27432663761
4.72  0.27308491761
4.73  0.27184776067
4.74  0.27061516248
4.75  0.26938711853
4.76  0.2681636241
4.77  0.26694467423
4.78  0.26573026376
4.79  0.26452038734
4.8  0.26331503941
4.81  0.26211421421
4.82  0.2609179058
4.83  0.25972610804
4.84  0.25853881462
4.85  0.25735601906
4.86  0.25617771468
4.87  0.25500389464
4.88  0.25383455196
4.89  0.25266967946
4.9  0.25150926982
4.91  0.25035331557
4.92  0.24920180908
4.93  0.24805474259
4.94  0.24691210816
4.95  0.24577389775
4.96  0.24464010317
4.97  0.24351071608
4.98  0.24238572804
4.99  0.24126513047
5  0.24014891465
5.01  0.23903707177
5.02  0.23792959289
5.03  0.23682646894
5.04  0.23572769077
5.05  0.23463324911
5.06  0.23354313457
5.07  0.23245733768
5.08  0.23137584886
5.09  0.23029865844
5.1  0.22922575664
5.11  0.22815713361
5.12  0.2270927794
5.13  0.22603268398
5.14  0.22497683723
5.15  0.22392522895
5.16  0.22287784887
5.17  0.22183468663
5.18  0.22079573182
5.19  0.21976097393
5.2  0.21873040239
5.21  0.21770400659
5.22  0.2166817758
5.23  0.21566369929
5.24  0.21464976622
5.25  0.21363996572
5.26  0.21263428685
5.27  0.21163271862
5.28  0.21063524998
5.29  0.20964186985
5.3  0.20865256708
5.31  0.20766733048
5.32  0.20668614881
5.33  0.2057090108
5.34  0.20473590512
5.35  0.20376682041
5.36  0.20280174528
5.37  0.20184066828
5.38  0.20088357795
5.39  0.19993046278
5.4  0.19898131123
5.41  0.19803611173
5.42  0.19709485268
5.43  0.19615752246
5.44  0.19522410942
5.45  0.19429460186
5.46  0.1933689881
5.47  0.19244725641
5.48  0.19152939504
5.49  0.19061539223
5.5  0.18970523619
5.51  0.18879891511
5.52  0.18789641718
5.53  0.18699773057
5.54  0.18610284342
5.55  0.18521174387
5.56  0.18432442005
5.57  0.18344086008
5.58  0.18256105205
5.59  0.18168498407
5.6  0.18081264422
5.61  0.17994402059
5.62  0.17907910124
5.63  0.17821787425
5.64  0.17736032769
5.65  0.17650644961
5.66  0.17565622808
5.67  0.17480965115
5.68  0.17396670688
5.69  0.17312738333
5.7  0.17229166855
5.71  0.17145955061
5.72  0.17063101756
5.73  0.16980605747
5.74  0.16898465841
5.75  0.16816680844
5.76  0.16735249565
5.77  0.16654170812
5.78  0.16573443394
5.79  0.1649306612
5.8  0.16413037801
5.81  0.16333357247
5.82  0.16254023272
5.83  0.16175034687
5.84  0.16096390308
5.85  0.16018088948
5.86  0.15940129423
5.87  0.15862510552
5.88  0.15785231153
5.89  0.15708290045
5.9  0.15631686048
5.91  0.15555417987
5.92  0.15479484683
5.93  0.15403884962
5.94  0.15328617652
5.95  0.15253681579
5.96  0.15179075573
5.97  0.15104798466
5.98  0.1503084909
5.99  0.14957226281
6  0.14883928873
6.01  0.14810955706
6.02  0.14738305618
6.03  0.14665977452
6.04  0.14593970051
6.05  0.14522282259
6.06  0.14450912924
6.07  0.14379860896
6.08  0.14309125024
6.09  0.14238704163
6.1  0.14168597167
6.11  0.14098802893
6.12  0.140293202
6.13  0.1396014795
6.14  0.13891285005
6.15  0.13822730232
6.16  0.13754482498
6.17  0.13686540672
6.18  0.13618903628
6.19  0.13551570238
6.2  0.1348453938
6.21  0.13417809933
6.22  0.13351380777
6.23  0.13285250795
6.24  0.13219418874
6.25  0.13153883902
6.26  0.13088644769
6.27  0.13023700367
6.28  0.12959049592
6.29  0.12894691341
6.3  0.12830624515
6.31  0.12766848016
6.32  0.12703360748
6.33  0.12640161619
6.34  0.12577249539
6.35  0.12514623419
6.36  0.12452282176
6.37  0.12390224726
6.38  0.12328449988
6.39  0.12266956886
6.4  0.12205744344
6.41  0.12144811289
6.42  0.12084156651
6.43  0.12023779364
6.44  0.11963678362
6.45  0.11903852582
6.46  0.11844300966
6.47  0.11785022456
6.48  0.11726015997
6.49  0.11667280538
6.5  0.11608815029
6.51  0.11550618424
6.52  0.11492689679
6.53  0.11435027753
6.54  0.11377631606
6.55  0.11320500203
6.56  0.11263632511
6.57  0.11207027498
6.58  0.11150684136
6.59  0.11094601401
6.6  0.1103877827
6.61  0.10983213722
6.62  0.1092790674
6.63  0.1087285631
6.64  0.10818061419
6.65  0.10763521059
6.66  0.10709234223
6.67  0.10655199906
6.68  0.10601417108
6.69  0.10547884831
6.7  0.10494602078
6.71  0.10441567856
6.72  0.10388781176
6.73  0.10336241049
6.74  0.10283946491
6.75  0.1023189652
6.76  0.10180090156
6.77  0.10128526422
6.78  0.10077204344
6.79  0.10026122952
6.8  0.099752812754
6.81  0.0992467835
6.82  0.098743132121
6.83  0.098241849013
6.84  0.0977429246
6.85  0.097246349331
6.86  0.096752113686
6.87  0.096260208169
6.88  0.095770623312
6.89  0.095283349676
6.9  0.094798377846
6.91  0.094315698437
6.92  0.09383530209
6.93  0.093357179474
6.94  0.092881321285
6.95  0.092407718246
6.96  0.091936361107
6.97  0.091467240645
6.98  0.091000347666
6.99  0.090535673
7  0.090073207508
7.01  0.089612942076
7.02  0.089154867616
7.03  0.08869897507
7.04  0.088245255405
7.05  0.087793699616
7.06  0.087344298724
7.07  0.08689704378
7.08  0.086451925859
7.09  0.086008936064
7.1  0.085568065525
7.11  0.0851293054
7.12  0.084692646873
7.13  0.084258081155
7.14  0.083825599484
7.15  0.083395193126
7.16  0.082966853372
7.17  0.082540571543
7.18  0.082116338982
7.19  0.081694147065
7.2  0.081273987189
7.21  0.080855850782
7.22  0.080439729296
7.23  0.080025614212
7.24  0.079613497037
7.25  0.079203369305
7.26  0.078795222575
7.27  0.078389048434
7.28  0.077984838497
7.29  0.077582584403
7.3  0.07718227782
7.31  0.076783910441
7.32  0.076387473986
7.33  0.075992960201
7.34  0.07560036086
7.35  0.075209667763
7.36  0.074820872735
7.37  0.074433967629
7.38  0.074048944324
7.39  0.073665794725
7.4  0.073284510764
7.41  0.072905084399
7.42  0.072527507614
7.43  0.07215177242
7.44  0.071777870853
7.45  0.071405794977
7.46  0.071035536879
7.47  0.070667088677
7.48  0.070300442511
7.49  0.069935590548
7.5  0.069572524982
7.51  0.069211238033
7.52  0.068851721946
7.53  0.068493968993
7.54  0.068137971471
7.55  0.067783721703
7.56  0.067431212038
7.57  0.067080434852
7.58  0.066731382545
7.59  0.066384047544
7.6  0.0660384223
7.61  0.065694499293
7.62  0.065352271025
7.63  0.065011730026
7.64  0.06467286885
7.65  0.064335680077
7.66  0.064000156315
7.67  0.063666290193
7.68  0.06333407437
7.69  0.063003501526
7.7  0.06267456437
7.71  0.062347255634
7.72  0.062021568077
7.73  0.061697494482
7.74  0.061375027658
7.75  0.061054160439
7.76  0.060734885684
7.77  0.060417196276
7.78  0.060101085126
7.79  0.059786545167
7.8  0.059473569358
7.81  0.059162150685
7.82  0.058852282155
7.83  0.058543956804
7.84  0.05823716769
7.85  0.057931907896
7.86  0.057628170531
7.87  0.057325948728
7.88  0.057025235645
7.89  0.056726024465
7.9  0.056428308394
7.91  0.056132080664
7.92  0.055837334532
7.93  0.055544063278
7.94  0.055252260206
7.95  0.054961918647
7.96  0.054673031954
7.97  0.054385593506
7.98  0.054099596704
7.99  0.053815034976
8  0.053531901772
8.01  0.053250190566
8.02  0.052969894859
8.03  0.052691008173
8.04  0.052413524055
8.05  0.052137436076
8.06  0.051862737831
8.07  0.05158942294
8.08  0.051317485043
8.09  0.051046917809
8.1  0.050777714927
8.11  0.050509870111
8.12  0.050243377098
8.13  0.04997822965
8.14  0.049714421551
8.15  0.04945194661
8.16  0.049190798658
8.17  0.048930971549
8.18  0.048672459163
8.19  0.048415255401
8.2  0.048159354189
8.21  0.047904749474
8.22  0.047651435227
8.23  0.047399405444
8.24  0.047148654142
8.25  0.046899175362
8.26  0.046650963166
8.27  0.046404011643
8.28  0.046158314901
8.29  0.045913867072
8.3  0.045670662312
8.31  0.045428694799
8.32  0.045187958732
8.33  0.044948448336
8.34  0.044710157856
8.35  0.04447308156
8.36  0.044237213739
8.37  0.044002548706
8.38  0.043769080798
8.39  0.043536804371
8.4  0.043305713806
8.41  0.043075803506
8.42  0.042847067895
8.43  0.042619501421
8.44  0.042393098551
8.45  0.042167853778
8.46  0.041943761613
8.47  0.041720816592
8.48  0.041499013272
8.49  0.04127834623
8.5  0.041058810068
8.51  0.040840399407
8.52  0.040623108891
8.53  0.040406933186
8.54  0.040191866978
8.55  0.039977904975
8.56  0.039765041907
8.57  0.039553272526
8.58  0.039342591605
8.59  0.039132993936
8.6  0.038924474335
8.61  0.038717027639
8.62  0.038510648705
8.63  0.038305332411
8.64  0.038101073656
8.65  0.037897867362
8.66  0.03769570847
8.67  0.037494591941
8.68  0.03729451276
8.69  0.037095465928
8.7  0.036897446473
8.71  0.036700449437
8.72  0.036504469887
8.73  0.03630950291
8.74  0.036115543611
8.75  0.035922587118
8.76  0.035730628579
8.77  0.035539663161
8.78  0.035349686052
8.79  0.03516069246
8.8  0.034972677614
8.81  0.034785636762
8.82  0.034599565173
8.83  0.034414458134
8.84  0.034230310955
8.85  0.034047118963
8.86  0.033864877506
8.87  0.033683581952
8.88  0.033503227689
8.89  0.033323810122
8.9  0.03314532468
8.91  0.032967766807
8.92  0.03279113197
8.93  0.032615415653
8.94  0.032440613361
8.95  0.032266720617
8.96  0.032093732963
8.97  0.031921645963
8.98  0.031750455196
8.99  0.031580156263
9  0.031410744783
9.01  0.031242216394
9.02  0.031074566753
9.03  0.030907791535
9.04  0.030741886435
9.05  0.030576847167
9.06  0.030412669461
9.07  0.030249349069
9.08  0.03008688176
9.09  0.02992526332
9.1  0.029764489556
9.11  0.029604556291
9.12  0.029445459369
9.13  0.02928719465
9.14  0.029129758013
9.15  0.028973145356
9.16  0.028817352592
9.17  0.028662375655
9.18  0.028508210497
9.19  0.028354853086
9.2  0.02820229941
9.21  0.028050545472
9.22  0.027899587295
9.23  0.027749420919
9.24  0.027600042402
9.25  0.027451447818
9.26  0.02730363326
9.27  0.027156594839
9.28  0.027010328682
9.29  0.026864830933
9.3  0.026720097754
9.31  0.026576125325
9.32  0.026432909842
9.33  0.026290447518
9.34  0.026148734584
9.35  0.026007767286
9.36  0.02586754189
9.37  0.025728054677
9.38  0.025589301943
9.39  0.025451280005
9.4  0.025313985193
9.41  0.025177413855
9.42  0.025041562356
9.43  0.024906427077
9.44  0.024772004415
9.45  0.024638290784
9.46  0.024505282614
9.47  0.024372976352
9.48  0.02424136846
9.49  0.024110455417
9.5  0.023980233718
9.51  0.023850699874
9.52  0.023721850412
9.53  0.023593681875
9.54  0.023466190821
9.55  0.023339373825
9.56  0.023213227477
9.57  0.023087748383
9.58  0.022962933166
9.59  0.022838778461
9.6  0.022715280922
9.61  0.022592437217
9.62  0.02247024403
9.63  0.022348698059
9.64  0.022227796019
9.65  0.022107534639
9.66  0.021987910665
9.67  0.021868920855
9.68  0.021750561985
9.69  0.021632830845
9.7  0.02151572424
9.71  0.021399238989
9.72  0.021283371927
9.73  0.021168119903
9.74  0.021053479782
9.75  0.020939448443
9.76  0.020826022778
9.77  0.020713199697
9.78  0.020600976121
9.79  0.020489348987
9.8  0.020378315248
9.81  0.020267871868
9.82  0.020158015828
9.83  0.020048744122
9.84  0.019940053759
9.85  0.019831941761
9.86  0.019724405165
9.87  0.019617441022
9.88  0.019511046395
9.89  0.019405218365
9.9  0.019299954022
9.91  0.019195250474
9.92  0.019091104841
9.93  0.018987514255
9.94  0.018884475865
9.95  0.018781986831
9.96  0.018680044328
9.97  0.018578645543
9.98  0.018477787678
9.99  0.018377467947
10  0.018277683579
10.01  0.018178431815
10.02  0.018079709908
10.03  0.017981515128
10.04  0.017883844754
10.05  0.01778669608
10.06  0.017690066414
10.07  0.017593953074
10.08  0.017498353393
10.09  0.017403264717
10.1  0.017308684404
10.11  0.017214609825
10.12  0.017121038364
10.13  0.017027967416
10.14  0.016935394391
10.15  0.016843316711
10.16  0.016751731808
10.17  0.016660637129
10.18  0.016570030133
10.19  0.016479908291
10.2  0.016390269086
10.21  0.016301110013
10.22  0.01621242858
10.23  0.016124222308
10.24  0.016036488727
10.25  0.015949225381
10.26  0.015862429827
10.27  0.015776099631
10.28  0.015690232375
10.29  0.015604825648
10.3  0.015519877054
10.31  0.015435384209
10.32  0.015351344738
10.33  0.015267756279
10.34  0.015184616483
10.35  0.015101923011
10.36  0.015019673535
10.37  0.014937865739
10.38  0.01485649732
10.39  0.014775565983
10.4  0.014695069448
10.41  0.014615005443
10.42  0.014535371708
10.43  0.014456165996
10.44  0.014377386069
10.45  0.014299029701
10.46  0.014221094677
10.47  0.014143578792
10.48  0.014066479854
10.49  0.013989795678
10.5  0.013913524095
10.51  0.013837662942
10.52  0.013762210069
10.53  0.013687163336
10.54  0.013612520616
10.55  0.013538279788
10.56  0.013464438746
10.57  0.013390995391
10.58  0.013317947637
10.59  0.013245293406
10.6  0.013173030633
10.61  0.013101157262
10.62  0.013029671246
10.63  0.01295857055
10.64  0.012887853149
10.65  0.012817517026
10.66  0.012747560178
10.67  0.012677980608
10.68  0.012608776331
10.69  0.012539945372
10.7  0.012471485765
10.71  0.012403395555
10.72  0.012335672796
10.73  0.012268315552
10.74  0.012201321895
10.75  0.012134689911
10.76  0.01206841769
10.77  0.012002503337
10.78  0.011936944963
10.79  0.011871740688
10.8  0.011806888646
10.81  0.011742386975
10.82  0.011678233825
10.83  0.011614427356
10.84  0.011550965735
10.85  0.011487847141
10.86  0.011425069759
10.87  0.011362631787
10.88  0.011300531428
10.89  0.011238766898
10.9  0.011177336418
10.91  0.011116238222
10.92  0.01105547055
10.93  0.010995031652
10.94  0.010934919787
10.95  0.010875133223
10.96  0.010815670236
10.97  0.010756529111
10.98  0.010697708142
10.99  0.010639205631
11  0.01058101989
11.01  0.010523149239
11.02  0.010465592005
11.03  0.010408346526
11.04  0.010351411146
11.05  0.01029478422
11.06  0.010238464109
11.07  0.010182449184
11.08  0.010126737824
11.09  0.010071328414
11.1  0.010016219352
11.11  0.0099614090393
11.12  0.0099068958883
11.13  0.0098526783185
11.14  0.0097987547576
11.15  0.0097451236414
11.16  0.0096917834137
11.17  0.0096387325262
11.18  0.0095859694385
11.19  0.0095334926182
11.2  0.0094813005408
11.21  0.0094293916893
11.22  0.0093777645548
11.23  0.0093264176361
11.24  0.0092753494396
11.25  0.0092245584793
11.26  0.0091740432771
11.27  0.0091238023622
11.28  0.0090738342716
11.29  0.0090241375497
11.3  0.0089747107483
11.31  0.0089255524269
11.32  0.0088766611521
11.33  0.0088280354983
11.34  0.0087796740468
11.35  0.0087315753865
11.36  0.0086837381134
11.37  0.008636160831
11.38  0.0085888421497
11.39  0.0085417806872
11.4  0.0084949750685
11.41  0.0084484239254
11.42  0.0084021258971
11.43  0.0083560796294
11.44  0.0083102837756
11.45  0.0082647369956
11.46  0.0082194379564
11.47  0.0081743853319
11.48  0.0081295778028
11.49  0.0080850140567
11.5  0.0080406927879
11.51  0.0079966126976
11.52  0.0079527724936
11.53  0.0079091708906
11.54  0.0078658066098
11.55  0.0078226783791
11.56  0.007779784933
11.57  0.0077371250125
11.58  0.0076946973653
11.59  0.0076525007455
11.6  0.0076105339137
11.61  0.0075687956369
11.62  0.0075272846887
11.63  0.0074859998489
11.64  0.0074449399036
11.65  0.0074041036455
11.66  0.0073634898733
11.67  0.0073230973921
11.68  0.0072829250133
11.69  0.0072429715543
11.7  0.0072032358388
11.71  0.0071637166967
11.72  0.0071244129639
11.73  0.0070853234824
11.74  0.0070464471002
11.75  0.0070077826715
11.76  0.0069693290563
11.77  0.0069310851206
11.78  0.0068930497364
11.79  0.0068552217816
11.8  0.0068176001399
11.81  0.0067801837009
11.82  0.0067429713599
11.83  0.0067059620182
11.84  0.0066691545827
11.85  0.0066325479661
11.86  0.0065961410867
11.87  0.0065599328686
11.88  0.0065239222414
11.89  0.0064881081405
11.9  0.0064524895067
11.91  0.0064170652866
11.92  0.006381834432
11.93  0.0063467959005
11.94  0.0063119486551
11.95  0.0062772916641
11.96  0.0062428239014
11.97  0.0062085443462
11.98  0.0061744519833
11.99  0.0061405458024
12  0.0061068247989
12.01  0.0060732879733
12.02  0.0060399343314
12.03  0.0060067628844
12.04  0.0059737726485
12.05  0.0059409626451
12.06  0.0059083319008
12.07  0.0058758794475
12.08  0.0058436043218
12.09  0.0058115055659
12.1  0.0057795822266
12.11  0.0057478333561
12.12  0.0057162580112
12.13  0.0056848552541
12.14  0.0056536241516
12.15  0.0056225637757
12.16  0.0055916732033
12.17  0.0055609515158
12.18  0.0055303977999
12.19  0.005500011147
12.2  0.0054697906533
12.21  0.0054397354196
12.22  0.0054098445516
12.23  0.00538011716
12.24  0.0053505523597
12.25  0.0053211492707
12.26  0.0052919070174
12.27  0.005262824729
12.28  0.0052339015393
12.29  0.0052051365866
12.3  0.0051765290139
12.31  0.0051480779686
12.32  0.0051197826027
12.33  0.0050916420727
12.34  0.0050636555396
12.35  0.0050358221688
12.36  0.0050081411302
12.37  0.004980611598
12.38  0.0049532327509
12.39  0.004926003772
12.4  0.0048989238485
12.41  0.0048719921721
12.42  0.0048452079389
12.43  0.0048185703491
12.44  0.0047920786072
12.45  0.0047657319219
12.46  0.0047395295063
12.47  0.0047134705773
12.48  0.0046875543564
12.49  0.004661780069
12.5  0.0046361469447
12.51  0.0046106542172
12.52  0.0045853011242
12.53  0.0045600869076
12.54  0.0045350108132
12.55  0.004510072091
12.56  0.0044852699948
12.57  0.0044606037825
12.58  0.0044360727159
12.59  0.0044116760609
12.6  0.0043874130871
12.61  0.004363283068
12.62  0.0043392852812
12.63  0.004315419008
12.64  0.0042916835336
12.65  0.0042680781468
12.66  0.0042446021406
12.67  0.0042212548115
12.68  0.0041980354597
12.69  0.0041749433894
12.7  0.0041519779083
12.71  0.004129138328
12.72  0.0041064239635
12.73  0.0040838341338
12.74  0.0040613681612
12.75  0.0040390253719
12.76  0.0040168050957
12.77  0.0039947066658
12.78  0.003972729419
12.79  0.0039508726958
12.8  0.0039291358402
12.81  0.0039075181996
12.82  0.0038860191249
12.83  0.0038646379707
12.84  0.0038433740949
12.85  0.0038222268587
12.86  0.0038011956269
12.87  0.0037802797678
12.88  0.0037594786529
12.89  0.0037387916571
12.9  0.0037182181588
12.91  0.0036977575395
12.92  0.0036774091842
12.93  0.0036571724812
12.94  0.0036370468219
12.95  0.0036170316013
12.96  0.0035971262173
12.97  0.0035773300713
12.98  0.0035576425677
12.99  0.0035380631143
13  0.0035185911219
13.01  0.0034992260046
13.02  0.0034799671796
13.03  0.0034608140673
13.04  0.0034417660911
13.05  0.0034228226775
13.06  0.0034039832562
13.07  0.00338524726
13.08  0.0033666141245
13.09  0.0033480832886
13.1  0.0033296541941
13.11  0.0033113262859
13.12  0.0032930990117
13.13  0.0032749718223
13.14  0.0032569441716
13.15  0.0032390155161
13.16  0.0032211853155
13.17  0.0032034530324
13.18  0.0031858181321
13.19  0.003168280083
13.2  0.0031508383563
13.21  0.0031334924259
13.22  0.0031162417688
13.23  0.0030990858645
13.24  0.0030820241957
13.25  0.0030650562476
13.26  0.0030481815083
13.27  0.0030313994685
13.28  0.0030147096219
13.29  0.0029981114647
13.3  0.002981604496
13.31  0.0029651882175
13.32  0.0029488621336
13.33  0.0029326257515
13.34  0.0029164785808
13.35  0.002900420134
13.36  0.0028844499261
13.37  0.0028685674748
13.38  0.0028527723003
13.39  0.0028370639256
13.4  0.0028214418759
13.41  0.0028059056795
13.42  0.0027904548667
13.43  0.0027750889708
13.44  0.0027598075272
13.45  0.0027446100742
13.46  0.0027294961524
13.47  0.0027144653049
13.48  0.0026995170773
13.49  0.0026846510176
13.5  0.0026698666764
13.51  0.0026551636064
13.52  0.0026405413632
13.53  0.0026259995045
13.54  0.0026115375903
13.55  0.0025971551833
13.56  0.0025828518482
13.57  0.0025686271525
13.58  0.0025544806657
13.59  0.0025404119596
13.6  0.0025264206087
13.61  0.0025125061893
13.62  0.0024986682805
13.63  0.0024849064633
13.64  0.0024712203211
13.65  0.0024576094395
13.66  0.0024440734066
13.67  0.0024306118125
13.68  0.0024172242495
13.69  0.0024039103121
13.7  0.0023906695973
13.71  0.0023775017039
13.72  0.0023644062331
13.73  0.0023513827882
13.74  0.0023384309747
13.75  0.0023255504002
13.76  0.0023127406743
13.77  0.002300001409
13.78  0.0022873322183
13.79  0.002274732718
13.8  0.0022622025265
13.81  0.0022497412639
13.82  0.0022373485525
13.83  0.0022250240166
13.84  0.0022127672826
13.85  0.0022005779789
13.86  0.0021884557359
13.87  0.0021764001861
13.88  0.0021644109637
13.89  0.0021524877054
13.9  0.0021406300494
13.91  0.0021288376361
13.92  0.0021171101078
13.93  0.0021054471088
13.94  0.0020938482853
13.95  0.0020823132853
13.96  0.0020708417589
13.97  0.0020594333581
13.98  0.0020480877365
13.99  0.0020368045501
14  0.0020255834562
14.01  0.0020144241145
14.02  0.0020033261861
14.03  0.0019922893342
14.04  0.0019813132238
14.05  0.0019703975217
14.06  0.0019595418964
14.07  0.0019487460185
14.08  0.00193800956
14.09  0.0019273321951
14.1  0.0019167135995
14.11  0.0019061534506
14.12  0.0018956514279
14.13  0.0018852072123
14.14  0.0018748204866
14.15  0.0018644909353
14.16  0.0018542182447
14.17  0.0018440021026
14.18  0.0018338421988
14.19  0.0018237382245
14.2  0.0018136898727
14.21  0.0018036968382
14.22  0.0017937588172
14.23  0.0017838755078
14.24  0.0017740466096
14.25  0.0017642718239
14.26  0.0017545508537
14.27  0.0017448834033
14.28  0.0017352691791
14.29  0.0017257078887
14.3  0.0017161992415
14.31  0.0017067429484
14.32  0.0016973387219
14.33  0.0016879862761
14.34  0.0016786853267
14.35  0.0016694355907
14.36  0.001660236787
14.37  0.0016510886358
14.38  0.0016419908589
14.39  0.0016329431796
14.4  0.0016239453226
14.41  0.0016149970145
14.42  0.0016060979829
14.43  0.0015972479571
14.44  0.001588446668
14.45  0.0015796938478
14.46  0.0015709892302
14.47  0.0015623325504
14.48  0.001553723545
14.49  0.0015451619519
14.5  0.0015366475109
14.51  0.0015281799626
14.52  0.0015197590495
14.53  0.0015113845153
14.54  0.001503056105
14.55  0.0014947735653
14.56  0.0014865366441
14.57  0.0014783450906
14.58  0.0014701986554
14.59  0.0014620970907
14.6  0.0014540401497
14.61  0.0014460275873
14.62  0.0014380591594
14.63  0.0014301346234
14.64  0.0014222537382
14.65  0.0014144162637
14.66  0.0014066219613
14.67  0.0013988705936
14.68  0.0013911619246
14.69  0.0013834957196
14.7  0.0013758717451
14.71  0.0013682897688
14.72  0.00136074956
14.73  0.0013532508889
14.74  0.0013457935271
14.75  0.0013383772475
14.76  0.0013310018242
14.77  0.0013236670325
14.78  0.0013163726489
14.79  0.0013091184513
14.8  0.0013019042187
14.81  0.0012947297312
14.82  0.0012875947702
14.83  0.0012804991185
14.84  0.0012734425597
14.85  0.0012664248789
14.86  0.0012594458622
14.87  0.0012525052969
14.88  0.0012456029716
14.89  0.0012387386758
14.9  0.0012319122005
14.91  0.0012251233375
14.92  0.0012183718799
14.93  0.001211657622
14.94  0.0012049803592
14.95  0.0011983398878
14.96  0.0011917360054
14.97  0.0011851685108
14.98  0.0011786372038
14.99  0.0011721418853
15  0.0011656823572
15.01  0.0011592584226
15.02  0.0011528698857
15.03  0.0011465165516
15.04  0.0011401982268
15.05  0.0011339147184
15.06  0.001127665835
15.07  0.001121451386
15.08  0.0011152711819
15.09  0.0011091250343
