0   6.0521878308e-12
0.01   3.6624939571e-05
0.02   0.00014645122572
0.03   0.00032933352975
0.04   0.00058503054311
0.05   0.0009132063266
0.06   0.0013134321756
0.07   0.0017851889786
0.08   0.002327870041
0.09   0.0029407843386
0.1   0.0036231601638
0.11   0.0043741491186
0.12   0.0051928304103
0.13   0.006078215397
0.14   0.0070292523336
0.15   0.008044831263
0.16   0.0091237890001
0.17   0.010264914154
0.18   0.011466952139
0.19   0.012728610115
0.2   0.01404856183
0.21   0.015425452291
0.22   0.016857902252
0.23   0.018344512466
0.24   0.019883867676
0.25   0.021474540324
0.26   0.02311509395
0.27   0.02480408628
0.28   0.02654007199
0.29   0.028321605144
0.3   0.030147241317
0.31   0.032015539415
0.32   0.033925063206
0.33   0.035874382583
0.34   0.037862074599
0.35   0.039886724289
0.36   0.041946925328
0.37   0.044041280553
0.38   0.046168402397
0.39   0.048326913271
0.4   0.050515445944
0.41   0.052732643947
0.42   0.054977162058
0.43   0.0572476669
0.44   0.059542837681
0.45   0.061861367121
0.46   0.064201962579
0.47   0.06656334742
0.48   0.068944262621
0.49   0.071343468645
0.5   0.073759747579
0.51   0.076191905532
0.52   0.078638775304
0.53   0.081099219287
0.54   0.083572132605
0.55   0.086056446442
0.56   0.088551131543
0.57   0.091055201853
0.58   0.093567718229
0.59   0.096087792207
0.6   0.09861458976
0.61   0.10114733499
0.62   0.1036853137
0.63   0.10622787682
0.64   0.10877444358
0.65   0.1113245044
0.66   0.11387762345
0.67   0.11643344085
0.68   0.11899167439
0.69   0.12155212077
0.7   0.12411465638
0.71   0.12667923748
0.72   0.1292458998
0.73   0.13181475758
0.74   0.13438600201
0.75   0.13695989898
0.76   0.13953678634
0.77   0.14211707049
0.78   0.14470122241
0.79   0.14728977317
0.8   0.14988330895
0.81   0.15248246552
0.82   0.1550879224
0.83   0.15770039662
0.84   0.16032063618
0.85   0.16294941333
0.86   0.16558751763
0.87   0.16823574901
0.88   0.17089491073
0.89   0.17356580253
0.9   0.17624921377
0.91   0.17894591695
0.92   0.18165666142
0.93   0.18438216744
0.94   0.18712312075
0.95   0.18988016754
0.96   0.19265390992
0.97   0.1954449021
0.98   0.19825364699
0.99   0.20108059359
1   0.20392613495
1.01   0.20679060678
1.02   0.20967428678
1.03   0.21257739456
1.04   0.21550009218
1.05   0.21844248536
1.06   0.22140462517
1.07   0.22438651027
1.08   0.22738808961
1.09   0.23040926551
1.1   0.23344989708
1.11   0.23650980393
1.12   0.23958877003
1.13   0.24268654767
1.14   0.24580286153
1.15   0.24893741256
1.16   0.2520898819
1.17   0.25525993445
1.18   0.25844722225
1.19   0.2616513875
1.2   0.26487206517
1.21   0.26810888512
1.22   0.27136147377
1.23   0.2746294552
1.24   0.27791245164
1.25   0.28121008342
1.26   0.28452196826
1.27   0.28784772003
1.28   0.29118694685
1.29   0.29453924865
1.3   0.29790421422
1.31   0.30128141772
1.32   0.30467041478
1.33   0.30807073827
1.34   0.31148189368
1.35   0.31490335431
1.36   0.3183345564
1.37   0.32177489404
1.38   0.3252237143
1.39   0.32868031235
1.4   0.33214392692
1.41   0.335613736
1.42   0.33908885305
1.43   0.34256832365
1.44   0.34605112279
1.45   0.34953615283
1.46   0.35302224219
1.47   0.35650814491
1.48   0.35999254102
1.49   0.36347403789
1.5   0.36695117249
1.51   0.37042241459
1.52   0.37388617105
1.53   0.37734079096
1.54   0.38078457182
1.55   0.38421576662
1.56   0.38763259181
1.57   0.3910332361
1.58   0.39441587003
1.59   0.3977786562
1.6   0.40111976012
1.61   0.40443736156
1.62   0.40772966627
1.63   0.41099491801
1.64   0.41423141066
1.65   0.4174375005
1.66   0.42061161825
1.67   0.42375228103
1.68   0.42685810385
1.69   0.42992781079
1.7   0.43296024542
1.71   0.43595438095
1.72   0.43890932825
1.73   0.4418243447
1.74   0.44469884224
1.75   0.44753239087
1.76   0.45032472785
1.77   0.4530757537
1.78   0.45578549704
1.79   0.45845409146
1.8   0.46108171725
1.81   0.46366853329
1.82   0.46621469826
1.83   0.46872036276
1.84   0.47118567538
1.85   0.47361080927
1.86   0.47599595239
1.87   0.47834129327
1.88   0.48064702059
1.89   0.48291332883
1.9   0.48514041884
1.91   0.48732849555
1.92   0.48947776766
1.93   0.4915884478
1.94   0.49366075222
1.95   0.49569490061
1.96   0.49769111586
1.97   0.49964962393
1.98   0.50157065358
1.99   0.50345443633
2   0.50530120618
2.01   0.50711119955
2.02   0.50888465511
2.03   0.51062181364
2.04   0.5123229179
2.05   0.51398821256
2.06   0.51561794402
2.07   0.51721236033
2.08   0.51877171108
2.09   0.52029624734
2.1   0.52178622148
2.11   0.52324188717
2.12   0.52466349921
2.13   0.52605131351
2.14   0.52740558695
2.15   0.52872657735
2.16   0.53001454335
2.17   0.53126974436
2.18   0.53249244046
2.19   0.53368289238
2.2   0.53484136136
2.21   0.53596810913
2.22   0.53706339783
2.23   0.53812748993
2.24   0.5391606482
2.25   0.54016313562
2.26   0.54113521533
2.27   0.54207715056
2.28   0.54298920459
2.29   0.5438716407
2.3   0.54472472207
2.31   0.54554871178
2.32   0.54634387272
2.33   0.54711046757
2.34   0.54784875873
2.35   0.54855900828
2.36   0.54924147791
2.37   0.54989642891
2.38   0.55052412212
2.39   0.55112481787
2.4   0.55169877592
2.41   0.55224625548
2.42   0.5527675151
2.43   0.55326281271
2.44   0.55373240549
2.45   0.55417654992
2.46   0.55459550167
2.47   0.55498951565
2.48   0.55535884589
2.49   0.55570374557
2.5   0.55602446696
2.51   0.55632126141
2.52   0.55659437929
2.53   0.55684407
2.54   0.55707058191
2.55   0.55727416238
2.56   0.55745505768
2.57   0.557613513
2.58   0.55774977242
2.59   0.55786407888
2.6   0.55795667419
2.61   0.55802779896
2.62   0.55807769264
2.63   0.55810659343
2.64   0.55811473834
2.65   0.55810236311
2.66   0.55806970223
2.67   0.55801698893
2.68   0.55794445512
2.69   0.55785233144
2.7   0.55774084718
2.71   0.55761023033
2.72   0.55746070752
2.73   0.55729250405
2.74   0.55710584384
2.75   0.55690094945
2.76   0.55667804207
2.77   0.55643734147
2.78   0.55617906606
2.79   0.55590343282
2.8   0.55561065734
2.81   0.55530095377
2.82   0.55497453487
2.83   0.55463161194
2.84   0.55427239486
2.85   0.55389709209
2.86   0.55350591062
2.87   0.55309905601
2.88   0.55267673237
2.89   0.55223914236
2.9   0.55178648718
2.91   0.55131896659
2.92   0.55083677889
2.93   0.5503401209
2.94   0.54982918801
2.95   0.54930417412
2.96   0.54876527171
2.97   0.54821267175
2.98   0.5476465638
2.99   0.54706713591
3   0.54647457472
3.01   0.54586906537
3.02   0.54525079157
3.03   0.54461993557
3.04   0.54397667814
3.05   0.54332119864
3.06   0.54265367495
3.07   0.54197428352
3.08   0.54128319933
3.09   0.54058059594
3.1   0.53986664546
3.11   0.53914151858
3.12   0.53840538452
3.13   0.53765841111
3.14   0.53690076473
3.15   0.53613261034
3.16   0.53535411148
3.17   0.53456543028
3.18   0.53376672744
3.19   0.53295816229
3.2   0.53213989272
3.21   0.53131207524
3.22   0.53047486496
3.23   0.52962841559
3.24   0.52877287947
3.25   0.52790840755
3.26   0.52703514942
3.27   0.52615325328
3.28   0.52526286597
3.29   0.52436413298
3.3   0.52345719843
3.31   0.52254220509
3.32   0.5216192944
3.33   0.52068860646
3.34   0.51975028001
3.35   0.51880445249
3.36   0.51785126001
3.37   0.51689083736
3.38   0.51592331801
3.39   0.51494883415
3.4   0.51396751666
3.41   0.5129794951
3.42   0.51198489778
3.43   0.51098385172
3.44   0.50997648264
3.45   0.50896291503
3.46   0.50794327208
3.47   0.50691767576
3.48   0.50588624675
3.49   0.50484910453
3.5   0.5038063673
3.51   0.50275815205
3.52   0.50170457455
3.53   0.50064574935
3.54   0.49958178978
3.55   0.49851280798
3.56   0.49743891487
3.57   0.49636022019
3.58   0.49527683251
3.59   0.4941888592
3.6   0.49309640646
3.61   0.49199957936
3.62   0.49089848176
3.63   0.48979321641
3.64   0.4886838849
3.65   0.48757058769
3.66   0.48645342411
3.67   0.48533249236
3.68   0.48420788953
3.69   0.48307971161
3.7   0.48194805347
3.71   0.48081300892
3.72   0.47967467063
3.73   0.47853313025
3.74   0.47738847832
3.75   0.47624080433
3.76   0.4750901967
3.77   0.47393674282
3.78   0.47278052902
3.79   0.4716216406
3.8   0.47046016184
3.81   0.46929617598
3.82   0.46812976527
3.83   0.46696101094
3.84   0.46578999323
3.85   0.46461679138
3.86   0.46344148366
3.87   0.46226414734
3.88   0.46108485876
3.89   0.45990369326
3.9   0.45872072525
3.91   0.4575360282
3.92   0.45634967462
3.93   0.4551617361
3.94   0.45397228332
3.95   0.45278138602
3.96   0.45158911306
3.97   0.45039553238
3.98   0.44920071103
3.99   0.44800471518
4   0.44680761012
4.01   0.44560946028
4.02   0.44441032922
4.03   0.44321027964
4.04   0.4420093734
4.05   0.44080767152
4.06   0.43960523419
4.07   0.43840212076
4.08   0.4371983898
4.09   0.43599409904
4.1   0.43478930541
4.11   0.43358406506
4.12   0.43237843334
4.13   0.43117246482
4.14   0.42996621333
4.15   0.42875973189
4.16   0.42755307278
4.17   0.42634628756
4.18   0.425139427
4.19   0.42393254117
4.2   0.42272567939
4.21   0.42151889029
4.22   0.42031222175
4.23   0.41910572098
4.24   0.41789943446
4.25   0.41669340801
4.26   0.41548768674
4.27   0.41428231509
4.28   0.41307733684
4.29   0.41187279511
4.3   0.41066873234
4.31   0.40946519035
4.32   0.4082622103
4.33   0.40705983272
4.34   0.40585809754
4.35   0.40465704401
4.36   0.40345671083
4.37   0.40225713605
4.38   0.40105835713
4.39   0.39986041095
4.4   0.3986633338
4.41   0.39746716137
4.42   0.3962719288
4.43   0.39507767064
4.44   0.39388442092
4.45   0.39269221306
4.46   0.39150107999
4.47   0.39031105405
4.48   0.38912216708
4.49   0.38793445038
4.5   0.38674793472
4.51   0.38556265036
4.52   0.38437862705
4.53   0.38319589404
4.54   0.38201448009
4.55   0.38083441345
4.56   0.3796557219
4.57   0.37847843272
4.58   0.37730257275
4.59   0.37612816833
4.6   0.37495524536
4.61   0.37378382926
4.62   0.37261394504
4.63   0.37144561721
4.64   0.3702788699
4.65   0.36911372676
4.66   0.36795021103
4.67   0.36678834553
4.68   0.36562815266
4.69   0.36446965441
4.7   0.36331287236
4.71   0.36215782768
4.72   0.36100454116
4.73   0.3598530332
4.74   0.3587033238
4.75   0.35755543259
4.76   0.35640937881
4.77   0.35526518135
4.78   0.35412285871
4.79   0.35298242907
4.8   0.3518439102
4.81   0.35070731955
4.82   0.34957267423
4.83   0.34843999099
4.84   0.34730928624
4.85   0.34618057608
4.86   0.34505387626
4.87   0.34392920222
4.88   0.34280656907
4.89   0.34168599161
4.9   0.34056748432
4.91   0.3394510614
4.92   0.33833673671
4.93   0.33722452385
4.94   0.33611443609
4.95   0.33500648645
4.96   0.33390068762
4.97   0.33279705205
4.98   0.33169559188
4.99   0.33059631899
5   0.32949924499
5.01   0.32840438123
5.02   0.32731173878
5.03   0.32622132847
5.04   0.32513316085
5.05   0.32404724626
5.06   0.32296359474
5.07   0.32188221614
5.08   0.32080312002
5.09   0.31972631574
5.1   0.3186518124
5.11   0.31757961888
5.12   0.31650974384
5.13   0.31544219571
5.14   0.31437698269
5.15   0.31331411278
5.16   0.31225359376
5.17   0.31119543318
5.18   0.31013963842
5.19   0.30908621661
5.2   0.30803517472
5.21   0.30698651949
5.22   0.30594025749
5.23   0.30489639507
5.24   0.3038549384
5.25   0.30281589348
5.26   0.30177926611
5.27   0.30074506189
5.28   0.29971328628
5.29   0.29868394454
5.3   0.29765704176
5.31   0.29663258285
5.32   0.29561057256
5.33   0.29459101549
5.34   0.29357391604
5.35   0.29255927849
5.36   0.29154710692
5.37   0.29053740528
5.38   0.28953017737
5.39   0.28852542683
5.4   0.28752315713
5.41   0.28652337164
5.42   0.28552607353
5.43   0.28453126588
5.44   0.28353895159
5.45   0.28254913344
5.46   0.28156181407
5.47   0.280576996
5.48   0.27959468159
5.49   0.27861487309
5.5   0.27763757262
5.51   0.27666278218
5.52   0.27569050362
5.53   0.2747207387
5.54   0.27375348905
5.55   0.27278875616
5.56   0.27182654144
5.57   0.27086684616
5.58   0.26990967148
5.59   0.26895501847
5.6   0.26800288806
5.61   0.26705328109
5.62   0.26610619829
5.63   0.26516164029
5.64   0.26421960763
5.65   0.26328010071
5.66   0.26234311986
5.67   0.26140866533
5.68   0.26047673722
5.69   0.25954733559
5.7   0.25862046038
5.71   0.25769611143
5.72   0.25677428852
5.73   0.25585499131
5.74   0.2549382194
5.75   0.25402397227
5.76   0.25311224936
5.77   0.25220304999
5.78   0.25129637342
5.79   0.25039221881
5.8   0.24949058526
5.81   0.24859147179
5.82   0.24769487733
5.83   0.24680080075
5.84   0.24590924083
5.85   0.24502019629
5.86   0.24413366578
5.87   0.24324964787
5.88   0.24236814106
5.89   0.24148914379
5.9   0.24061265444
5.91   0.2397386713
5.92   0.23886719262
5.93   0.23799821657
5.94   0.23713174126
5.95   0.23626776475
5.96   0.23540628502
5.97   0.23454730001
5.98   0.23369080758
5.99   0.23283680557
6   0.23198529171
6.01   0.23113626372
6.02   0.23028971924
6.03   0.22944565587
6.04   0.22860407115
6.05   0.22776496257
6.06   0.22692832756
6.07   0.22609416352
6.08   0.22526246779
6.09   0.22443323765
6.1   0.22360647034
6.11   0.22278216307
6.12   0.22196031298
6.13   0.22114091717
6.14   0.22032397272
6.15   0.21950947663
6.16   0.21869742587
6.17   0.21788781739
6.18   0.21708064806
6.19   0.21627591474
6.2   0.21547361424
6.21   0.21467374332
6.22   0.21387629873
6.23   0.21308127715
6.24   0.21228867524
6.25   0.21149848961
6.26   0.21071071686
6.27   0.20992535354
6.28   0.20914239615
6.29   0.20836184117
6.3   0.20758368507
6.31   0.20680792424
6.32   0.20603455507
6.33   0.20526357391
6.34   0.20449497708
6.35   0.20372876087
6.36   0.20296492154
6.37   0.20220345532
6.38   0.20144435842
6.39   0.20068762699
6.4   0.1999332572
6.41   0.19918124515
6.42   0.19843158695
6.43   0.19768427865
6.44   0.1969393163
6.45   0.19619669591
6.46   0.19545641347
6.47   0.19471846495
6.48   0.19398284629
6.49   0.19324955341
6.5   0.1925185822
6.51   0.19178992855
6.52   0.1910635883
6.53   0.19033955729
6.54   0.18961783132
6.55   0.18889840619
6.56   0.18818127766
6.57   0.18746644148
6.58   0.18675389339
6.59   0.18604362909
6.6   0.18533564428
6.61   0.18462993464
6.62   0.18392649581
6.63   0.18322532345
6.64   0.18252641316
6.65   0.18182976057
6.66   0.18113536125
6.67   0.18044321079
6.68   0.17975330473
6.69   0.17906563862
6.7   0.178380208
6.71   0.17769700837
6.72   0.17701603523
6.73   0.17633728407
6.74   0.17566075037
6.75   0.17498642956
6.76   0.17431431712
6.77   0.17364440845
6.78   0.172976699
6.79   0.17231118416
6.8   0.17164785933
6.81   0.1709867199
6.82   0.17032776123
6.83   0.1696709787
6.84   0.16901636766
6.85   0.16836392344
6.86   0.16771364139
6.87   0.16706551681
6.88   0.16641954502
6.89   0.16577572134
6.9   0.16513404104
6.91   0.16449449942
6.92   0.16385709175
6.93   0.1632218133
6.94   0.16258865933
6.95   0.16195762509
6.96   0.16132870583
6.97   0.16070189679
6.98   0.16007719318
6.99   0.15945459025
7   0.1588340832
7.01   0.15821566725
7.02   0.15759933759
7.03   0.15698508943
7.04   0.15637291796
7.05   0.15576281836
7.06   0.15515478581
7.07   0.15454881549
7.08   0.15394490256
7.09   0.15334304221
7.1   0.15274322957
7.11   0.15214545982
7.12   0.1515497281
7.13   0.15095602956
7.14   0.15036435934
7.15   0.14977471258
7.16   0.14918708442
7.17   0.14860146999
7.18   0.14801786443
7.19   0.14743626285
7.2   0.14685666038
7.21   0.14627905215
7.22   0.14570343326
7.23   0.14512979884
7.24   0.14455814399
7.25   0.14398846384
7.26   0.14342075348
7.27   0.14285500803
7.28   0.14229122259
7.29   0.14172939226
7.3   0.14116951215
7.31   0.14061157736
7.32   0.14005558299
7.33   0.13950152414
7.34   0.13894939591
7.35   0.13839919339
7.36   0.13785091168
7.37   0.13730454588
7.38   0.13676009109
7.39   0.1362175424
7.4   0.1356768949
7.41   0.1351381437
7.42   0.13460128389
7.43   0.13406631057
7.44   0.13353321883
7.45   0.13300200377
7.46   0.1324726605
7.47   0.1319451841
7.48   0.13141956968
7.49   0.13089581234
7.5   0.13037390719
7.51   0.12985384932
7.52   0.12933563384
7.53   0.12881925586
7.54   0.12830471049
7.55   0.12779199283
7.56   0.12728109799
7.57   0.1267720211
7.58   0.12626475726
7.59   0.12575930159
7.6   0.12525564921
7.61   0.12475379525
7.62   0.12425373482
7.63   0.12375546305
7.64   0.12325897507
7.65   0.12276426602
7.66   0.12227133102
7.67   0.12178016522
7.68   0.12129076376
7.69   0.12080312177
7.7   0.1203172344
7.71   0.11983309681
7.72   0.11935070414
7.73   0.11887005156
7.74   0.11839113421
7.75   0.11791394727
7.76   0.1174384859
7.77   0.11696474527
7.78   0.11649272055
7.79   0.11602240692
7.8   0.11555379956
7.81   0.11508689366
7.82   0.11462168441
7.83   0.114158167
7.84   0.11369633663
7.85   0.1132361885
7.86   0.11277771782
7.87   0.11232091979
7.88   0.11186578964
7.89   0.11141232258
7.9   0.11096051384
7.91   0.11051035865
7.92   0.11006185224
7.93   0.10961498984
7.94   0.10916976671
7.95   0.10872617809
7.96   0.10828421924
7.97   0.10784388541
7.98   0.10740517187
7.99   0.10696807388
8   0.10653258673
8.01   0.10609870568
8.02   0.10566642603
8.03   0.10523574307
8.04   0.10480665209
8.05   0.10437914839
8.06   0.10395322728
8.07   0.10352888408
8.08   0.10310611409
8.09   0.10268491265
8.1   0.10226527509
8.11   0.10184719674
8.12   0.10143067294
8.13   0.10101569904
8.14   0.1006022704
8.15   0.10019038237
8.16   0.099780030322
8.17   0.099371209629
8.18   0.098963915668
8.19   0.098558143825
8.2   0.098153889489
8.21   0.097751148059
8.22   0.09734991494
8.23   0.096950185541
8.24   0.096551955279
8.25   0.096155219579
8.26   0.09575997387
8.27   0.095366213589
8.28   0.094973934181
8.29   0.094583131096
8.3   0.09419379979
8.31   0.093805935728
8.32   0.09341953438
8.33   0.093034591226
8.34   0.092651101748
8.35   0.09226906144
8.36   0.091888465801
8.37   0.091509310335
8.38   0.091131590556
8.39   0.090755301985
8.4   0.090380440149
8.41   0.090007000582
8.42   0.089634978827
8.43   0.089264370433
8.44   0.088895170956
8.45   0.088527375961
8.46   0.088160981018
8.47   0.087795981708
8.48   0.087432373616
8.49   0.087070152336
8.5   0.086709313469
8.51   0.086349852625
8.52   0.085991765421
8.53   0.08563504748
8.54   0.085279694436
8.55   0.084925701926
8.56   0.0845730656
8.57   0.084221781112
8.58   0.083871844126
8.59   0.083523250312
8.6   0.08317599535
8.61   0.082830074926
8.62   0.082485484734
8.63   0.082142220478
8.64   0.081800277868
8.65   0.081459652623
8.66   0.081120340469
8.67   0.080782337141
8.68   0.080445638382
8.69   0.080110239943
8.7   0.079776137583
8.71   0.07944332707
8.72   0.079111804179
8.73   0.078781564694
8.74   0.078452604406
8.75   0.078124919116
8.76   0.077798504633
8.77   0.077473356774
8.78   0.077149471363
8.79   0.076826844234
8.8   0.07650547123
8.81   0.0761853482
8.82   0.075866471004
8.83   0.075548835509
8.84   0.075232437591
8.85   0.074917273133
8.86   0.074603338029
8.87   0.07429062818
8.88   0.073979139496
8.89   0.073668867895
8.9   0.073359809305
8.91   0.07305195966
8.92   0.072745314906
8.93   0.072439870996
8.94   0.07213562389
8.95   0.071832569559
8.96   0.071530703982
8.97   0.071230023147
8.98   0.070930523051
8.99   0.070632199698
9   0.070335049102
9.01   0.070039067287
9.02   0.069744250283
9.03   0.069450594132
9.04   0.069158094881
9.05   0.06886674859
9.06   0.068576551325
9.07   0.068287499162
9.08   0.067999588186
9.09   0.067712814489
9.1   0.067427174175
9.11   0.067142663355
9.12   0.066859278149
9.13   0.066577014686
9.14   0.066295869104
9.15   0.066015837551
9.16   0.065736916183
9.17   0.065459101165
9.18   0.06518238867
9.19   0.064906774883
9.2   0.064632255994
9.21   0.064358828207
9.22   0.064086487729
9.23   0.063815230782
9.24   0.063545053592
9.25   0.063275952399
9.26   0.063007923447
9.27   0.062740962992
9.28   0.0624750673
9.29   0.062210232644
9.3   0.061946455306
9.31   0.061683731579
9.32   0.061422057763
9.33   0.06116143017
9.34   0.060901845117
9.35   0.060643298934
9.36   0.060385787959
9.37   0.060129308537
9.38   0.059873857025
9.39   0.059619429788
9.4   0.0593660232
9.41   0.059113633645
9.42   0.058862257514
9.43   0.058611891211
9.44   0.058362531145
9.45   0.058114173737
9.46   0.057866815416
9.47   0.05762045262
9.48   0.057375081798
9.49   0.057130699406
9.5   0.05688730191
9.51   0.056644885786
9.52   0.056403447517
9.53   0.056162983599
9.54   0.055923490532
9.55   0.05568496483
9.56   0.055447403014
9.57   0.055210801615
9.58   0.054975157171
9.59   0.054740466233
9.6   0.054506725358
9.61   0.054273931113
9.62   0.054042080075
9.63   0.05381116883
9.64   0.053581193973
9.65   0.053352152109
9.66   0.053124039849
9.67   0.052896853817
9.68   0.052670590646
9.69   0.052445246975
9.7   0.052220819455
9.71   0.051997304745
9.72   0.051774699515
9.73   0.051553000441
9.74   0.051332204212
9.75   0.051112307522
9.76   0.050893307078
9.77   0.050675199594
9.78   0.050457981793
9.79   0.050241650409
9.8   0.050026202184
9.81   0.049811633868
9.82   0.049597942223
9.83   0.049385124017
9.84   0.049173176031
9.85   0.048962095051
9.86   0.048751877874
9.87   0.048542521307
9.88   0.048334022164
9.89   0.048126377272
9.9   0.047919583462
9.91   0.047713637577
9.92   0.04750853647
9.93   0.047304277002
9.94   0.047100856041
9.95   0.046898270468
9.96   0.04669651717
9.97   0.046495593044
9.98   0.046295494998
9.99   0.046096219946
10   0.045897764813
10.01   0.045700126532
10.02   0.045503302047
10.03   0.045307288307
10.04   0.045112082274
10.05   0.044917680918
10.06   0.044724081218
10.07   0.04453128016
10.08   0.044339274741
10.09   0.044148061968
10.1   0.043957638854
10.11   0.043768002424
10.12   0.043579149709
10.13   0.043391077751
10.14   0.043203783601
10.15   0.043017264319
10.16   0.042831516971
10.17   0.042646538635
10.18   0.042462326399
10.19   0.042278877355
10.2   0.042096188609
10.21   0.041914257273
10.22   0.041733080468
10.23   0.041552655326
10.24   0.041372978984
10.25   0.041194048592
10.26   0.041015861306
10.27   0.040838414293
10.28   0.040661704725
10.29   0.040485729788
10.3   0.040310486672
10.31   0.04013597258
10.32   0.039962184719
10.33   0.039789120309
10.34   0.039616776577
10.35   0.039445150758
10.36   0.039274240098
10.37   0.039104041848
10.38   0.038934553271
10.39   0.038765771638
10.4   0.038597694227
10.41   0.038430318326
10.42   0.038263641232
10.43   0.03809766025
10.44   0.037932372693
10.45   0.037767775884
10.46   0.037603867153
10.47   0.03744064384
10.48   0.037278103293
10.49   0.037116242867
10.5   0.036955059929
10.51   0.036794551851
10.52   0.036634716015
10.53   0.036475549812
10.54   0.036317050641
10.55   0.036159215909
10.56   0.036002043032
10.57   0.035845529434
10.58   0.035689672547
10.59   0.035534469814
10.6   0.035379918682
10.61   0.03522601661
10.62   0.035072761063
10.63   0.034920149517
10.64   0.034768179454
10.65   0.034616848366
10.66   0.03446615375
10.67   0.034316093116
10.68   0.034166663978
10.69   0.034017863862
10.7   0.033869690299
10.71   0.03372214083
10.72   0.033575213003
10.73   0.033428904377
10.74   0.033283212515
10.75   0.033138134991
10.76   0.032993669386
10.77   0.032849813291
10.78   0.032706564302
10.79   0.032563920025
10.8   0.032421878075
10.81   0.032280436072
10.82   0.032139591647
10.83   0.031999342438
10.84   0.03185968609
10.85   0.031720620258
10.86   0.031582142603
10.87   0.031444250796
10.88   0.031306942513
10.89   0.031170215441
10.9   0.031034067274
10.91   0.030898495712
10.92   0.030763498465
10.93   0.03062907325
10.94   0.030495217793
10.95   0.030361929827
10.96   0.030229207091
10.97   0.030097047335
10.98   0.029965448314
10.99   0.029834407794
11   0.029703923545
11.01   0.029573993347
11.02   0.029444614987
11.03   0.029315786261
11.04   0.02918750497
11.05   0.029059768925
11.06   0.028932575943
11.07   0.028805923851
11.08   0.028679810481
11.09   0.028554233674
11.1   0.028429191278
11.11   0.028304681149
11.12   0.02818070115
11.13   0.028057249151
11.14   0.027934323032
11.15   0.027811920678
11.16   0.027690039982
11.17   0.027568678845
11.18   0.027447835174
11.19   0.027327506886
11.2   0.027207691904
11.21   0.027088388157
11.22   0.026969593583
11.23   0.026851306127
11.24   0.026733523742
11.25   0.026616244386
11.26   0.026499466028
11.27   0.02638318664
11.28   0.026267404205
11.29   0.02615211671
11.3   0.026037322152
11.31   0.025923018533
11.32   0.025809203865
11.33   0.025695876163
11.34   0.025583033453
11.35   0.025470673765
11.36   0.02535879514
11.37   0.025247395622
11.38   0.025136473264
11.39   0.025026026126
11.4   0.024916052275
11.41   0.024806549785
11.42   0.024697516736
11.43   0.024588951217
11.44   0.024480851322
11.45   0.024373215154
11.46   0.024266040819
11.47   0.024159326436
11.48   0.024053070124
11.49   0.023947270015
11.5   0.023841924244
11.51   0.023737030953
11.52   0.023632588293
11.53   0.023528594421
11.54   0.023425047499
11.55   0.023321945698
11.56   0.023219287194
11.57   0.023117070171
11.58   0.023015292819
11.59   0.022913953336
11.6   0.022813049923
11.61   0.022712580793
11.62   0.022612544161
11.63   0.022512938251
11.64   0.022413761293
11.65   0.022315011523
11.66   0.022216687185
11.67   0.022118786528
11.68   0.022021307808
11.69   0.021924249288
11.7   0.021827609238
11.71   0.021731385932
11.72   0.021635577652
11.73   0.021540182688
11.74   0.021445199333
11.75   0.021350625889
11.76   0.021256460664
11.77   0.021162701972
11.78   0.021069348132
11.79   0.020976397471
11.8   0.020883848323
11.81   0.020791699026
11.82   0.020699947925
11.83   0.020608593372
11.84   0.020517633725
11.85   0.020427067349
11.86   0.020336892612
11.87   0.020247107892
11.88   0.02015771157
11.89   0.020068702036
11.9   0.019980077685
11.91   0.019891836916
11.92   0.019803978138
11.93   0.019716499762
11.94   0.019629400208
11.95   0.019542677901
11.96   0.019456331271
11.97   0.019370358756
11.98   0.019284758799
11.99   0.019199529848
12   0.019114670358
12.01   0.01903017879
12.02   0.018946053611
12.03   0.018862293292
12.04   0.018778896312
12.05   0.018695861156
12.06   0.018613186313
12.07   0.018530870279
12.08   0.018448911555
12.09   0.018367308649
12.1   0.018286060073
12.11   0.018205164347
12.12   0.018124619995
12.13   0.018044425547
12.14   0.017964579538
12.15   0.017885080511
12.16   0.017805927012
12.17   0.017727117595
12.18   0.017648650817
12.19   0.017570525242
12.2   0.017492739439
12.21   0.017415291985
12.22   0.017338181459
12.23   0.017261406447
12.24   0.017184965541
12.25   0.017108857338
12.26   0.01703308044
12.27   0.016957633456
12.28   0.016882514998
12.29   0.016807723686
12.3   0.016733258143
12.31   0.016659116999
12.32   0.016585298889
12.33   0.016511802453
12.34   0.016438626337
12.35   0.016365769191
12.36   0.016293229672
12.37   0.01622100644
12.38   0.016149098164
12.39   0.016077503513
12.4   0.016006221166
12.41   0.015935249804
12.42   0.015864588116
12.43   0.015794234793
12.44   0.015724188534
12.45   0.015654448041
12.46   0.015585012023
12.47   0.015515879192
12.48   0.015447048266
12.49   0.01537851797
12.5   0.01531028703
12.51   0.015242354181
12.52   0.015174718161
12.53   0.015107377712
12.54   0.015040331584
12.55   0.014973578529
12.56   0.014907117306
12.57   0.014840946678
12.58   0.014775065413
12.59   0.014709472283
12.6   0.014644166067
12.61   0.014579145546
12.62   0.01451440951
12.63   0.014449956749
12.64   0.014385786062
12.65   0.014321896249
12.66   0.014258286119
12.67   0.014194954481
12.68   0.014131900152
12.69   0.014069121954
12.7   0.014006618712
12.71   0.013944389256
12.72   0.013882432421
12.73   0.013820747047
12.74   0.013759331979
12.75   0.013698186064
12.76   0.013637308158
12.77   0.013576697117
12.78   0.013516351805
12.79   0.013456271089
12.8   0.013396453841
12.81   0.013336898937
12.82   0.013277605258
12.83   0.01321857169
12.84   0.013159797122
12.85   0.013101280449
12.86   0.01304302057
12.87   0.012985016388
12.88   0.012927266811
12.89   0.01286977075
12.9   0.012812527123
12.91   0.01275553485
12.92   0.012698792857
12.93   0.012642300072
12.94   0.012586055431
12.95   0.01253005787
12.96   0.012474306334
12.97   0.012418799768
12.98   0.012363537123
12.99   0.012308517356
13   0.012253739425
13.01   0.012199202295
13.02   0.012144904932
13.03   0.012090846311
13.04   0.012037025406
13.05   0.011983441199
13.06   0.011930092675
13.07   0.011876978821
13.08   0.011824098631
13.09   0.011771451103
13.1   0.011719035236
13.11   0.011666850037
13.12   0.011614894515
13.13   0.011563167683
13.14   0.011511668558
13.15   0.011460396161
13.16   0.011409349519
13.17   0.011358527661
13.18   0.011307929619
13.19   0.011257554431
13.2   0.011207401139
13.21   0.011157468787
13.22   0.011107756424
13.23   0.011058263104
13.24   0.011008987883
13.25   0.010959929822
13.26   0.010911087986
13.27   0.010862461443
13.28   0.010814049265
13.29   0.010765850528
13.3   0.010717864312
13.31   0.010670089702
13.32   0.010622525783
13.33   0.010575171648
13.34   0.010528026391
13.35   0.010481089111
13.36   0.01043435891
13.37   0.010387834895
13.38   0.010341516175
13.39   0.010295401863
13.4   0.010249491077
13.41   0.010203782937
13.42   0.010158276568
13.43   0.010112971097
13.44   0.010067865657
13.45   0.010022959382
13.46   0.0099782514117
13.47   0.0099337408877
13.48   0.0098894269561
13.49   0.0098453087663
13.5   0.0098013854713
13.51   0.0097576562276
13.52   0.009714120195
13.53   0.0096707765371
13.54   0.0096276244207
13.55   0.0095846630162
13.56   0.0095418914974
13.57   0.0094993090417
13.58   0.0094569148296
13.59   0.0094147080453
13.6   0.0093726878761
13.61   0.0093308535131
13.62   0.0092892041503
13.63   0.0092477389855
13.64   0.0092064572195
13.65   0.0091653580565
13.66   0.0091244407042
13.67   0.0090837043734
13.68   0.0090431482783
13.69   0.0090027716363
13.7   0.0089625736682
13.71   0.0089225535979
13.72   0.0088827106527
13.73   0.0088430440629
13.74   0.0088035530623
13.75   0.0087642368878
13.76   0.0087250947793
13.77   0.0086861259801
13.78   0.0086473297367
13.79   0.0086087052986
13.8   0.0085702519185
13.81   0.0085319688522
13.82   0.0084938553587
13.83   0.0084559107
13.84   0.0084181341414
13.85   0.0083805249511
13.86   0.0083430824004
13.87   0.0083058057636
13.88   0.0082686943183
13.89   0.0082317473447
13.9   0.0081949641266
13.91   0.0081583439502
13.92   0.0081218861052
13.93   0.008085589884
13.94   0.0080494545821
13.95   0.0080134794979
13.96   0.0079776639328
13.97   0.0079420071911
13.98   0.0079065085801
13.99   0.0078711674099
14   0.0078359829937
14.01   0.0078009546474
14.02   0.0077660816899
14.03   0.0077313634429
14.04   0.007696799231
14.05   0.0076623883817
14.06   0.0076281302254
14.07   0.007594024095
14.08   0.0075600693265
14.09   0.0075262652588
14.1   0.0074926112333
14.11   0.0074591065944
14.12   0.0074257506892
14.13   0.0073925428676
14.14   0.0073594824821
14.15   0.0073265688882
14.16   0.0072938014438
14.17   0.00726117951
14.18   0.00722870245
14.19   0.0071963696303
14.2   0.0071641804197
14.21   0.0071321341897
14.22   0.0071002303146
14.23   0.0070684681714
14.24   0.0070368471395
14.25   0.0070053666012
14.26   0.0069740259413
14.27   0.0069428245471
14.28   0.0069117618088
14.29   0.0068808371189
14.3   0.0068500498726
14.31   0.0068193994677
14.32   0.0067888853046
14.33   0.006758506786
14.34   0.0067282633176
14.35   0.0066981543071
14.36   0.0066681791651
14.37   0.0066383373047
14.38   0.0066086281411
14.39   0.0065790510926
14.4   0.0065496055794
14.41   0.0065202910246
14.42   0.0064911068536
14.43   0.0064620524941
14.44   0.0064331273766
14.45   0.0064043309336
14.46   0.0063756626004
14.47   0.0063471218146
14.48   0.0063187080159
14.49   0.0062904206469
14.5   0.0062622591522
14.51   0.006234222979
14.52   0.0062063115767
14.53   0.0061785243971
14.54   0.0061508608945
14.55   0.0061233205252
14.56   0.0060959027483
14.57   0.0060686070247
14.58   0.0060414328179
14.59   0.0060143795938
14.6   0.0059874468203
14.61   0.0059606339677
14.62   0.0059339405087
14.63   0.0059073659181
14.64   0.005880909673
14.65   0.0058545712528
14.66   0.0058283501389
14.67   0.0058022458153
14.68   0.005776257768
14.69   0.005750385485
14.7   0.005724628457
14.71   0.0056989861765
14.72   0.0056734581382
14.73   0.0056480438392
14.74   0.0056227427785
14.75   0.0055975544574
14.76   0.0055724783794
14.77   0.00554751405
14.78   0.0055226609769
14.79   0.0054979186698
14.8   0.0054732866407
14.81   0.0054487644036
14.82   0.0054243514745
14.83   0.0054000473717
14.84   0.0053758516154
14.85   0.0053517637279
14.86   0.0053277832337
14.87   0.0053039096591
14.88   0.0052801425325
14.89   0.0052564813846
14.9   0.0052329257479
14.91   0.0052094751568
14.92   0.0051861291479
14.93   0.0051628872599
14.94   0.0051397490331
14.95   0.0051167140102
14.96   0.0050937817356
14.97   0.0050709517558
14.98   0.0050482236193
14.99   0.0050255968763
15   0.0050030710793
15.01   0.0049806457824
15.02   0.0049583205419
15.03   0.0049360949159
15.04   0.0049139684642
15.05   0.0048919407489
15.06   0.0048700113338
15.07   0.0048481797846
15.08   0.0048264456687
15.09   0.0048048085557
15.1   0.0047832680169
15.11   0.0047618236253
15.12   0.0047404749562
15.13   0.0047192215861
15.14   0.004698063094
15.15   0.0046769990602
15.16   0.0046560290671
15.17   0.0046351526989
15.18   0.0046143695413
15.19   0.0045936791823
15.2   0.0045730812113
15.21   0.0045525752196
15.22   0.0045321608004
15.23   0.0045118375483
15.24   0.00449160506
15.25   0.0044714629339
15.26   0.0044514107701
15.27   0.0044314481704
15.28   0.0044115747383
15.29   0.0043917900791
15.3   0.0043720937998
15.31   0.0043524855091
15.32   0.0043329648175
15.33   0.0043135313369
15.34   0.0042941846813
15.35   0.0042749244659
15.36   0.0042557503081
15.37   0.0042366618265
15.38   0.0042176586416
15.39   0.0041987403755
15.4   0.004179906652
15.41   0.0041611570964
15.42   0.0041424913359
15.43   0.0041239089989
15.44   0.0041054097158
15.45   0.0040869931184
15.46   0.0040686588402
15.47   0.0040504065163
15.48   0.0040322357833
15.49   0.0040141462795
15.5   0.0039961376447
15.51   0.0039782095202
15.52   0.003960361549
15.53   0.0039425933756
15.54   0.0039249046462
15.55   0.0039072950081
15.56   0.0038897641107
15.57   0.0038723116046
15.58   0.0038549371419
15.59   0.0038376403764
15.6   0.0038204209633
15.61   0.0038032785594
15.62   0.0037862128227
15.63   0.0037692234131
15.64   0.0037523099918
15.65   0.0037354722215
15.66   0.0037187097662
15.67   0.0037020222917
15.68   0.0036854094649
15.69   0.0036688709545
15.7   0.0036524064305
15.71   0.0036360155642
15.72   0.0036196980285
15.73   0.0036034534978
15.74   0.0035872816477
15.75   0.0035711821554
15.76   0.0035551546994
15.77   0.0035391989598
15.78   0.0035233146178
15.79   0.0035075013562
15.8   0.0034917588592
15.81   0.0034760868123
15.82   0.0034604849023
15.83   0.0034449528176
15.84   0.0034294902478
15.85   0.0034140968839
15.86   0.0033987724183
15.87   0.0033835165445
15.88   0.0033683289578
15.89   0.0033532093544
15.9   0.0033381574321
15.91   0.0033231728899
15.92   0.0033082554281
15.93   0.0032934047485
15.94   0.0032786205539
15.95   0.0032639025487
15.96   0.0032492504385
15.97   0.0032346639301
15.98   0.0032201427316
15.99   0.0032056865526
16   0.0031912951036
16.01   0.0031769680967
16.02   0.0031627052452
16.03   0.0031485062635
16.04   0.0031343708673
16.05   0.0031202987737
16.06   0.003106289701
16.07   0.0030923433685
16.08   0.0030784594971
16.09   0.0030646378086
16.1   0.0030508780263
16.11   0.0030371798745
16.12   0.0030235430787
16.13   0.0030099673659
16.14   0.0029964524639
16.15   0.0029829981021
16.16   0.0029696040107
16.17   0.0029562699213
16.18   0.0029429955668
16.19   0.002929780681
16.2   0.0029166249989
16.21   0.002903528257
16.22   0.0028904901926
16.23   0.0028775105442
16.24   0.0028645890517
16.25   0.0028517254558
16.26   0.0028389194986
16.27   0.0028261709233
16.28   0.0028134794741
16.29   0.0028008448965
16.3   0.0027882669369
16.31   0.002775745343
16.32   0.0027632798636
16.33   0.0027508702485
16.34   0.0027385162488
16.35   0.0027262176163
16.36   0.0027139741044
16.37   0.0027017854673
16.38   0.0026896514602
16.39   0.0026775718397
16.4   0.0026655463631
16.41   0.002653574789
16.42   0.002641656877
16.43   0.0026297923879
16.44   0.0026179810833
16.45   0.002606222726
16.46   0.0025945170798
16.47   0.0025828639096
16.48   0.0025712629814
16.49   0.002559714062
16.5   0.0025482169194
16.51   0.0025367713226
16.52   0.0025253770417
16.53   0.0025140338475
16.54   0.0025027415123
16.55   0.002491499809
16.56   0.0024803085116
16.57   0.0024691673953
16.58   0.002458076236
16.59   0.0024470348108
16.6   0.0024360428977
16.61   0.0024251002756
16.62   0.0024142067247
16.63   0.0024033620256
16.64   0.0023925659605
16.65   0.0023818183122
16.66   0.0023711188644
16.67   0.0023604674021
16.68   0.0023498637108
16.69   0.0023393075774
16.7   0.0023287987894
16.71   0.0023183371355
16.72   0.002307922405
16.73   0.0022975543885
16.74   0.0022872328773
16.75   0.0022769576637
16.76   0.0022667285409
16.77   0.002256545303
16.78   0.0022464077451
16.79   0.002236315663
16.8   0.0022262688537
16.81   0.0022162671148
16.82   0.002206310245
16.83   0.0021963980439
16.84   0.0021865303117
16.85   0.0021767068499
16.86   0.0021669274606
16.87   0.0021571919469
16.88   0.0021475001126
16.89   0.0021378517626
16.9   0.0021282467026
16.91   0.002118684739
16.92   0.0021091656792
16.93   0.0020996893314
16.94   0.0020902555048
16.95   0.0020808640093
16.96   0.0020715146556
16.97   0.0020622072553
16.98   0.0020529416209
16.99   0.0020437175656
17   0.0020345349035
17.01   0.0020253934497
17.02   0.0020162930197
17.03   0.0020072334302
17.04   0.0019982144986
17.05   0.0019892360429
17.06   0.0019802978823
17.07   0.0019713998366
17.08   0.0019625417262
17.09   0.0019537233726
17.1   0.001944944598
17.11   0.0019362052253
17.12   0.0019275050784
17.13   0.0019188439817
17.14   0.0019102217605
17.15   0.0019016382411
17.16   0.0018930932501
17.17   0.0018845866152
17.18   0.001876118165
17.19   0.0018676877284
17.2   0.0018592951354
17.21   0.0018509402167
17.22   0.0018426228038
17.23   0.0018343427287
17.24   0.0018260998245
17.25   0.0018178939247
17.26   0.0018097248638
17.27   0.0018015924769
17.28   0.0017934965999
17.29   0.0017854370694
17.3   0.0017774137226
17.31   0.0017694263977
17.32   0.0017614749334
17.33   0.0017535591692
17.34   0.0017456789452
17.35   0.0017378341025
17.36   0.0017300244825
17.37   0.0017222499277
17.38   0.0017145102809
17.39   0.0017068053861
17.4   0.0016991350875
17.41   0.0016914992302
17.42   0.0016838976601
17.43   0.0016763302237
17.44   0.001668796768
17.45   0.0016612971409
17.46   0.001653831191
17.47   0.0016463987674
17.48   0.00163899972
17.49   0.0016316338994
17.5   0.0016243011566
17.51   0.0016170013436
17.52   0.0016097343129
17.53   0.0016024999176
17.54   0.0015952980116
17.55   0.0015881284494
17.56   0.001580991086
17.57   0.0015738857773
17.58   0.0015668123796
17.59   0.00155977075
17.6   0.0015527607462
17.61   0.0015457822265
17.62   0.0015388350499
17.63   0.0015319190759
17.64   0.0015250341647
17.65   0.0015181801772
17.66   0.0015113569747
17.67   0.0015045644194
17.68   0.001497802374
17.69   0.0014910707017
17.7   0.0014843692663
17.71   0.0014776979326
17.72   0.0014710565654
17.73   0.0014644450306
17.74   0.0014578631944
17.75   0.0014513109238
17.76   0.0014447880862
17.77   0.0014382945497
17.78   0.001431830183
17.79   0.0014253948554
17.8   0.0014189884366
17.81   0.0014126107972
17.82   0.0014062618081
17.83   0.0013999413409
17.84   0.0013936492677
17.85   0.0013873854613
17.86   0.0013811497949
17.87   0.0013749421423
17.88   0.0013687623781
17.89   0.0013626103771
17.9   0.0013564860149
17.91   0.0013503891676
17.92   0.0013443197118
17.93   0.0013382775247
17.94   0.001332262484
17.95   0.001326274468
17.96   0.0013203133555
17.97   0.001314379026
17.98   0.0013084713592
17.99   0.0013025902357
18   0.0012967355364
18.01   0.0012909071428
18.02   0.0012851049369
18.03   0.0012793288013
18.04   0.001273578619
18.05   0.0012678542738
18.06   0.0012621556496
18.07   0.0012564826312
18.08   0.0012508351037
18.09   0.0012452129527
18.1   0.0012396160644
18.11   0.0012340443256
18.12   0.0012284976233
18.13   0.0012229758454
18.14   0.0012174788799
18.15   0.0012120066157
18.16   0.0012065589418
18.17   0.001201135748
18.18   0.0011957369245
18.19   0.0011903623618
18.2   0.0011850119513
18.21   0.0011796855845
18.22   0.0011743831535
18.23   0.001169104551
18.24   0.00116384967
18.25   0.0011586184041
18.26   0.0011534106474
18.27   0.0011482262944
18.28   0.00114306524
18.29   0.0011379273798
18.3   0.0011328126096
18.31   0.0011277208258
18.32   0.0011226519253
18.33   0.0011176058054
18.34   0.0011125823638
18.35   0.0011075814989
18.36   0.0011026031092
18.37   0.0010976470939
18.38   0.0010927133527
18.39   0.0010878017854
18.4   0.0010829122927
18.41   0.0010780447754
18.42   0.0010731991349
18.43   0.0010683752731
18.44   0.0010635730921
18.45   0.0010587924946
18.46   0.0010540333839
18.47   0.0010492956634
18.48   0.0010445792371
18.49   0.0010398840094
18.5   0.0010352098852
18.51   0.0010305567698
18.52   0.0010259245687
18.53   0.0010213131883
18.54   0.0010167225349
18.55   0.0010121525156
18.56   0.0010076030376
18.57   0.0010030740089
18.58   0.0009985653375
18.59   0.00099407693211
18.6   0.00098960870172
18.61   0.00098516055575
18.62   0.00098073240403
18.63   0.00097632415678
18.64   0.00097193572464
18.65   0.00096756701864
18.66   0.00096321795021
18.67   0.00095888843117
18.68   0.00095457837374
18.69   0.00095028769054
18.7   0.00094601629457
18.71   0.00094176409922
18.72   0.00093753101828
18.73   0.00093331696591
18.74   0.00092912185666
18.75   0.00092494560546
