0   -5.2378101856e-12
0.01   0.028904750887
0.02   0.057787743207
0.03   0.086627241363
0.04   0.11540155578
0.05   0.14408906597
0.06   0.17266824359
0.07   0.20111767558
0.08   0.22941608742
0.09   0.25754236635
0.1   0.28547558474
0.11   0.31319502352
0.12   0.34068019563
0.13   0.3679108696
0.14   0.39486709309
0.15   0.42152921651
0.16   0.44787791663
0.17   0.4738942201
0.18   0.499559527
0.19   0.52485563416
0.2   0.54976475844
0.21   0.5742695597
0.22   0.59835316358
0.23   0.62199918393
0.24   0.64519174487
0.25   0.66791550234
0.26   0.69015566523
0.27   0.71189801581
0.28   0.73312892956
0.29   0.75383539424
0.3   0.77400502814
0.31   0.79362609743
0.32   0.81268753254
0.33   0.83117894355
0.34   0.84909063438
0.35   0.86641361588
0.36   0.88313961766
0.37   0.89926109859
0.38   0.91477125599
0.39   0.92966403336
0.4   0.94393412674
0.41   0.95757698948
0.42   0.97058883558
0.43   0.98296664145
0.44   0.9947081461
0.45   1.0058118498
0.46   1.016277011
0.47   1.0261036422
0.48   1.0352925033
0.49   1.0438450944
0.5   1.0517636469
0.51   1.059051112
0.52   1.0657111497
0.53   1.0717481147
0.54   1.0771670418
0.55   1.08197363
0.56   1.0861742247
0.57   1.0897758
0.58   1.0927859385
0.59   1.0952128107
0.6   1.0970651543
0.61   1.0983522507
0.62   1.0990839026
0.63   1.09927041
0.64   1.0989225453
0.65   1.0980515288
0.66   1.0966690027
0.67   1.0947870054
0.68   1.0924179452
0.69   1.089574574
0.7   1.0862699602
0.71   1.0825174625
0.72   1.0783307026
0.73   1.0737235388
0.74   1.068710039
0.75   1.0633044545
0.76   1.0575211931
0.77   1.0513747937
0.78   1.0448798995
0.79   1.0380512335
0.8   1.0309035723
0.81   1.0234517221
0.82   1.0157104937
0.83   1.007694679
0.84   0.99941902699
0.85   0.99089822135
0.86   0.98214685742
0.87   0.97317942043
0.88   0.96401026395
0.89   0.95465358898
0.9   0.94512342357
0.91   0.93543360298
0.92   0.92559775045
0.93   0.91562925854
0.94   0.90554127105
0.95   0.89534666555
0.96   0.88505803653
0.97   0.87468767915
0.98   0.86424757364
0.99   0.85374937031
1   0.84320437529
1.01   0.83262353681
1.02   0.82201743229
1.03   0.81139625601
1.04   0.80076980758
1.05   0.79014748103
1.06   0.77953825475
1.07   0.76895068205
1.08   0.75839288259
1.09   0.74787253454
1.1   0.7373968675
1.11   0.72697265632
1.12   0.71660621562
1.13   0.70630339522
1.14   0.6960695764
1.15   0.68590966896
1.16   0.6758281092
1.17   0.66582885852
1.18   0.655915404
1.19   0.64609075729
1.2   0.63635745771
1.21   0.62671757604
1.22   0.61717277314
1.23   0.60772440476
1.24   0.59837370766
1.25   0.58912179767
1.26   0.57996965091
1.27   0.57091812269
1.28   0.56196795156
1.29   0.55311976521
1.3   0.54437408609
1.31   0.53573133679
1.32   0.52719184519
1.33   0.51875584941
1.34   0.51042350255
1.35   0.50219487722
1.36   0.49406996987
1.37   0.48604870496
1.38   0.47813093893
1.39   0.470316464
1.4   0.46260501187
1.41   0.45499625714
1.42   0.44748982073
1.43   0.44008527301
1.44   0.43278213694
1.45   0.42557989092
1.46   0.41847797166
1.47   0.41147577683
1.48   0.40457266764
1.49   0.39776797128
1.5   0.39106098328
1.51   0.38445096974
1.52   0.37793716946
1.53   0.37151879602
1.54   0.3651950397
1.55   0.35896506936
1.56   0.35282803419
1.57   0.34678306545
1.58   0.34082927804
1.59   0.33496577208
1.6   0.32919163433
1.61   0.32350593963
1.62   0.31790775219
1.63   0.31239612689
1.64   0.30697011045
1.65   0.30162874256
1.66   0.29637105701
1.67   0.29119608265
1.68   0.28610284442
1.69   0.28109036424
1.7   0.27615766189
1.71   0.27130375582
1.72   0.26652766396
1.73   0.26182840442
1.74   0.25720499621
1.75   0.25265645989
1.76   0.24818181818
1.77   0.24378009654
1.78   0.23945032372
1.79   0.23519153227
1.8   0.23100275903
1.81   0.22688304558
1.82   0.22283143862
1.83   0.21884699045
1.84   0.21492875924
1.85   0.21107580947
1.86   0.20728721217
1.87   0.20356204526
1.88   0.19989939382
1.89   0.19629835035
1.9   0.19275801499
1.91   0.18927749575
1.92   0.18585590871
1.93   0.18249237823
1.94   0.17918603706
1.95   0.17593602655
1.96   0.17274149676
1.97   0.16960160663
1.98   0.16651552401
1.99   0.16348242585
2   0.16050149826
2.01   0.15757193655
2.02   0.15469294538
2.03   0.15186373873
2.04   0.14908354001
2.05   0.1463515821
2.06   0.14366710733
2.07   0.14102936757
2.08   0.13843762418
2.09   0.13589114808
2.1   0.13338921967
2.11   0.13093112891
2.12   0.12851617523
2.13   0.12614366755
2.14   0.12381292421
2.15   0.12152327299
2.16   0.11927405098
2.17   0.11706460462
2.18   0.11489428957
2.19   0.11276247068
2.2   0.11066852192
2.21   0.10861182627
2.22   0.10659177567
2.23   0.10460777094
2.24   0.10265922162
2.25   0.10074554596
2.26   0.098866170736
2.27   0.097020531193
2.28   0.095208070908
2.29   0.093428241674
2.3   0.091680503385
2.31   0.08996432391
2.32   0.088279178965
2.33   0.086624551989
2.34   0.084999934009
2.35   0.083404823515
2.36   0.08183872633
2.37   0.080301155476
2.38   0.078791631048
2.39   0.07730968009
2.4   0.075854836465
2.41   0.074426640737
2.42   0.073024640053
2.43   0.071648388025
2.44   0.070297444623
2.45   0.068971376074
2.46   0.067669754752
2.47   0.066392159092
2.48   0.065138173503
2.49   0.063907388275
2.5   0.062699399513
2.51   0.061513809062
2.52   0.06035022444
2.53   0.059208258781
2.54   0.058087530782
2.55   0.05698766465
2.56   0.055908290061
2.57   0.054849042118
2.58   0.053809561314
2.59   0.052789493497
2.6   0.051788489842
2.61   0.050806206818
2.62   0.04984230616
2.63   0.048896454842
2.64   0.047968325052
2.65   0.047057594159
2.66   0.046163944688
2.67   0.045287064291
2.68   0.044426645712
2.69   0.043582386756
2.7   0.042753990253
2.71   0.041941164022
2.72   0.041143620828
2.73   0.040361078338
2.74   0.039593259084
2.75   0.038839890405
2.76   0.038100704402
2.77   0.037375437886
2.78   0.036663832324
2.79   0.035965633776
2.8   0.035280592845
2.81   0.034608464612
2.82   0.033949008574
2.83   0.033301988583
2.84   0.032667172781
2.85   0.032044333537
2.86   0.031433247378
2.87   0.030833694924
2.88   0.030245460825
2.89   0.029668333691
2.9   0.029102106025
2.91   0.02854657416
2.92   0.028001538192
2.93   0.02746680191
2.94   0.026942172738
2.95   0.026427461664
2.96   0.025922483179
2.97   0.025427055216
2.98   0.024940999081
2.99   0.024464139397
3   0.023996304044
3.01   0.023537324092
3.02   0.023087033751
3.03   0.022645270307
3.04   0.022211874068
3.05   0.021786688303
3.06   0.021369559196
3.07   0.020960335784
3.08   0.020558869906
3.09   0.020165016153
3.1   0.019778631814
3.11   0.019399576828
3.12   0.019027713734
3.13   0.018662907622
3.14   0.018305026086
3.15   0.017953939177
3.16   0.01760951936
3.17   0.017271641466
3.18   0.016940182649
3.19   0.016615022344
3.2   0.016296042225
3.21   0.01598312616
3.22   0.015676160176
3.23   0.015375032414
3.24   0.015079633095
3.25   0.014789854477
3.26   0.014505590818
3.27   0.014226738342
3.28   0.013953195203
3.29   0.013684861443
3.3   0.013421638966
3.31   0.013163431498
3.32   0.012910144555
3.33   0.012661685409
3.34   0.01241796306
3.35   0.012178888197
3.36   0.011944373175
3.37   0.011714331978
3.38   0.011488680192
3.39   0.011267334975
3.4   0.011050215028
3.41   0.010837240567
3.42   0.010628333296
3.43   0.010423416377
3.44   0.010222414405
3.45   0.010025253383
3.46   0.0098318606924
3.47   0.0096421650722
3.48   0.0094560965903
3.49   0.0092735866209
3.5   0.00909456782
3.51   0.0089189741021
3.52   0.0087467406167
3.53   0.0085778037258
3.54   0.0084121009814
3.55   0.0082495711038
3.56   0.00809015396
3.57   0.0079337905426
3.58   0.007780422949
3.59   0.0076299943609
3.6   0.0074824490247
3.61   0.0073377322316
3.62   0.0071957902982
3.63   0.0070565705479
3.64   0.0069200212921
3.65   0.0067860918119
3.66   0.0066547323404
3.67   0.006525894045
3.68   0.00639952901
3.69   0.0062755902199
3.7   0.0061540315424
3.71   0.0060348077125
3.72   0.0059178743159
3.73   0.0058031877739
3.74   0.0056907053273
3.75   0.0055803850214
3.76   0.0054721856915
3.77   0.0053660669474
3.78   0.00526198916
3.79   0.0051599134463
3.8   0.0050598016562
3.81   0.0049616163584
3.82   0.0048653208275
3.83   0.0047708790305
3.84   0.004678255614
3.85   0.0045874158917
3.86   0.0044983258319
3.87   0.0044109520451
3.88   0.0043252617727
3.89   0.0042412228743
3.9   0.0041588038169
3.91   0.0040779736634
3.92   0.0039987020613
3.93   0.0039209592319
3.94   0.0038447159598
3.95   0.0037699435819
3.96   0.0036966139776
3.97   0.0036246995584
3.98   0.003554173258
3.99   0.0034850085223
4   0.0034171793004
4.01   0.0033506600346
4.02   0.0032854256515
4.03   0.0032214515527
4.04   0.0031587136063
4.05   0.0030971881376
4.06   0.0030368519211
4.07   0.0029776821717
4.08   0.0029196565364
4.09   0.0028627530867
4.1   0.0028069503099
4.11   0.0027522271019
4.12   0.0026985627594
4.13   0.0026459369721
4.14   0.0025943298156
4.15   0.002543721744
4.16   0.0024940935829
4.17   0.0024454265223
4.18   0.0023977021098
4.19   0.002350902244
4.2   0.0023050091676
4.21   0.0022600054613
4.22   0.0022158740371
4.23   0.0021725981322
4.24   0.0021301613029
4.25   0.0020885474185
4.26   0.0020477406557
4.27   0.0020077254924
4.28   0.001968486702
4.29   0.0019300093485
4.3   0.00189227878
4.31   0.0018552806244
4.32   0.0018190007833
4.33   0.0017834254271
4.34   0.0017485409901
4.35   0.0017143341655
4.36   0.0016807919
4.37   0.0016479013898
4.38   0.0016156500753
4.39   0.0015840256366
4.4   0.0015530159893
4.41   0.0015226092796
4.42   0.0014927938801
4.43   0.0014635583857
4.44   0.0014348916091
4.45   0.0014067825768
4.46   0.0013792205254
4.47   0.0013521948969
4.48   0.0013256953354
4.49   0.001299711683
4.5   0.0012742339762
4.51   0.0012492524422
4.52   0.0012247574951
4.53   0.0012007397327
4.54   0.0011771899324
4.55   0.0011540990488
4.56   0.0011314582092
4.57   0.0011092587112
4.58   0.001087492019
4.59   0.0010661497605
4.6   0.0010452237239
4.61   0.0010247058551
4.62   0.0010045882541
4.63   0.00098486317263
4.64   0.00096552301104
4.65   0.00094656031542
4.66   0.00092796777492
4.67   0.00090973821904
4.68   0.00089186461491
4.69   0.00087434006469
4.7   0.00085715780304
4.71   0.00084031119451
4.72   0.00082379373118
4.73   0.00080759903019
4.74   0.00079172083134
4.75   0.00077615299475
4.76   0.00076088949861
4.77   0.00074592443689
4.78   0.00073125201719
4.79   0.00071686655854
4.8   0.00070276248926
4.81   0.00068893434492
4.82   0.00067537676625
4.83   0.00066208449717
4.84   0.00064905238283
4.85   0.00063627536765
4.86   0.00062374849346
4.87   0.00061146689759
4.88   0.00059942581109
4.89   0.00058762055695
4.9   0.00057604654832
4.91   0.0005646992868
4.92   0.00055357436074
4.93   0.00054266744359
4.94   0.00053197429228
4.95   0.00052149074563
4.96   0.00051121272277
4.97   0.00050113622162
4.98   0.00049125731737
4.99   0.00048157216099
5   0.00047207697782
5.01   0.00046276806613
5.02   0.00045364179572
5.03   0.00044469460655
5.04   0.00043592300741
5.05   0.00042732357456
5.06   0.0004188929505
5.07   0.00041062784268
5.08   0.00040252502223
5.09   0.00039458132277
5.1   0.0003867936392
5.11   0.00037915892652
5.12   0.00037167419867
5.13   0.00036433652745
5.14   0.00035714304137
5.15   0.00035009092455
5.16   0.00034317741567
5.17   0.00033639980694
5.18   0.00032975544303
5.19   0.00032324172011
5.2   0.00031685608484
5.21   0.0003105960334
5.22   0.00030445911054
5.23   0.00029844290863
5.24   0.00029254506677
5.25   0.00028676326988
5.26   0.00028109524783
5.27   0.00027553877457
5.28   0.00027009166727
5.29   0.0002647517855
5.3   0.0002595170304
5.31   0.0002543853439
5.32   0.00024935470794
5.33   0.00024442314367
5.34   0.00023958871073
5.35   0.00023484950647
5.36   0.00023020366525
5.37   0.00022564935771
5.38   0.00022118479008
5.39   0.00021680820353
5.4   0.00021251787343
5.41   0.00020831210872
5.42   0.00020418925126
5.43   0.00020014767522
5.44   0.0001961857864
5.45   0.0001923020217
5.46   0.00018849484843
5.47   0.0001847627638
5.48   0.0001811042943
5.49   0.00017751799511
5.5   0.00017400244961
5.51   0.00017055626881
5.52   0.00016717809078
5.53   0.0001638665802
5.54   0.00016062042776
5.55   0.00015743834971
5.56   0.00015431908736
5.57   0.00015126140657
5.58   0.00014826409732
5.59   0.00014532597322
5.6   0.00014244587101
5.61   0.0001396226502
5.62   0.00013685519253
5.63   0.00013414240162
5.64   0.00013148320251
5.65   0.00012887654125
5.66   0.00012632138449
5.67   0.00012381671909
5.68   0.0001213615517
5.69   0.00011895490843
5.7   0.0001165958344
5.71   0.00011428339345
5.72   0.0001120166677
5.73   0.00010979475727
5.74   0.00010761677987
5.75   0.00010548187048
5.76   0.00010338918102
5.77   0.00010133788001
5.78   9.9327152263e-05
5.79   9.7356198564e-05
5.8   9.5424235344e-05
5.81   9.353049439e-05
5.82   9.1674222541e-05
5.83   8.9854681394e-05
5.84   8.8071147015e-05
5.85   8.6322909681e-05
5.86   8.4609273572e-05
5.87   8.2929556517e-05
5.88   8.1283089719e-05
5.89   7.9669217503e-05
5.9   7.8087297053e-05
5.91   7.6536698161e-05
5.92   7.5016803002e-05
5.93   7.3527005868e-05
5.94   7.2066712942e-05
5.95   7.063534206e-05
5.96   6.9232322492e-05
5.97   6.7857094711e-05
5.98   6.6509110174e-05
5.99   6.5187831129e-05
6   6.3892730378e-05
6.01   6.2623291084e-05
6.02   6.1379006562e-05
6.03   6.0159380085e-05
6.04   5.896392469e-05
6.05   5.7792162976e-05
6.06   5.6643626945e-05
6.07   5.5517857795e-05
6.08   5.4414405744e-05
6.09   5.3332829857e-05
6.1   5.2272697869e-05
6.11   5.1233586021e-05
6.12   5.0215078884e-05
6.13   4.9216769211e-05
6.14   4.8238257771e-05
6.15   4.7279153189e-05
6.16   4.6339071791e-05
6.17   4.5417637455e-05
6.18   4.4514481467e-05
6.19   4.3629242367e-05
6.2   4.2761565815e-05
6.21   4.1911104458e-05
6.22   4.107751778e-05
6.23   4.0260471973e-05
6.24   3.9459639804e-05
6.25   3.8674700487e-05
6.26   3.790533956e-05
6.27   3.7151248749e-05
6.28   3.6412125869e-05
6.29   3.5687674691e-05
6.3   3.497760482e-05
6.31   3.428163159e-05
6.32   3.3599475945e-05
6.33   3.2930864335e-05
6.34   3.2275528599e-05
6.35   3.163320587e-05
6.36   3.1003638471e-05
6.37   3.0386573805e-05
6.38   2.9781764258e-05
6.39   2.9188967104e-05
6.4   2.8607944404e-05
6.41   2.8038462916e-05
6.42   2.7480293998e-05
6.43   2.6933213529e-05
6.44   2.6397001813e-05
6.45   2.5871443487e-05
6.46   2.5356327443e-05
6.47   2.4851446742e-05
6.48   2.4356598529e-05
6.49   2.3871583958e-05
6.5   2.3396208105e-05
6.51   2.2930279908e-05
6.52   2.2473612075e-05
6.53   2.2026021015e-05
6.54   2.1587326763e-05
6.55   2.1157352913e-05
6.56   2.0735926542e-05
6.57   2.0322878146e-05
6.58   1.9918041569e-05
6.59   1.952125395e-05
6.6   1.913235564e-05
6.61   1.8751190149e-05
6.62   1.8377604082e-05
6.63   1.8011447074e-05
6.64   1.7652571738e-05
6.65   1.7300833597e-05
6.66   1.6956091035e-05
6.67   1.661820524e-05
6.68   1.6287040145e-05
6.69   1.5962462376e-05
6.7   1.5644341195e-05
6.71   1.5332548453e-05
6.72   1.5026958538e-05
6.73   1.4727448319e-05
6.74   1.4433897105e-05
6.75   1.4146186601e-05
6.76   1.3864200846e-05
6.77   1.3587826179e-05
6.78   1.3316951187e-05
6.79   1.3051466663e-05
6.8   1.2791265564e-05
6.81   1.2536242963e-05
6.82   1.2286296014e-05
6.83   1.2041323911e-05
6.84   1.1801227842e-05
6.85   1.1565910954e-05
6.86   1.133527831e-05
6.87   1.1109236857e-05
6.88   1.0887695383e-05
6.89   1.0670564483e-05
6.9   1.0457756523e-05
6.91   1.0249185611e-05
6.92   1.0044767556e-05
6.93   9.8444198333e-06
6.94   9.6480615549e-06
6.95   9.4556134363e-06
6.96   9.2669977646e-06
6.97   9.0821383675e-06
6.98   8.9009605789e-06
6.99   8.7233912215e-06
7   8.5493585657e-06
7.01   8.3787923039e-06
7.02   8.211623523e-06
7.03   8.0477846764e-06
7.04   7.8872095575e-06
7.05   7.7298332726e-06
7.06   7.5755922132e-06
7.07   7.4244240356e-06
7.08   7.2762676345e-06
7.09   7.131063115e-06
7.1   6.9887517709e-06
7.11   6.8492760606e-06
7.12   6.7125795844e-06
7.13   6.5786070619e-06
7.14   6.4473043093e-06
7.15   6.3186182157e-06
7.16   6.1924967309e-06
7.17   6.0688888349e-06
7.18   5.9477445201e-06
7.19   5.8290147717e-06
7.2   5.7126515482e-06
7.21   5.5986077617e-06
7.22   5.4868372591e-06
7.23   5.3772948021e-06
7.24   5.2699360528e-06
7.25   5.1647175554e-06
7.26   5.0615967154e-06
7.27   4.9605317845e-06
7.28   4.8614818433e-06
7.29   4.7644067851e-06
7.3   4.6692673002e-06
7.31   4.5760248593e-06
7.32   4.484641696e-06
7.33   4.3950807995e-06
7.34   4.3073058923e-06
7.35   4.2212814176e-06
7.36   4.1369725248e-06
7.37   4.0543450559e-06
7.38   3.9733655316e-06
7.39   3.8940011379e-06
7.4   3.8162197126e-06
7.41   3.7399897307e-06
7.42   3.6652802991e-06
7.43   3.5920611358e-06
7.44   3.5203025611e-06
7.45   3.449975485e-06
7.46   3.381051396e-06
7.47   3.3135023491e-06
7.48   3.2473009551e-06
7.49   3.1824203685e-06
7.5   3.118834277e-06
7.51   3.0565168951e-06
7.52   2.9954429478e-06
7.53   2.9355876629e-06
7.54   2.8769267609e-06
7.55   2.819436445e-06
7.56   2.7630933915e-06
7.57   2.7078747409e-06
7.58   2.6537580875e-06
7.59   2.6007214708e-06
7.6   2.5487433702e-06
7.61   2.4978026916e-06
7.62   2.4478787603e-06
7.63   2.3989513132e-06
7.64   2.3510004899e-06
7.65   2.3040068255e-06
7.66   2.2579512422e-06
7.67   2.2128150413e-06
7.68   2.1685798953e-06
7.69   2.1252278448e-06
7.7   2.0827412858e-06
7.71   2.0411029649e-06
7.72   2.0002959718e-06
7.73   1.960303733e-06
7.74   1.9211100047e-06
7.75   1.8826988662e-06
7.76   1.8450547141e-06
7.77   1.8081622535e-06
7.78   1.7720064975e-06
7.79   1.7365727563e-06
7.8   1.7018466323e-06
7.81   1.6678140145e-06
7.82   1.6344610728e-06
7.83   1.6017742525e-06
7.84   1.5697402687e-06
7.85   1.5383461011e-06
7.86   1.5075789873e-06
7.87   1.4774264211e-06
7.88   1.4478761453e-06
7.89   1.4189161462e-06
7.9   1.3905346494e-06
7.91   1.362720115e-06
7.92   1.3354612328e-06
7.93   1.3087469179e-06
7.94   1.2825663064e-06
7.95   1.2569087501e-06
7.96   1.2317638125e-06
7.97   1.2071212673e-06
7.98   1.1829710906e-06
7.99   1.1593034583e-06
8   1.1361087419e-06
8.01   1.1133775049e-06
8.02   1.0911004984e-06
8.03   1.0692686582e-06
8.04   1.0478731005e-06
8.05   1.0269051175e-06
8.06   1.0063561764e-06
8.07   9.8621791478e-07
8.08   9.6648213601e-07
8.09   9.4714080701e-07
8.1   9.2818605473e-07
8.11   9.0961016302e-07
8.12   8.9140556951e-07
8.13   8.7356486253e-07
8.14   8.5608077814e-07
8.15   8.3894619587e-07
8.16   8.2215413989e-07
8.17   8.0569777214e-07
8.18   7.8957039085e-07
8.19   7.7376542787e-07
8.2   7.5827644595e-07
8.21   7.4309713619e-07
8.22   7.2822131545e-07
8.23   7.1364292386e-07
8.24   6.9935602207e-07
8.25   6.8535478887e-07
8.26   6.7163352066e-07
8.27   6.5818662669e-07
8.28   6.4500862772e-07
8.29   6.3209415374e-07
8.3   6.1943794182e-07
8.31   6.0703483399e-07
8.32   5.9487977514e-07
8.33   5.8296781096e-07
8.34   5.7129408557e-07
8.35   5.5985384003e-07
8.36   5.4864241137e-07
8.37   5.3765522895e-07
8.38   5.2688781328e-07
8.39   5.1633577424e-07
8.4   5.0599480928e-07
8.41   4.9586070166e-07
8.42   4.8592931875e-07
8.43   4.7619661038e-07
8.44   4.6665860682e-07
8.45   4.5731141763e-07
8.46   4.4815123091e-07
8.47   4.3917431024e-07
8.48   4.3037699371e-07
8.49   4.217556925e-07
8.5   4.133068894e-07
8.51   4.0502713736e-07
8.52   3.9691305813e-07
8.53   3.8896134084e-07
8.54   3.8116874053e-07
8.55   3.7353207673e-07
8.56   3.6604823358e-07
8.57   3.5871415678e-07
8.58   3.51526853e-07
8.59   3.4448338863e-07
8.6   3.3758088861e-07
8.61   3.3081653528e-07
8.62   3.2418756721e-07
8.63   3.1769127807e-07
8.64   3.1132501559e-07
8.65   3.0508617967e-07
8.66   2.9897222364e-07
8.67   2.9298065095e-07
8.68   2.871090149e-07
8.69   2.8135491764e-07
8.7   2.7571600916e-07
8.71   2.701899864e-07
8.72   2.6477459226e-07
8.73   2.5946761471e-07
8.74   2.5426688589e-07
8.75   2.4917028082e-07
8.76   2.4417571752e-07
8.77   2.3928115572e-07
8.78   2.3448459565e-07
8.79   2.2978407745e-07
8.8   2.2517768044e-07
8.81   2.2066352225e-07
8.82   2.1623975812e-07
8.83   2.1190458016e-07
8.84   2.0765621653e-07
8.85   2.0349293076e-07
8.86   1.9941302067e-07
8.87   1.9541481906e-07
8.88   1.9149669154e-07
8.89   1.8765703636e-07
8.9   1.8389428378e-07
8.91   1.802068954e-07
8.92   1.7659336356e-07
8.93   1.7305221071e-07
8.94   1.6958198884e-07
8.95   1.6618127883e-07
8.96   1.6284868968e-07
8.97   1.5958285846e-07
8.98   1.5638244973e-07
8.99   1.5324615447e-07
9   1.5017268985e-07
9.01   1.4716079865e-07
9.02   1.4420924877e-07
9.03   1.4131683274e-07
9.04   1.3848236722e-07
9.05   1.357046925e-07
9.06   1.3298267205e-07
9.07   1.3031519173e-07
9.08   1.2770116024e-07
9.09   1.2513950798e-07
9.1   1.2262918663e-07
9.11   1.2016916882e-07
9.12   1.177584477e-07
9.13   1.1539603657e-07
9.14   1.1308096843e-07
9.15   1.1081229562e-07
9.16   1.0858908942e-07
9.17   1.0641043968e-07
9.18   1.0427545408e-07
9.19   1.0218325881e-07
9.2   1.0013299731e-07
9.21   9.8123830053e-08
9.22   9.6154934337e-08
9.23   9.4225503889e-08
9.24   9.233474856e-08
9.25   9.0481893997e-08
9.26   8.8666181331e-08
9.27   8.6886866866e-08
9.28   8.5143221776e-08
9.29   8.3434531506e-08
9.3   8.1760096368e-08
9.31   8.0119230454e-08
9.32   7.8511261532e-08
9.33   7.6935530816e-08
9.34   7.5391392693e-08
9.35   7.3878214463e-08
9.36   7.2395376077e-08
9.37   7.0942269888e-08
9.38   6.9518300403e-08
9.39   6.8122884037e-08
9.4   6.6755448658e-08
9.41   6.5415433953e-08
9.42   6.4102290759e-08
9.43   6.2815480821e-08
9.44   6.1554476655e-08
9.45   6.0318761325e-08
9.46   5.910782824e-08
9.47   5.7921180939e-08
9.48   5.6758332895e-08
9.49   5.5618807315e-08
9.5   5.4502136943e-08
9.51   5.3407863749e-08
9.52   5.2335538984e-08
9.53   5.1284723032e-08
9.54   5.0254984944e-08
9.55   4.9245902394e-08
9.56   4.8257061506e-08
9.57   4.7288056684e-08
9.58   4.6338490452e-08
9.59   4.5407973284e-08
9.6   4.449612345e-08
9.61   4.360256686e-08
9.62   4.2726936893e-08
9.63   4.1868874093e-08
9.64   4.1028026601e-08
9.65   4.0204049403e-08
9.66   3.9396604389e-08
9.67   3.8605360216e-08
9.68   3.7829992173e-08
9.69   3.7070182049e-08
9.7   3.6325618001e-08
9.71   3.559599443e-08
9.72   3.4881011853e-08
9.73   3.4180376782e-08
9.74   3.3493801503e-08
9.75   3.2821004177e-08
9.76   3.2161708694e-08
9.77   3.1515644385e-08
9.78   3.0882545999e-08
9.79   3.0262153595e-08
9.8   2.9654212438e-08
9.81   2.9058472892e-08
9.82   2.847469032e-08
9.83   2.7902624981e-08
9.84   2.7342041937e-08
9.85   2.6792710953e-08
9.86   2.6254406265e-08
9.87   2.5726906887e-08
9.88   2.5209996179e-08
9.89   2.4703461811e-08
9.9   2.4207095706e-08
9.91   2.3720693955e-08
9.92   2.3244056732e-08
9.93   2.2776988213e-08
9.94   2.2319296496e-08
9.95   2.1870793522e-08
9.96   2.1431294999e-08
9.97   2.1000620324e-08
9.98   2.0578592378e-08
9.99   2.0165037869e-08
10   1.9759786842e-08
10.01   1.9362672745e-08
10.02   1.8973532366e-08
10.03   1.8592205759e-08
10.04   1.8218536185e-08
10.05   1.7852370041e-08
10.06   1.7493556805e-08
10.07   1.7141948969e-08
10.08   1.6797401981e-08
10.09   1.6459774176e-08
10.1   1.6128926629e-08
10.11   1.5804723425e-08
10.12   1.5487031259e-08
10.13   1.5175719499e-08
10.14   1.487066013e-08
10.15   1.4571727702e-08
10.16   1.4278799278e-08
10.17   1.3991754386e-08
10.18   1.3710474968e-08
10.19   1.3434845331e-08
10.2   1.31647521e-08
10.21   1.2900084173e-08
10.22   1.2640732576e-08
10.23   1.2386590715e-08
10.24   1.2137554046e-08
10.25   1.1893520114e-08
10.26   1.165438852e-08
10.27   1.1420060876e-08
10.28   1.1190440768e-08
10.29   1.0965433712e-08
10.3   1.0744947118e-08
10.31   1.0528890255e-08
10.32   1.0317174207e-08
10.33   1.0109711842e-08
10.34   9.9064177131e-09
10.35   9.7072081854e-09
10.36   9.512001294e-09
10.37   9.3207166916e-09
10.38   9.133275642e-09
10.39   8.9496009876e-09
10.4   8.7696171174e-09
10.41   8.5932499368e-09
10.42   8.4204268365e-09
10.43   8.251076663e-09
10.44   8.0851296896e-09
10.45   7.9225175875e-09
10.46   7.7631733759e-09
10.47   7.6070314099e-09
10.48   7.4540274457e-09
10.49   7.304098477e-09
10.5   7.1571827607e-09
10.51   7.0132197924e-09
10.52   6.8721502808e-09
10.53   6.7339161237e-09
10.54   6.5984603841e-09
10.55   6.465727267e-09
10.56   6.3356620963e-09
10.57   6.2082112926e-09
10.58   6.083322351e-09
10.59   5.9609437725e-09
10.6   5.8410251711e-09
10.61   5.7235171578e-09
10.62   5.6083713187e-09
10.63   5.4955402112e-09
10.64   5.3849773444e-09
10.65   5.2766371601e-09
10.66   5.1704750137e-09
10.67   5.0664471565e-09
10.68   4.9645107172e-09
10.69   4.8646236847e-09
10.7   4.7667448907e-09
10.71   4.6708339899e-09
10.72   4.5768514021e-09
10.73   4.4847584402e-09
10.74   4.3945171444e-09
10.75   4.3060903167e-09
10.76   4.2194415055e-09
10.77   4.1345349906e-09
10.78   4.0513357685e-09
10.79   3.9698095381e-09
10.8   3.8899226865e-09
10.81   3.8116422754e-09
10.82   3.7349360272e-09
10.83   3.6597723124e-09
10.84   3.586120127e-09
10.85   3.5139490717e-09
10.86   3.4432294209e-09
10.87   3.3739320109e-09
10.88   3.3060282633e-09
10.89   3.2394901734e-09
10.9   3.1742902982e-09
10.91   3.1104017461e-09
10.92   3.0477981647e-09
10.93   2.9864537307e-09
10.94   2.9263431392e-09
10.95   2.867441593e-09
10.96   2.8097247928e-09
10.97   2.7531689198e-09
10.98   2.6977506179e-09
10.99   2.6434470537e-09
11   2.5902358229e-09
11.01   2.538094971e-09
11.02   2.4870029842e-09
11.03   2.4369387807e-09
11.04   2.387881702e-09
11.05   2.3398115042e-09
11.06   2.2927083498e-09
11.07   2.2465527995e-09
11.08   2.2013258046e-09
11.09   2.1570086984e-09
11.1   2.1135831883e-09
11.11   2.071031321e-09
11.12   2.0293355632e-09
11.13   1.9884787048e-09
11.14   1.9484438811e-09
11.15   1.909214566e-09
11.16   1.8707745654e-09
11.17   1.8331080104e-09
11.18   1.7961993506e-09
11.19   1.7600333481e-09
11.2   1.7245950707e-09
11.21   1.6898698863e-09
11.22   1.6558434566e-09
11.23   1.622501731e-09
11.24   1.5898309231e-09
11.25   1.5578175529e-09
11.26   1.5264484083e-09
11.27   1.4957105354e-09
11.28   1.4655912405e-09
11.29   1.4360780848e-09
11.3   1.4071588795e-09
11.31   1.3788216804e-09
11.32   1.3510547833e-09
11.33   1.3238467192e-09
11.34   1.2971862492e-09
11.35   1.2710623605e-09
11.36   1.2454642612e-09
11.37   1.2203813713e-09
11.38   1.1958033173e-09
11.39   1.1717199619e-09
11.4   1.1481213558e-09
11.41   1.1249977496e-09
11.42   1.1023395897e-09
11.43   1.0801375144e-09
11.44   1.0583823502e-09
11.45   1.0370651078e-09
11.46   1.0161769785e-09
11.47   9.9570933071e-10
11.48   9.756537061e-10
11.49   9.5600181635e-10
11.5   9.3674553969e-10
11.51   9.1787690651e-10
11.52   8.9938812198e-10
11.53   8.8127155256e-10
11.54   8.6351971071e-10
11.55   8.4612525935e-10
11.56   8.2908100885e-10
11.57   8.1237991408e-10
11.58   7.9601507144e-10
11.59   7.7997971608e-10
11.6   7.6426721908e-10
11.61   7.4887108472e-10
11.62   7.3378494781e-10
11.63   7.1900257107e-10
11.64   7.0451784258e-10
11.65   6.9040001842e-10
11.66   6.7658566437e-10
11.67   6.630446806e-10
11.68   6.4976764035e-10
11.69   6.3674553203e-10
11.7   6.2396986864e-10
11.71   6.1143279079e-10
11.72   5.9912716141e-10
11.73   5.8704665032e-10
11.74   5.7518580677e-10
11.75   5.6354011807e-10
11.76   5.5210605249e-10
11.77   5.4088108447e-10
11.78   5.2986370034e-10
11.79   5.184670178e-10
11.8   5.0716652201e-10
11.81   4.9612461083e-10
11.82   4.853712337e-10
11.83   4.749348373e-10
11.84   4.6484141454e-10
11.85   4.5511356634e-10
11.86   4.4576958762e-10
11.87   4.3682258859e-10
11.88   4.2827966251e-10
11.89   4.2014111131e-10
11.9   4.1239974006e-10
11.91   4.0504023159e-10
11.92   3.9803861258e-10
11.93   3.9293478261e-10
11.94   3.8880697852e-10
11.95   3.8476540004e-10
11.96   3.806598447e-10
11.97   3.7633691222e-10
11.98   3.7164273606e-10
11.99   3.6642575377e-10
12   3.6053948782e-10
12.01   3.5384530918e-10
12.02   3.4621515532e-10
12.03   3.3753417466e-10
12.04   3.277032695e-10
12.05   3.1664150924e-10
12.06   3.0428838595e-10
12.07   2.890608239e-10
12.08   2.6991707004e-10
12.09   2.496456686e-10
12.1   2.2844408205e-10
12.11   2.0652857946e-10
12.12   1.8413064525e-10
12.13   1.6149323261e-10
12.14   1.3886689912e-10
12.15   1.1650586197e-10
12.16   9.4664010652e-11
12.17   7.359091447e-11
12.18   5.3527862509e-11
12.19   3.4703973716e-11
12.2   1.7332414569e-11
12.21   1.6067619807e-12
12.22   -8.3017577237e-12
12.23   -1.5890940477e-11
12.24   -2.170609195e-11
12.25   -2.5826264108e-11
12.26   -2.8352636082e-11
12.27   -2.9406140845e-11
12.28   -2.9124917474e-11
12.29   -2.7661617423e-11
12.3   -2.5180593214e-11
12.31   -2.1854997971e-11
12.32   -1.7863824197e-11
12.33   -1.3388910235e-11
12.34   -8.6119428069e-12
12.35   -3.7114840526e-12
12.36   4.441142424e-13
12.37   2.1804111647e-12
12.38   3.6732975656e-12
12.39   4.8914243193e-12
12.4   5.8143648718e-12
12.41   6.4320732188e-12
12.42   6.7442337003e-12
12.43   6.7595141209e-12
12.44   6.494733708e-12
12.45   5.9739574176e-12
12.46   5.2275280985e-12
12.47   4.2910480271e-12
12.48   3.2043213214e-12
12.49   2.0102687464e-12
12.5   7.5382642152e-13
12.51   -8.6019428954e-14
12.52   -2.8275969028e-13
12.53   -4.5538407738e-13
12.54   -5.9925549852e-13
12.55   -7.109326965e-13
12.56   -7.881737939e-13
12.57   -8.2991646572e-13
12.58   -8.3623669384e-13
12.59   -8.0828805781e-13
12.6   -7.4822351623e-13
12.61   -6.5910163343e-13
12.62   -5.4477920563e-13
12.63   -4.0979224118e-13
12.64   -2.592272493e-13
12.65   -9.8584791633e-14
12.66   0
12.67   0
12.68   0
12.69   0
12.7   0
12.71   0
12.72   0
12.73   0
12.74   0
12.75   0
12.76   0
12.77   0
12.78   0
12.79   0
12.8   0
12.81   0
12.82   0
12.83   0
12.84   0
12.85   0
12.86   0
12.87   0
12.88   0
12.89   0
12.9   0
12.91   0
12.92   0
12.93   0
12.94   0
12.95   0
12.96   0
12.97   0
12.98   0
12.99   0
13   0
13.01   0
13.02   0
13.03   0
13.04   0
13.05   0
13.06   0
13.07   0
13.08   0
13.09   0
13.1   0
13.11   0
13.12   0
13.13   0
13.14   0
13.15   0
13.16   0
13.17   0
13.18   0
13.19   0
13.2   0
13.21   0
13.22   0
13.23   0
13.24   0
13.25   0
13.26   0
13.27   0
13.28   0
13.29   0
13.3   0
13.31   0
13.32   0
13.33   0
13.34   0
13.35   0
13.36   0
13.37   0
13.38   0
13.39   0
13.4   0
13.41   0
13.42   0
13.43   0
13.44   0
13.45   0
13.46   0
13.47   0
13.48   0
13.49   0
13.5   0
13.51   0
13.52   0
13.53   0
13.54   0
13.55   0
13.56   0
13.57   0
13.58   0
13.59   0
13.6   0
13.61   0
13.62   0
13.63   0
13.64   0
13.65   0
13.66   0
13.67   0
13.68   0
13.69   0
13.7   0
13.71   0
13.72   0
13.73   0
13.74   0
13.75   0
13.76   0
13.77   0
13.78   0
13.79   0
13.8   0
13.81   0
13.82   0
13.83   0
13.84   0
13.85   0
13.86   0
13.87   0
13.88   0
13.89   0
13.9   0
13.91   0
13.92   0
13.93   0
13.94   0
13.95   0
13.96   0
13.97   0
13.98   0
13.99   0
14   0
14.01   0
14.02   0
14.03   0
14.04   0
14.05   0
14.06   0
14.07   0
14.08   0
14.09   0
14.1   0
14.11   0
14.12   0
14.13   0
14.14   0
14.15   0
14.16   0
14.17   0
14.18   0
14.19   0
14.2   0
14.21   0
14.22   0
14.23   0
14.24   0
14.25   0
14.26   0
14.27   0
14.28   0
14.29   0
14.3   0
14.31   0
14.32   0
14.33   0
14.34   0
14.35   0
14.36   0
14.37   0
14.38   0
14.39   0
14.4   0
14.41   0
14.42   0
14.43   0
14.44   0
14.45   0
14.46   0
14.47   0
14.48   0
14.49   0
14.5   0
14.51   0
14.52   0
14.53   0
14.54   0
14.55   0
14.56   0
14.57   0
14.58   0
14.59   0
14.6   0
14.61   0
14.62   0
14.63   0
14.64   0
14.65   0
14.66   0
14.67   0
14.68   0
14.69   0
14.7   0
14.71   0
14.72   0
14.73   0
14.74   0
14.75   0
14.76   0
14.77   0
14.78   0
14.79   0
14.8   0
14.81   0
14.82   0
14.83   0
14.84   0
14.85   0
14.86   0
14.87   0
14.88   0
14.89   0
14.9   0
14.91   0
14.92   0
14.93   0
14.94   0
14.95   0
14.96   0
14.97   0
14.98   0
14.99   0
15   0
15.01   0
15.02   0
15.03   0
15.04   0
15.05   0
15.06   0
15.07   0
15.08   0
15.09   0
15.1   0
15.11   0
15.12   0
15.13   0
15.14   0
15.15   0
15.16   0
15.17   0
15.18   0
15.19   0
15.2   0
15.21   0
15.22   0
15.23   0
15.24   0
15.25   0
15.26   0
15.27   0
15.28   0
15.29   0
15.3   0
15.31   0
15.32   0
15.33   0
15.34   0
15.35   0
15.36   0
15.37   0
15.38   0
15.39   0
15.4   0
15.41   0
15.42   0
15.43   0
15.44   0
15.45   0
15.46   0
15.47   0
15.48   0
15.49   0
15.5   0
15.51   0
15.52   0
15.53   0
15.54   0
15.55   0
15.56   0
15.57   0
15.58   0
15.59   0
15.6   0
15.61   0
15.62   0
15.63   0
15.64   0
15.65   0
15.66   0
15.67   0
15.68   0
15.69   0
15.7   0
15.71   0
15.72   0
15.73   0
15.74   0
15.75   0
15.76   0
15.77   0
15.78   0
15.79   0
15.8   0
15.81   0
15.82   0
15.83   0
15.84   0
15.85   0
15.86   0
15.87   0
15.88   0
15.89   0
15.9   0
15.91   0
15.92   0
15.93   0
15.94   0
15.95   0
15.96   0
15.97   0
15.98   0
15.99   0
16   0
16.01   0
16.02   0
16.03   0
16.04   0
16.05   0
16.06   0
16.07   0
16.08   0
16.09   0
16.1   0
16.11   0
16.12   0
16.13   0
16.14   0
16.15   0
16.16   0
16.17   0
16.18   0
16.19   0
16.2   0
16.21   0
16.22   0
16.23   0
16.24   0
16.25   0
16.26   0
16.27   0
16.28   0
16.29   0
16.3   0
16.31   0
16.32   0
16.33   0
16.34   0
16.35   0
16.36   0
16.37   0
16.38   0
16.39   0
16.4   0
16.41   0
16.42   0
16.43   0
16.44   0
16.45   0
16.46   0
16.47   0
16.48   0
16.49   0
16.5   0
16.51   0
16.52   0
16.53   0
16.54   0
16.55   0
16.56   0
16.57   0
16.58   0
16.59   0
16.6   0
16.61   0
16.62   0
16.63   0
16.64   0
16.65   0
16.66   0
16.67   0
16.68   0
16.69   0
16.7   0
16.71   0
16.72   0
16.73   0
16.74   0
16.75   0
16.76   0
16.77   0
16.78   0
16.79   0
16.8   0
16.81   0
16.82   0
16.83   0
16.84   0
16.85   0
16.86   0
16.87   0
16.88   0
16.89   0
16.9   0
16.91   0
16.92   0
16.93   0
16.94   0
16.95   0
16.96   0
16.97   0
16.98   0
16.99   0
17   0
17.01   0
17.02   0
17.03   0
17.04   0
17.05   0
17.06   0
17.07   0
17.08   0
17.09   0
17.1   0
17.11   0
17.12   0
17.13   0
17.14   0
17.15   0
17.16   0
17.17   0
17.18   0
17.19   0
17.2   0
17.21   0
17.22   0
17.23   0
17.24   0
17.25   0
17.26   0
17.27   0
17.28   0
17.29   0
17.3   0
17.31   0
17.32   0
17.33   0
17.34   0
17.35   0
17.36   0
17.37   0
17.38   0
17.39   0
17.4   0
17.41   0
17.42   0
17.43   0
17.44   0
17.45   0
17.46   0
17.47   0
17.48   0
17.49   0
17.5   0
17.51   0
17.52   0
17.53   0
17.54   0
17.55   0
17.56   0
17.57   0
17.58   0
17.59   0
17.6   0
17.61   0
17.62   0
17.63   0
17.64   0
17.65   0
17.66   0
17.67   0
17.68   0
17.69   0
17.7   0
17.71   0
17.72   0
17.73   0
17.74   0
17.75   0
17.76   0
17.77   0
17.78   0
17.79   0
17.8   0
17.81   0
17.82   0
17.83   0
17.84   0
17.85   0
17.86   0
17.87   0
17.88   0
17.89   0
17.9   0
17.91   0
17.92   0
17.93   0
17.94   0
17.95   0
17.96   0
17.97   0
17.98   0
17.99   0
18   0
18.01   0
18.02   0
18.03   0
18.04   0
18.05   0
18.06   0
18.07   0
18.08   0
18.09   0
18.1   0
18.11   0
18.12   0
18.13   0
18.14   0
18.15   0
18.16   0
18.17   0
18.18   0
18.19   0
18.2   0
18.21   0
18.22   0
18.23   0
18.24   0
18.25   0
18.26   0
18.27   0
18.28   0
18.29   0
18.3   0
18.31   0
18.32   0
18.33   0
18.34   0
18.35   0
18.36   0
18.37   0
18.38   0
18.39   0
18.4   0
18.41   0
18.42   0
18.43   0
18.44   0
18.45   0
18.46   0
18.47   0
18.48   0
18.49   0
18.5   0
18.51   0
18.52   0
18.53   0
18.54   0
18.55   0
18.56   0
18.57   0
18.58   0
18.59   0
18.6   0
18.61   0
18.62   0
18.63   0
18.64   0
18.65   0
18.66   0
18.67   0
18.68   0
18.69   0
18.7   0
18.71   0
18.72   0
18.73   0
18.74   0
18.75   0
18.76   0
18.77   0
18.78   0
18.79   0
18.8   0
18.81   0
18.82   0
18.83   0
18.84   0
18.85   0
18.86   0
18.87   0
18.88   0
18.89   0
18.9   0
18.91   0
18.92   0
18.93   0
18.94   0
18.95   0
18.96   0
18.97   0
18.98   0
18.99   0
19   0
19.01   0
19.02   0
19.03   0
19.04   0
19.05   0
19.06   0
19.07   0
19.08   0
19.09   0
19.1   0
19.11   0
19.12   0
19.13   0
19.14   0
19.15   0
19.16   0
19.17   0
19.18   0
19.19   0
19.2   0
19.21   0
19.22   0
19.23   0
19.24   0
19.25   0
19.26   0
19.27   0
19.28   0
19.29   0
19.3   0
19.31   0
19.32   0
19.33   0
19.34   0
19.35   0
19.36   0
19.37   0
19.38   0
19.39   0
19.4   0
19.41   0
19.42   0
19.43   0
19.44   0
19.45   0
19.46   0
19.47   0
19.48   0
19.49   0
19.5   0
19.51   0
19.52   0
19.53   0
19.54   0
19.55   0
19.56   0
19.57   0
19.58   0
19.59   0
19.6   0
19.61   0
19.62   0
19.63   0
19.64   0
19.65   0
19.66   0
19.67   0
19.68   0
19.69   0
19.7   0
19.71   0
19.72   0
19.73   0
19.74   0
19.75   0
19.76   0
19.77   0
19.78   0
19.79   0
19.8   0
19.81   0
19.82   0
19.83   0
19.84   0
19.85   0
19.86   0
19.87   0
19.88   0
19.89   0
19.9   0
19.91   0
