0   -4.0506512033e-10
0.01   0.015528578244
0.02   0.031044555847
0.03   0.046535372494
0.04   0.061988550065
0.05   0.077391732202
0.06   0.092732723121
0.07   0.10799952495
0.08   0.12318037325
0.09   0.13826377047
0.1   0.15323851701
0.11   0.16809373973
0.12   0.18281891771
0.13   0.19740390511
0.14   0.21183895106
0.15   0.22611471655
0.16   0.24022228826
0.17   0.2541531895
0.18   0.26789938825
0.19   0.28145330241
0.2   0.2948078026
0.21   0.30795621249
0.22   0.32089230707
0.23   0.33361030902
0.24   0.34610488344
0.25   0.35837113132
0.26   0.37040458187
0.27   0.38220118421
0.28   0.39375729844
0.29   0.40506968655
0.3   0.41613550336
0.31   0.42695228766
0.32   0.43751795373
0.33   0.44783078347
0.34   0.45788941927
0.35   0.46769285751
0.36   0.47724044303
0.37   0.4865318643
0.38   0.49556714941
0.39   0.50434666277
0.4   0.51287110237
0.41   0.52114149755
0.42   0.52915920692
0.43   0.53692591647
0.44   0.5444436375
0.45   0.55171470412
0.46   0.55874177021
0.47   0.56552780542
0.48   0.5720760902
0.49   0.57839020933
0.5   0.58447404407
0.51   0.59033176243
0.52   0.59596780766
0.53   0.60138688462
0.54   0.60659394411
0.55   0.61159416497
0.56   0.61639293398
0.57   0.62099582376
0.58   0.62540856842
0.59   0.62963703741
0.6   0.63368720765
0.61   0.63756513399
0.62   0.6412769186
0.63   0.64482867925
0.64   0.64822651703
0.65   0.65147648384
0.66   0.65458454995
0.67   0.65755657209
0.68   0.66039826252
0.69   0.66311515937
0.7   0.66571259881
0.71   0.66819568927
0.72   0.67056928822
0.73   0.67283798177
0.74   0.67500606743
0.75   0.67707754021
0.76   0.67905608245
0.77   0.68094505733
0.78   0.6827475063
0.79   0.68446615052
0.8   0.6861033961
0.81   0.68766134328
0.82   0.68914179933
0.83   0.69054629492
0.84   0.69187610378
0.85   0.6931322654
0.86   0.69431561016
0.87   0.69542678686
0.88   0.69646629187
0.89   0.69743449966
0.9   0.69833169403
0.91   0.69915809971
0.92   0.69991391372
0.93   0.70059933588
0.94   0.70121459816
0.95   0.70175999224
0.96   0.70223589485
0.97   0.70264279045
0.98   0.70298129097
0.99   0.7032521518
1   0.70345628481
1.01   0.70359476729
1.02   0.70366882645
1.03   0.70367977546
1.04   0.70362891577
1.05   0.70351751187
1.06   0.70334680597
1.07   0.70311802818
1.08   0.70283238449
1.09   0.70249106108
1.1   0.70209522439
1.11   0.70164602118
1.12   0.70114457901
1.13   0.70059200647
1.14   0.69998939352
1.15   0.69933781184
1.16   0.69863831508
1.17   0.69789193918
1.18   0.69709970268
1.19   0.69626260697
1.2   0.69538163661
1.21   0.6944577596
1.22   0.69349192764
1.23   0.69248507644
1.24   0.69143812593
1.25   0.69035198055
1.26   0.68922752953
1.27   0.68806564709
1.28   0.68686719273
1.29   0.68563301147
1.3   0.68436393406
1.31   0.68306077725
1.32   0.68172434398
1.33   0.68035542368
1.34   0.67895479239
1.35   0.67752321308
1.36   0.67606143579
1.37   0.6745701979
1.38   0.67305022429
1.39   0.67150222756
1.4   0.66992690826
1.41   0.66832495505
1.42   0.66669704489
1.43   0.66504384326
1.44   0.66336600433
1.45   0.66166417116
1.46   0.65993897583
1.47   0.65819103969
1.48   0.65642097348
1.49   0.6546293775
1.5   0.65281684183
1.51   0.65098394643
1.52   0.64913126134
1.53   0.64725934683
1.54   0.64536875356
1.55   0.64346002272
1.56   0.64153368619
1.57   0.63959026668
1.58   0.63763027789
1.59   0.63565422464
1.6   0.63366260303
1.61   0.63165590052
1.62   0.62963459615
1.63   0.6275991606
1.64   0.62555005635
1.65   0.62348773783
1.66   0.6214126515
1.67   0.619325236
1.68   0.61722592227
1.69   0.61511513366
1.7   0.61299328607
1.71   0.61086078802
1.72   0.60871804082
1.73   0.60656543864
1.74   0.60440336863
1.75   0.60223221104
1.76   0.6000523393
1.77   0.59786412014
1.78   0.59566791372
1.79   0.59346407366
1.8   0.5912529472
1.81   0.58903487528
1.82   0.58681019263
1.83   0.58457922787
1.84   0.58234230357
1.85   0.58009973642
1.86   0.57785183723
1.87   0.57559891106
1.88   0.57334125733
1.89   0.57107916984
1.9   0.56881293693
1.91   0.5665428415
1.92   0.56426916112
1.93   0.56199216811
1.94   0.55971212962
1.95   0.5574293077
1.96   0.55514395937
1.97   0.55285633671
1.98   0.55056668693
1.99   0.54827525244
2   0.54598227093
2.01   0.54368797542
2.02   0.54139259435
2.03   0.53909635165
2.04   0.53679946679
2.05   0.53450215487
2.06   0.53220462666
2.07   0.52990708869
2.08   0.5276097433
2.09   0.5253127887
2.1   0.52301641905
2.11   0.52072082451
2.12   0.51842619129
2.13   0.51613270172
2.14   0.51384053433
2.15   0.51154986387
2.16   0.50926086139
2.17   0.50697369429
2.18   0.50468852639
2.19   0.50240551796
2.2   0.50012482581
2.21   0.49784660329
2.22   0.4955710004
2.23   0.49329816382
2.24   0.49102823694
2.25   0.48876135995
2.26   0.48649766987
2.27   0.48423730058
2.28   0.48198038293
2.29   0.4797270447
2.3   0.47747741075
2.31   0.47523160297
2.32   0.47298974041
2.33   0.47075193925
2.34   0.46851831291
2.35   0.46628897206
2.36   0.46406402468
2.37   0.46184357608
2.38   0.45962772898
2.39   0.45741658351
2.4   0.45521023731
2.41   0.45300878551
2.42   0.4508123208
2.43   0.44862093348
2.44   0.44643471148
2.45   0.44425374041
2.46   0.44207810362
2.47   0.43990788218
2.48   0.43774315498
2.49   0.43558399874
2.5   0.43343048804
2.51   0.43128269538
2.52   0.42914069119
2.53   0.4270045439
2.54   0.42487431992
2.55   0.42275008375
2.56   0.42063189794
2.57   0.41851982317
2.58   0.41641391827
2.59   0.41431424026
2.6   0.41222084437
2.61   0.41013378408
2.62   0.40805311115
2.63   0.40597887566
2.64   0.40391112602
2.65   0.40184990901
2.66   0.39979526984
2.67   0.39774725212
2.68   0.39570589795
2.69   0.39367124789
2.7   0.39164334105
2.71   0.38962221507
2.72   0.38760790618
2.73   0.38560044918
2.74   0.38359987754
2.75   0.38160622335
2.76   0.37961951741
2.77   0.3776397892
2.78   0.37566706695
2.79   0.37370137765
2.8   0.37174274706
2.81   0.36979119975
2.82   0.36784675912
2.83   0.36590944742
2.84   0.36397928579
2.85   0.36205629424
2.86   0.36014049174
2.87   0.35823189616
2.88   0.35633052437
2.89   0.35443639222
2.9   0.35254951455
2.91   0.35066990524
2.92   0.34879757722
2.93   0.34693254249
2.94   0.34507481212
2.95   0.34322439631
2.96   0.34138130438
2.97   0.33954554479
2.98   0.33771712516
2.99   0.33589605231
3   0.33408233223
3.01   0.33227597016
3.02   0.33047697055
3.03   0.32868533711
3.04   0.32690107282
3.05   0.32512417994
3.06   0.32335466003
3.07   0.32159251398
3.08   0.31983774198
3.09   0.3180903436
3.1   0.31635031775
3.11   0.31461766274
3.12   0.31289237623
3.13   0.31117445533
3.14   0.30946389654
3.15   0.30776069581
3.16   0.30606484852
3.17   0.30437634952
3.18   0.30269519314
3.19   0.30102137317
3.2   0.29935488291
3.21   0.29769571518
3.22   0.29604386231
3.23   0.29439931618
3.24   0.29276206817
3.25   0.29113210928
3.26   0.28950943002
3.27   0.28789402052
3.28   0.28628587047
3.29   0.28468496918
3.3   0.28309130555
3.31   0.28150486812
3.32   0.27992564504
3.33   0.27835362412
3.34   0.27678879279
3.35   0.27523113818
3.36   0.27368064704
3.37   0.27213730583
3.38   0.27060110068
3.39   0.26907201742
3.4   0.26755004156
3.41   0.26603515836
3.42   0.26452735277
3.43   0.26302660946
3.44   0.26153291285
3.45   0.2600462471
3.46   0.25856659611
3.47   0.25709394354
3.48   0.25562827281
3.49   0.25416956711
3.5   0.25271780941
3.51   0.25127298246
3.52   0.2498350688
3.53   0.24840405076
3.54   0.24697991049
3.55   0.24556262993
3.56   0.24415219083
3.57   0.24274857479
3.58   0.24135176319
3.59   0.23996173729
3.6   0.23857847815
3.61   0.23720196669
3.62   0.23583218366
3.63   0.23446910969
3.64   0.23311272524
3.65   0.23176301065
3.66   0.23041994611
3.67   0.22908351169
3.68   0.22775368735
3.69   0.22643045291
3.7   0.22511378807
3.71   0.22380367245
3.72   0.22250008552
3.73   0.22120300669
3.74   0.21991241525
3.75   0.21862829038
3.76   0.21735061119
3.77   0.21607935671
3.78   0.21481450586
3.79   0.21355603749
3.8   0.21230393038
3.81   0.21105816322
3.82   0.20981871466
3.83   0.20858556324
3.84   0.20735868747
3.85   0.20613806579
3.86   0.20492367657
3.87   0.20371549814
3.88   0.20251350876
3.89   0.20131768666
3.9   0.20012801
3.91   0.19894445693
3.92   0.19776700552
3.93   0.19659563382
3.94   0.19543031985
3.95   0.19427104158
3.96   0.19311777694
3.97   0.19197050386
3.98   0.19082920023
3.99   0.18969384389
4   0.18856441269
4.01   0.18744088445
4.02   0.18632323696
4.03   0.18521144799
4.04   0.18410549531
4.05   0.18300535668
4.06   0.18191100982
4.07   0.18082243247
4.08   0.17973960235
4.09   0.17866249716
4.1   0.17759109462
4.11   0.17652537244
4.12   0.17546530831
4.13   0.17441087993
4.14   0.17336206502
4.15   0.17231884128
4.16   0.17128118642
4.17   0.17024907816
4.18   0.16922249422
4.19   0.16820141235
4.2   0.16718581027
4.21   0.16617566575
4.22   0.16517095654
4.23   0.16417166044
4.24   0.16317775524
4.25   0.16218921873
4.26   0.16120602877
4.27   0.16022816318
4.28   0.15925559983
4.29   0.15828831661
4.3   0.15732629143
4.31   0.15636950221
4.32   0.15541792691
4.33   0.1544715435
4.34   0.15353032999
4.35   0.15259426439
4.36   0.15166332477
4.37   0.15073748921
4.38   0.14981673583
4.39   0.14890104275
4.4   0.14799038816
4.41   0.14708475026
4.42   0.14618410727
4.43   0.14528843748
4.44   0.14439771918
4.45   0.1435119307
4.46   0.14263105043
4.47   0.14175505676
4.48   0.14088392814
4.49   0.14001764304
4.5   0.13915618
4.51   0.13829951755
4.52   0.13744763431
4.53   0.1366005089
4.54   0.13575812
4.55   0.13492044632
4.56   0.13408746663
4.57   0.13325915973
4.58   0.13243550445
4.59   0.13161647968
4.6   0.13080206436
4.61   0.12999223745
4.62   0.12918697798
4.63   0.128386265
4.64   0.12759007763
4.65   0.12679839502
4.66   0.12601119637
4.67   0.12522846094
4.68   0.12445016802
4.69   0.12367629695
4.7   0.12290682713
4.71   0.122141738
4.72   0.12138100905
4.73   0.12062461982
4.74   0.11987254991
4.75   0.11912477895
4.76   0.11838128663
4.77   0.1176420527
4.78   0.11690705696
4.79   0.11617627924
4.8   0.11544969946
4.81   0.11472729755
4.82   0.11400905354
4.83   0.11329494746
4.84   0.11258495944
4.85   0.11187906964
4.86   0.11117725829
4.87   0.11047950564
4.88   0.10978579204
4.89   0.10909609786
4.9   0.10841040355
4.91   0.1077286896
4.92   0.10705093656
4.93   0.10637712503
4.94   0.10570723569
4.95   0.10504124925
4.96   0.10437914649
4.97   0.10372090823
4.98   0.10306651539
4.99   0.10241594889
5   0.10176918975
5.01   0.10112621903
5.02   0.10048701786
5.03   0.099851567417
5.04   0.099219848941
5.05   0.098591843732
5.06   0.097967533146
5.07   0.097346898602
5.08   0.096729921576
5.09   0.096116583603
5.1   0.09550686628
5.11   0.094900751263
5.12   0.094298220267
5.13   0.093699255067
5.14   0.093103837502
5.15   0.092511949466
5.16   0.091923572919
5.17   0.091338689877
5.18   0.090757282421
5.19   0.090179332691
5.2   0.089604822887
5.21   0.089033735273
5.22   0.088466052173
5.23   0.087901755973
5.24   0.087340829119
5.25   0.086783254122
5.26   0.086229013551
5.27   0.085678090039
5.28   0.085130466282
5.29   0.084586125036
5.3   0.08404504912
5.31   0.083507221416
5.32   0.082972624867
5.33   0.082441242479
5.34   0.081913057321
5.35   0.081388052524
5.36   0.080866211282
5.37   0.080347516851
5.38   0.079831952549
5.39   0.079319501759
5.4   0.078810147926
5.41   0.078303874556
5.42   0.077800665221
5.43   0.077300503553
5.44   0.076803373249
5.45   0.076309258067
5.46   0.07581814183
5.47   0.075330008423
5.48   0.074844841795
5.49   0.074362625956
5.5   0.073883344981
5.51   0.073406983007
5.52   0.072933524235
5.53   0.072462952928
5.54   0.071995253412
5.55   0.071530410079
5.56   0.071068407379
5.57   0.07060922983
5.58   0.070152862009
5.59   0.069699288559
5.6   0.069248494185
5.61   0.068800463654
5.62   0.068355181797
5.63   0.067912633508
5.64   0.067472803743
5.65   0.067035677522
5.66   0.066601239927
5.67   0.066169476103
5.68   0.065740371258
5.69   0.065313910662
5.7   0.064890079648
5.71   0.064468863611
5.72   0.064050248011
5.73   0.063634218368
5.74   0.063220760264
5.75   0.062809859346
5.76   0.06240150132
5.77   0.061995671957
5.78   0.06159235709
5.79   0.061191542611
5.8   0.060793214478
5.81   0.060397358708
5.82   0.060003961382
5.83   0.059613008642
5.84   0.05922448669
5.85   0.058838381792
5.86   0.058454680274
5.87   0.058073368525
5.88   0.057694432994
5.89   0.057317860192
5.9   0.056943636689
5.91   0.05657174912
5.92   0.056202184178
5.93   0.055834928618
5.94   0.055469969254
5.95   0.055107292963
5.96   0.054746886682
5.97   0.054388737407
5.98   0.054032832197
5.99   0.053679158167
6   0.053327702496
6.01   0.052978452421
6.02   0.05263139524
6.03   0.05228651831
6.04   0.051943809047
6.05   0.051603254927
6.06   0.051264843486
6.07   0.050928562319
6.08   0.05059439908
6.09   0.050262341481
6.1   0.049932377293
6.11   0.049604494348
6.12   0.049278680533
6.13   0.048954923797
6.14   0.048633212144
6.15   0.048313533638
6.16   0.047995876402
6.17   0.047680228613
6.18   0.047366578511
6.19   0.047054914388
6.2   0.046745224598
6.21   0.046437497551
6.22   0.046131721711
6.23   0.045827885604
6.24   0.045525977809
6.25   0.045225986964
6.26   0.044927901761
6.27   0.044631710951
6.28   0.04433740334
6.29   0.044044967789
6.3   0.043754393217
6.31   0.043465668598
6.32   0.04317878296
6.33   0.042893725389
6.34   0.042610485023
6.35   0.042329051059
6.36   0.042049412744
6.37   0.041771559385
6.38   0.041495480341
6.39   0.041221165023
6.4   0.040948602902
6.41   0.040677783497
6.42   0.040408696384
6.43   0.040141331194
6.44   0.039875677609
6.45   0.039611725364
6.46   0.03934946425
6.47   0.039088884109
6.48   0.038829974836
6.49   0.03857272638
6.5   0.038317128739
6.51   0.038063171969
6.52   0.037810846172
6.53   0.037560141506
6.54   0.03731104818
6.55   0.037063556454
6.56   0.036817656639
6.57   0.036573339099
6.58   0.036330594247
6.59   0.036089412548
6.6   0.035849784517
6.61   0.035611700721
6.62   0.035375151776
6.63   0.035140128348
6.64   0.034906621154
6.65   0.03467462096
6.66   0.034444118581
6.67   0.034215104884
6.68   0.033987570781
6.69   0.033761507238
6.7   0.033536905265
6.71   0.033313755924
6.72   0.033092050324
6.73   0.032871779623
6.74   0.032652935027
6.75   0.03243550779
6.76   0.032219489212
6.77   0.032004870643
6.78   0.031791643479
6.79   0.031579799164
6.8   0.031369329188
6.81   0.031160225087
6.82   0.030952478447
6.83   0.030746080897
6.84   0.030541024114
6.85   0.03033729982
6.86   0.030134899783
6.87   0.029933815817
6.88   0.029734039782
6.89   0.029535563582
6.9   0.029338379168
6.91   0.029142478533
6.92   0.028947853717
6.93   0.028754496804
6.94   0.028562399922
6.95   0.028371555244
6.96   0.028181954985
6.97   0.027993591406
6.98   0.02780645681
6.99   0.027620543544
7   0.027435843999
7.01   0.027252350607
7.02   0.027070055844
7.03   0.02688895223
7.04   0.026709032325
7.05   0.026530288732
7.06   0.026352714096
7.07   0.026176301106
7.08   0.026001042489
7.09   0.025826931017
7.1   0.025653959501
7.11   0.025482120793
7.12   0.025311407787
7.13   0.025141813419
7.14   0.024973330663
7.15   0.024805952534
7.16   0.024639672088
7.17   0.024474482421
7.18   0.024310376669
7.19   0.024147348006
7.2   0.023985389646
7.21   0.023824494845
7.22   0.023664656894
7.23   0.023505869126
7.24   0.023348124911
7.25   0.023191417658
7.26   0.023035740814
7.27   0.022881087866
7.28   0.022727452336
7.29   0.022574827786
7.3   0.022423207815
7.31   0.02227258606
7.32   0.022122956193
7.33   0.021974311927
7.34   0.021826647008
7.35   0.021679955221
7.36   0.021534230387
7.37   0.021389466363
7.38   0.021245657042
7.39   0.021102796355
7.4   0.020960878266
7.41   0.020819896776
7.42   0.020679845923
7.43   0.020540719776
7.44   0.020402512444
7.45   0.020265218069
7.46   0.020128830826
7.47   0.019993344927
7.48   0.019858754617
7.49   0.019725054177
7.5   0.01959223792
7.51   0.019460300195
7.52   0.019329235382
7.53   0.019199037897
7.54   0.019069702188
7.55   0.018941222738
7.56   0.01881359406
7.57   0.018686810703
7.58   0.018560867247
7.59   0.018435758305
7.6   0.018311478523
7.61   0.018188022577
7.62   0.018065385177
7.63   0.017943561065
7.64   0.017822545014
7.65   0.017702331828
7.66   0.017582916345
7.67   0.01746429343
7.68   0.017346457982
7.69   0.017229404931
7.7   0.017113129236
7.71   0.016997625888
7.72   0.016882889908
7.73   0.016768916347
7.74   0.016655700286
7.75   0.016543236836
7.76   0.016431521138
7.77   0.016320548364
7.78   0.016210313711
7.79   0.016100812411
7.8   0.015992039721
7.81   0.015883990929
7.82   0.01577666135
7.83   0.01567004633
7.84   0.015564141241
7.85   0.015458941486
7.86   0.015354442494
7.87   0.015250639724
7.88   0.015147528661
7.89   0.015045104818
7.9   0.014943363737
7.91   0.014842300986
7.92   0.014741912161
7.93   0.014642192885
7.94   0.014543138808
7.95   0.014444745607
7.96   0.014347008985
7.97   0.014249924673
7.98   0.014153488426
7.99   0.014057696028
8   0.013962543287
8.01   0.013868026039
8.02   0.013774140142
8.03   0.013680881485
8.04   0.013588245978
8.05   0.01349622956
8.06   0.013404828191
8.07   0.01331403786
8.08   0.013223854579
8.09   0.013134274386
8.1   0.013045293342
8.11   0.012956907535
8.12   0.012869113074
8.13   0.012781906095
8.14   0.012695282758
8.15   0.012609239246
8.16   0.012523771766
8.17   0.012438876549
8.18   0.012354549849
8.19   0.012270787944
8.2   0.012187587137
8.21   0.01210494375
8.22   0.012022854132
8.23   0.011941314653
8.24   0.011860321706
8.25   0.011779871707
8.26   0.011699961095
8.27   0.011620586331
8.28   0.011541743896
8.29   0.011463430298
8.3   0.011385642063
8.31   0.011308375739
8.32   0.011231627899
8.33   0.011155395135
8.34   0.011079674059
8.35   0.011004461309
8.36   0.010929753541
8.37   0.010855547433
8.38   0.010781839682
8.39   0.01070862701
8.4   0.010635906157
8.41   0.010563673884
8.42   0.010491926972
8.43   0.010420662224
8.44   0.010349876462
8.45   0.010279566528
8.46   0.010209729286
8.47   0.010140361618
8.48   0.010071460425
8.49   0.010003022631
8.5   0.009935045177
8.51   0.0098675250238
8.52   0.009800459152
8.53   0.0097338445614
8.54   0.0096676782708
8.55   0.0096019573181
8.56   0.0095366787599
8.57   0.0094718396718
8.58   0.009407437148
8.59   0.0093434683014
8.6   0.009279930263
8.61   0.0092168201825
8.62   0.0091541352276
8.63   0.0090918725843
8.64   0.0090300294566
8.65   0.0089686030662
8.66   0.0089075906529
8.67   0.0088469894739
8.68   0.0087867968042
8.69   0.0087270099362
8.7   0.0086676261798
8.71   0.0086086428619
8.72   0.0085500573269
8.73   0.0084918669359
8.74   0.0084340690674
8.75   0.0083766611164
8.76   0.0083196404949
8.77   0.0082630046313
8.78   0.0082067509708
8.79   0.0081508769749
8.8   0.0080953801216
8.81   0.008040257905
8.82   0.0079855078355
8.83   0.0079311274394
8.84   0.0078771142592
8.85   0.0078234658531
8.86   0.007770179795
8.87   0.0077172536747
8.88   0.0076646850974
8.89   0.0076124716838
8.9   0.0075606110701
8.91   0.0075091009077
8.92   0.0074579388632
8.93   0.0074071226183
8.94   0.0073566498698
8.95   0.0073065183293
8.96   0.0072567257235
8.97   0.0072072697934
8.98   0.007158148295
8.99   0.0071093589988
9   0.0070608996897
9.01   0.0070127681669
9.02   0.0069649622442
9.03   0.0069174797493
9.04   0.0068703185241
9.05   0.0068234764246
9.06   0.0067769513207
9.07   0.0067307410961
9.08   0.0066848436485
9.09   0.0066392568889
9.1   0.0065939787423
9.11   0.0065490071469
9.12   0.0065043400546
9.13   0.0064599754304
9.14   0.0064159112528
9.15   0.0063721455134
9.16   0.0063286762167
9.17   0.0062855013806
9.18   0.0062426190357
9.19   0.0062000272254
9.2   0.006157724006
9.21   0.0061157074467
9.22   0.0060739756288
9.23   0.0060325266467
9.24   0.0059913586069
9.25   0.0059504696285
9.26   0.0059098578426
9.27   0.0058695213929
9.28   0.0058294584351
9.29   0.005789667137
9.3   0.0057501456782
9.31   0.0057108922506
9.32   0.0056719050577
9.33   0.0056331823149
9.34   0.0055947222491
9.35   0.0055565230991
9.36   0.005518583115
9.37   0.0054809005587
9.38   0.0054434737032
9.39   0.0054063008331
9.4   0.005369380244
9.41   0.005332710243
9.42   0.005296289148
9.43   0.0052601152882
9.44   0.0052241870038
9.45   0.0051885026458
9.46   0.0051530605759
9.47   0.005117859167
9.48   0.0050828968025
9.49   0.0050481718762
9.5   0.0050136827928
9.51   0.0049794279675
9.52   0.0049454058258
9.53   0.0049116148035
9.54   0.0048780533471
9.55   0.0048447199129
9.56   0.0048116129676
9.57   0.0047787309881
9.58   0.0047460724611
9.59   0.0047136358834
9.6   0.0046814197619
9.61   0.0046494226132
9.62   0.0046176429636
9.63   0.0045860793493
9.64   0.0045547303161
9.65   0.0045235944194
9.66   0.0044926702244
9.67   0.0044619563053
9.68   0.0044314512461
9.69   0.0044011536401
9.7   0.0043710620899
9.71   0.0043411752072
9.72   0.0043114916132
9.73   0.0042820099379
9.74   0.0042527288206
9.75   0.0042236469095
9.76   0.0041947628619
9.77   0.0041660753437
9.78   0.00413758303
9.79   0.0041092846045
9.8   0.0040811787595
9.81   0.0040532641964
9.82   0.0040255396246
9.83   0.0039980037627
9.84   0.0039706553374
9.85   0.0039434930839
9.86   0.003916515746
9.87   0.0038897220755
9.88   0.0038631108329
9.89   0.0038366807866
9.9   0.0038104307134
9.91   0.0037843593981
9.92   0.0037584656336
9.93   0.0037327482208
9.94   0.0037072059688
9.95   0.0036818376943
9.96   0.003656642222
9.97   0.0036316183845
9.98   0.0036067650221
9.99   0.0035820809828
10   0.0035575651223
10.01   0.0035332163039
10.02   0.0035090333986
10.03   0.0034850152847
10.04   0.003461160848
10.05   0.003437468982
10.06   0.0034139385872
10.07   0.0033905685718
10.08   0.0033673578509
10.09   0.0033443053471
10.1   0.0033214099902
10.11   0.0032986707169
10.12   0.0032760864712
10.13   0.0032536562042
10.14   0.0032313788737
10.15   0.0032092534448
10.16   0.0031872788893
10.17   0.0031654541859
10.18   0.0031437783202
10.19   0.0031222502846
10.2   0.003100869078
10.21   0.0030796337062
10.22   0.0030585431816
10.23   0.0030375965232
10.24   0.0030167927565
10.25   0.0029961309137
10.26   0.0029756100332
10.27   0.00295522916
10.28   0.0029349873455
10.29   0.0029148836474
10.3   0.0028949171297
10.31   0.0028750868627
10.32   0.0028553919229
10.33   0.0028358313929
10.34   0.0028164043616
10.35   0.002797109924
10.36   0.002777947181
10.37   0.0027589152396
10.38   0.0027400132128
10.39   0.0027212402197
10.4   0.0027025953849
10.41   0.0026840778392
10.42   0.0026656867193
10.43   0.0026474211673
10.44   0.0026292803314
10.45   0.0026112633654
10.46   0.0025933694288
10.47   0.0025755976866
10.48   0.0025579473096
10.49   0.002540417474
10.5   0.0025230073618
10.51   0.00250571616
10.52   0.0024885430616
10.53   0.0024714872647
10.54   0.0024545479728
10.55   0.0024377243949
10.56   0.0024210157452
10.57   0.0024044212432
10.58   0.0023879401136
10.59   0.0023715715864
10.6   0.0023553148967
10.61   0.0023391692849
10.62   0.0023231339962
10.63   0.0023072082811
10.64   0.0022913913952
10.65   0.0022756825989
10.66   0.0022600811577
10.67   0.002244586342
10.68   0.0022291974272
10.69   0.0022139136934
10.7   0.0021987344257
10.71   0.002183658914
10.72   0.0021686864528
10.73   0.0021538163416
10.74   0.0021390478845
10.75   0.0021243803902
10.76   0.0021098131723
10.77   0.0020953455487
10.78   0.0020809768422
10.79   0.0020667063799
10.8   0.0020525334936
10.81   0.0020384575195
10.82   0.0020244777985
10.83   0.0020105936757
10.84   0.0019968045006
10.85   0.0019831096273
10.86   0.001969508414
10.87   0.0019560002235
10.88   0.0019425844226
10.89   0.0019292603827
10.9   0.0019160274791
10.91   0.0019028850916
10.92   0.001889832604
10.93   0.0018768694044
10.94   0.0018639948848
10.95   0.0018512084416
10.96   0.001838509475
10.97   0.0018258973895
10.98   0.0018133715934
10.99   0.0018009314992
11   0.0017885765232
11.01   0.0017763060856
11.02   0.0017641196108
11.03   0.0017520165268
11.04   0.0017399962656
11.05   0.001728058263
11.06   0.0017162019586
11.07   0.0017044267958
11.08   0.0016927322218
11.09   0.0016811176875
11.1   0.0016695826474
11.11   0.00165812656
11.12   0.0016467488872
11.13   0.0016354490945
11.14   0.0016242266513
11.15   0.0016130810302
11.16   0.0016020117077
11.17   0.0015910181636
11.18   0.0015800998815
11.19   0.0015692563481
11.2   0.0015584870541
11.21   0.001547791493
11.22   0.0015371691624
11.23   0.0015266195627
11.24   0.0015161421981
11.25   0.001505736576
11.26   0.0014954022071
11.27   0.0014851386055
11.28   0.0014749452884
11.29   0.0014648217767
11.3   0.001454767594
11.31   0.0014447822675
11.32   0.0014348653275
11.33   0.0014250163074
11.34   0.0014152347439
11.35   0.0014055201767
11.36   0.0013958721488
11.37   0.0013862902061
11.38   0.0013767738977
11.39   0.0013673227757
11.4   0.0013579363952
11.41   0.0013486143144
11.42   0.0013393560946
11.43   0.0013301612998
11.44   0.0013210294971
11.45   0.0013119602565
11.46   0.0013029531511
11.47   0.0012940077566
11.48   0.0012851236518
11.49   0.0012763004182
11.5   0.0012675376403
11.51   0.0012588349052
11.52   0.0012501918032
11.53   0.0012416079268
11.54   0.0012330828718
11.55   0.0012246162364
11.56   0.0012162076217
11.57   0.0012078566315
11.58   0.0011995628722
11.59   0.0011913259529
11.6   0.0011831454854
11.61   0.0011750210841
11.62   0.001166952366
11.63   0.0011589389508
11.64   0.0011509804606
11.65   0.0011430765203
