0   -1.3800089543e-12
0.01   0.0012942076768
0.02   0.0025897803538
0.03   0.0038880836789
0.04   0.0051904845794
0.05   0.0064983518521
0.06   0.0078130566957
0.07   0.0091359731674
0.08   0.010468478546
0.09   0.011811953589
0.1   0.013167782658
0.11   0.014537353724
0.12   0.01592205821
0.13   0.017323290691
0.14   0.018742448425
0.15   0.020180930726
0.16   0.021640138161
0.17   0.023121471589
0.18   0.024626331029
0.19   0.026156114371
0.2   0.027712215939
0.21   0.0292960249
0.22   0.030908923556
0.23   0.032552285507
0.24   0.03422747371
0.25   0.03593583846
0.26   0.037678715286
0.27   0.039457422807
0.28   0.041273260549
0.29   0.043127506745
0.3   0.045021416148
0.31   0.04695621786
0.32   0.048933113212
0.33   0.050953273701
0.34   0.053017839007
0.35   0.055127915111
0.36   0.057284572514
0.37   0.059488844584
0.38   0.061741726048
0.39   0.064044171607
0.4   0.066397094727
0.41   0.06880136657
0.42   0.071257815096
0.43   0.073767224325
0.44   0.076330333751
0.45   0.078947837926
0.46   0.081620386185
0.47   0.084348582519
0.48   0.087132985575
0.49   0.089974108785
0.5   0.092872420595
0.51   0.095828344795
0.52   0.09884226092
0.53   0.10191450471
0.54   0.10504536862
0.55   0.10823510236
0.56   0.11148391341
0.57   0.11479196754
0.58   0.11815938935
0.59   0.12158626269
0.6   0.12507263101
0.61   0.12861849775
0.62   0.13222382649
0.63   0.13588854111
0.64   0.13961252578
0.65   0.14339562485
0.66   0.14723764261
0.67   0.15113834294
0.68   0.15509744882
0.69   0.1591146417
0.7   0.16318956078
0.71   0.16732180213
0.72   0.1715109178
0.73   0.1757564147
0.74   0.18005775351
0.75   0.18441434747
0.76   0.18882556118
0.77   0.19329070931
0.78   0.19780905533
0.79   0.20237981027
0.8   0.2070021315
0.81   0.2116751216
0.82   0.21639782728
0.83   0.22116923841
0.84   0.22598828724
0.85   0.23085384768
0.86   0.23576473486
0.87   0.24071970477
0.88   0.24571745423
0.89   0.25075662099
0.9   0.25583578413
0.91   0.2609534647
0.92   0.2661081266
0.93   0.27129817776
0.94   0.27652197158
0.95   0.28177780863
0.96   0.28706393862
0.97   0.29237856265
0.98   0.29771983569
0.99   0.3030858693
1   0.30847473461
1.01   0.31388446545
1.02   0.31931306172
1.03   0.32475849289
1.04   0.33021870164
1.05   0.33569160765
1.06   0.34117511139
1.07   0.3466670981
1.08   0.35216544164
1.09   0.35766800846
1.1   0.36317266144
1.11   0.36867726373
1.12   0.37417968247
1.13   0.37967779237
1.14   0.38516947916
1.15   0.39065264283
1.16   0.39612520071
1.17   0.4015850903
1.18   0.40703027186
1.19   0.41245873075
1.2   0.41786847952
1.21   0.42325755964
1.22   0.42862404309
1.23   0.43396603352
1.24   0.43928166719
1.25   0.44456911366
1.26   0.44982657616
1.27   0.4550522917
1.28   0.46024453097
1.29   0.46540159801
1.3   0.47052182962
1.31   0.47560359469
1.32   0.48064529329
1.33   0.48564535567
1.34   0.49060224114
1.35   0.49551443696
1.36   0.5003804571
1.37   0.50519884106
1.38   0.50996815275
1.39   0.51468697933
1.4   0.51935393029
1.41   0.52396763656
1.42   0.52852674983
1.43   0.53302994201
1.44   0.53747590497
1.45   0.54186335047
1.46   0.54619101035
1.47   0.55045763698
1.48   0.55466200405
1.49   0.55880290756
1.5   0.56287916721
1.51   0.56688962801
1.52   0.57083316226
1.53   0.57470867173
1.54   0.5785150902
1.55   0.58225138624
1.56   0.58591656626
1.57   0.58950967772
1.58   0.59302981267
1.59   0.59647611132
1.6   0.59984776586
1.61   0.60314402437
1.62   0.6063641948
1.63   0.60950764899
1.64   0.61257382672
1.65   0.6155622397
1.66   0.61847247551
1.67   0.62130420143
1.68   0.62405716812
1.69   0.62673121312
1.7   0.62932626414
1.71   0.63184234225
1.72   0.63427956409
1.73   0.63663814468
1.74   0.6389184002
1.75   0.64112074813
1.76   0.64324571125
1.77   0.64529391398
1.78   0.64726606046
1.79   0.64916291996
1.8   0.65098529156
1.81   0.65273396301
1.82   0.65440972294
1.83   0.65601335575
1.84   0.65754564481
1.85   0.65900738788
1.86   0.66039939092
1.87   0.66172245921
1.88   0.66297739669
1.89   0.66416500912
1.9   0.665286104
1.91   0.66634148898
1.92   0.66733197139
1.93   0.66825835806
1.94   0.66912145495
1.95   0.66992206678
1.96   0.6706609967
1.97   0.67133904602
1.98   0.67195701389
1.99   0.67251569708
2   0.67301588971
2.01   0.67345838306
2.02   0.6738439653
2.03   0.67417342134
2.04   0.67444753262
2.05   0.67466707696
2.06   0.67483282836
2.07   0.6749455569
2.08   0.67500602854
2.09   0.67501500502
2.1   0.67497324374
2.11   0.67488149762
2.12   0.67474051499
2.13   0.67455103949
2.14   0.67431381
2.15   0.67402956048
2.16   0.67369901995
2.17   0.67332291236
2.18   0.67290195655
2.19   0.67243686614
2.2   0.6719283495
2.21   0.67137710963
2.22   0.67078384416
2.23   0.67014924527
2.24   0.66947399963
2.25   0.66875878833
2.26   0.66800428688
2.27   0.66721116515
2.28   0.66638008731
2.29   0.66551171182
2.3   0.66460669136
2.31   0.66366567285
2.32   0.6626892974
2.33   0.66167820024
2.34   0.66063301077
2.35   0.65955435251
2.36   0.65844284306
2.37   0.65729909411
2.38   0.65612371143
2.39   0.65491729484
2.4   0.65368043821
2.41   0.65241372947
2.42   0.65111775057
2.43   0.64979307753
2.44   0.64844028039
2.45   0.64705992323
2.46   0.64565256419
2.47   0.64421875544
2.48   0.64275904324
2.49   0.64127396788
2.5   0.63976406376
2.51   0.63822985937
2.52   0.63667187728
2.53   0.63509063421
2.54   0.633486641
2.55   0.63186040265
2.56   0.63021241835
2.57   0.62854318146
2.58   0.62685317958
2.59   0.62514289455
2.6   0.62341280248
2.61   0.62166337376
2.62   0.6198950731
2.63   0.61810835959
2.64   0.61630368665
2.65   0.61448150214
2.66   0.61264224834
2.67   0.610786362
2.68   0.60891427439
2.69   0.60702641127
2.7   0.60512319302
2.71   0.60320503459
2.72   0.60127234556
2.73   0.5993255302
2.74   0.59736498748
2.75   0.59539111112
2.76   0.59340428963
2.77   0.59140490631
2.78   0.58939333934
2.79   0.58736996181
2.8   0.58533514172
2.81   0.58328924205
2.82   0.5812326208
2.83   0.57916563103
2.84   0.57708862088
2.85   0.57500193364
2.86   0.57290590776
2.87   0.57080087693
2.88   0.56868717006
2.89   0.5665651114
2.9   0.56443502052
2.91   0.56229721236
2.92   0.56015199731
2.93   0.5579996812
2.94   0.55584056537
2.95   0.55367494672
2.96   0.55150311773
2.97   0.54932536651
2.98   0.54714197685
2.99   0.54495322825
3   0.54275939595
3.01   0.54056075102
3.02   0.53835756033
3.03   0.53615008665
3.04   0.53393858869
3.05   0.53172332107
3.06   0.52950453447
3.07   0.52728247558
3.08   0.52505738717
3.09   0.52282950816
3.1   0.52059907361
3.11   0.51836631481
3.12   0.51613145928
3.13   0.51389473082
3.14   0.51165634957
3.15   0.50941653203
3.16   0.50717549109
3.17   0.5049334361
3.18   0.5026905729
3.19   0.50044710382
3.2   0.49820322777
3.21   0.49595914025
3.22   0.49371503341
3.23   0.49147109605
3.24   0.48922751369
3.25   0.4869844686
3.26   0.48474213984
3.27   0.48250070327
3.28   0.48026033162
3.29   0.47802119454
3.3   0.47578345856
3.31   0.47354728722
3.32   0.47131284102
3.33   0.46908027754
3.34   0.46684975141
3.35   0.46462141435
3.36   0.46239541525
3.37   0.46017190016
3.38   0.45795101234
3.39   0.4557328923
3.4   0.45351767781
3.41   0.45130550396
3.42   0.44909650318
3.43   0.44689080528
3.44   0.44468853746
3.45   0.44248982439
3.46   0.44029478818
3.47   0.43810354845
3.48   0.43591622237
3.49   0.43373292465
3.5   0.43155376761
3.51   0.42937886121
3.52   0.42720831303
3.53   0.42504222837
3.54   0.42288071023
3.55   0.42072385937
3.56   0.4185717743
3.57   0.41642455135
3.58   0.41428228469
3.59   0.41214506634
3.6   0.41001298622
3.61   0.40788613214
3.62   0.4057645899
3.63   0.40364844324
3.64   0.4015377739
3.65   0.39943266167
3.66   0.39733318437
3.67   0.39523941792
3.68   0.39315143633
3.69   0.39106931176
3.7   0.38899311452
3.71   0.3869229131
3.72   0.3848587742
3.73   0.38280076277
3.74   0.380748942
3.75   0.37870337338
3.76   0.37666411671
3.77   0.3746312301
3.78   0.37260477004
3.79   0.37058479139
3.8   0.36857134742
3.81   0.36656448983
3.82   0.36456426877
3.83   0.36257073285
3.84   0.36058392919
3.85   0.35860390342
3.86   0.35663069972
3.87   0.35466436083
3.88   0.35270492807
3.89   0.35075244136
3.9   0.34880693927
3.91   0.34686845899
3.92   0.34493703641
3.93   0.34301270607
3.94   0.34109550126
3.95   0.33918545398
3.96   0.33728259498
3.97   0.33538695378
3.98   0.3334985587
3.99   0.33161743686
4   0.32974361421
4.01   0.32787711556
4.02   0.32601796456
4.03   0.32416618377
4.04   0.32232179464
4.05   0.32048481755
4.06   0.3186552718
4.07   0.31683317567
4.08   0.3150185464
4.09   0.31321140023
4.1   0.31141175242
4.11   0.30961961722
4.12   0.30783500795
4.13   0.306057937
4.14   0.30428841581
4.15   0.30252645492
4.16   0.30077206399
4.17   0.29902525179
4.18   0.29728602623
4.19   0.29555439439
4.2   0.2938303625
4.21   0.292113936
4.22   0.2904051195
4.23   0.28870391686
4.24   0.28701033113
4.25   0.28532436463
4.26   0.28364601894
4.27   0.2819752949
4.28   0.28031219265
4.29   0.2786567116
4.3   0.27700885051
4.31   0.27536860745
4.32   0.27373597982
4.33   0.27211096439
4.34   0.27049355729
4.35   0.26888375401
4.36   0.26728154945
4.37   0.26568693792
4.38   0.26409991313
4.39   0.2625204682
4.4   0.26094859574
4.41   0.25938428775
4.42   0.25782753573
4.43   0.25627833065
4.44   0.25473666294
4.45   0.25320252256
4.46   0.25167589895
4.47   0.25015678108
4.48   0.24864515743
4.49   0.24714101604
4.5   0.24564434449
4.51   0.2441551299
4.52   0.242673359
4.53   0.24119901805
4.54   0.23973209292
4.55   0.23827256909
4.56   0.23682043162
4.57   0.23537566521
4.58   0.23393825416
4.59   0.23250818243
4.6   0.2310854336
4.61   0.22966999091
4.62   0.22826183727
4.63   0.22686095524
4.64   0.22546732707
4.65   0.22408093469
4.66   0.22270175973
4.67   0.2213297835
4.68   0.21996498705
4.69   0.21860735111
4.7   0.21725685617
4.71   0.21591348243
4.72   0.21457720983
4.73   0.21324801806
4.74   0.21192588657
4.75   0.21061079455
4.76   0.20930272098
4.77   0.2080016446
4.78   0.20670754392
4.79   0.20542039727
4.8   0.20414018274
4.81   0.20286687823
4.82   0.20160046146
4.83   0.20034090994
4.84   0.19908820101
4.85   0.19784231184
4.86   0.1966032194
4.87   0.19537090053
4.88   0.1941453319
4.89   0.19292649002
4.9   0.19171435125
4.91   0.19050889181
4.92   0.18931008779
4.93   0.18811791514
4.94   0.18693234968
4.95   0.18575336711
4.96   0.18458094302
4.97   0.18341505288
4.98   0.18225567205
4.99   0.18110277579
5   0.17995633925
5.01   0.1788163375
5.02   0.17768274551
5.03   0.17655553817
5.04   0.17543469029
5.05   0.1743201766
5.06   0.17321197174
5.07   0.1721100503
5.08   0.17101438681
5.09   0.1699249557
5.1   0.16884173139
5.11   0.16776468822
5.12   0.16669380047
5.13   0.16562904239
5.14   0.16457038818
5.15   0.16351781201
5.16   0.16247128798
5.17   0.16143079018
5.18   0.16039629269
5.19   0.15936776951
5.2   0.15834519466
5.21   0.15732854211
5.22   0.15631778584
5.23   0.15531289978
5.24   0.15431385788
5.25   0.15332063405
5.26   0.15233320221
5.27   0.15135153627
5.28   0.15037561014
5.29   0.14940539773
5.3   0.14844087295
5.31   0.14748200971
5.32   0.14652878195
5.33   0.14558116359
5.34   0.14463912858
5.35   0.14370265088
5.36   0.14277170446
5.37   0.14184626333
5.38   0.14092630149
5.39   0.14001179299
5.4   0.1391027119
5.41   0.13819903229
5.42   0.13730072829
5.43   0.13640777406
5.44   0.13552014376
5.45   0.13463781163
5.46   0.13376075191
5.47   0.13288893888
5.48   0.13202234689
5.49   0.1311609503
5.5   0.13030472352
5.51   0.129453641
5.52   0.12860767726
5.53   0.12776680684
5.54   0.12693100434
5.55   0.1261002444
5.56   0.12527450172
5.57   0.12445375106
5.58   0.12363796722
5.59   0.12282712506
5.6   0.1220211995
5.61   0.1212201655
5.62   0.12042399811
5.63   0.11963267241
5.64   0.11884616356
5.65   0.11806444678
5.66   0.11728749734
5.67   0.11651529058
5.68   0.11574780192
5.69   0.11498500683
5.7   0.11422688084
5.71   0.11347339957
5.72   0.1127245387
5.73   0.11198027397
5.74   0.1112405812
5.75   0.11050543628
5.76   0.10977481517
5.77   0.10904869391
5.78   0.10832704859
5.79   0.10760985542
5.8   0.10689709063
5.81   0.10618873057
5.82   0.10548475165
5.83   0.10478513034
5.84   0.10408984322
5.85   0.10339886693
5.86   0.10271217818
5.87   0.10202975377
5.88   0.10135157059
5.89   0.1006776056
5.9   0.10000783584
5.91   0.099342238419
5.92   0.098680790553
5.93   0.098023469525
5.94   0.097370252704
5.95   0.09672111754
5.96   0.096076041568
5.97   0.095435002407
5.98   0.09479797776
5.99   0.094164945413
6   0.093535883239
6.01   0.092910769193
6.02   0.092289581318
6.03   0.091672297741
6.04   0.091058896677
6.05   0.090449356425
6.06   0.08984365537
6.07   0.089241771986
6.08   0.088643684832
6.09   0.088049372555
6.1   0.087458813887
6.11   0.08687198765
6.12   0.086288872752
6.13   0.085709448189
6.14   0.085133693046
6.15   0.084561586493
6.16   0.083993107791
6.17   0.083428236287
6.18   0.082866951418
6.19   0.082309232708
6.2   0.081755059769
6.21   0.081204412304
6.22   0.080657270101
6.23   0.080113613038
6.24   0.079573421084
6.25   0.079036674292
6.26   0.078503352807
6.27   0.077973436862
6.28   0.077446906777
6.29   0.076923742962
6.3   0.076403925916
6.31   0.075887436226
6.32   0.075374254566
6.33   0.0748643617
6.34   0.074357738482
6.35   0.073854365851
6.36   0.073354224836
6.37   0.072857296555
6.38   0.072363562212
6.39   0.071873003101
6.4   0.071385600604
6.41   0.070901336189
6.42   0.070420191413
6.43   0.069942147921
6.44   0.069467187445
6.45   0.068995291805
6.46   0.068526442907
6.47   0.068060622746
6.48   0.067597813402
6.49   0.067137997043
6.5   0.066681155924
6.51   0.066227272386
6.52   0.065776328857
6.53   0.06532830785
6.54   0.064883191965
6.55   0.064440963889
6.56   0.064001606393
6.57   0.063565102333
6.58   0.063131434653
6.59   0.062700586381
6.6   0.062272540628
6.61   0.061847280592
6.62   0.061424789556
6.63   0.061005050885
6.64   0.060588048031
6.65   0.060173764528
6.66   0.059762183994
6.67   0.059353290131
6.68   0.058947066724
6.69   0.058543497642
6.7   0.058142566835
6.71   0.057744258337
6.72   0.057348556265
6.73   0.056955444817
6.74   0.056564908272
6.75   0.056176930994
6.76   0.055791497424
6.77   0.055408592088
6.78   0.05502819959
6.79   0.054650304618
6.8   0.054274891937
6.81   0.053901946395
6.82   0.053531452918
6.83   0.053163396512
6.84   0.052797762263
6.85   0.052434535336
6.86   0.052073700974
6.87   0.051715244501
6.88   0.051359151316
6.89   0.051005406899
6.9   0.050653996806
6.91   0.050304906672
6.92   0.049958122206
6.93   0.049613629199
6.94   0.049271413514
6.95   0.048931461094
6.96   0.048593757956
6.97   0.048258290193
6.98   0.047925043975
6.99   0.047594005545
7   0.047265161224
7.01   0.046938497405
7.02   0.046614000557
7.03   0.046291657223
7.04   0.045971454019
7.05   0.045653377635
7.06   0.045337414835
7.07   0.045023552456
7.08   0.044711777405
7.09   0.044402076667
7.1   0.044094437293
7.11   0.04378884641
7.12   0.043485291214
7.13   0.043183758975
7.14   0.042884237031
7.15   0.042586712793
7.16   0.042291173741
7.17   0.041997607426
7.18   0.041706001468
7.19   0.041416343557
7.2   0.041128621452
7.21   0.040842822981
7.22   0.04055893604
7.23   0.040276948595
7.24   0.039996848678
7.25   0.03971862439
7.26   0.039442263899
7.27   0.039167755441
7.28   0.038895087317
7.29   0.038624247896
7.3   0.038355225613
7.31   0.038088008968
7.32   0.03782258653
7.33   0.037558946928
7.34   0.03729707886
7.35   0.037036971089
7.36   0.036778612439
7.37   0.036521991802
7.38   0.036267098132
7.39   0.036013920447
7.4   0.035762447828
7.41   0.035512669419
7.42   0.035264574428
7.43   0.035018152123
7.44   0.034773391837
7.45   0.034530282963
7.46   0.034288814955
7.47   0.034048977331
7.48   0.033810759667
7.49   0.033574151602
7.5   0.033339142833
7.51   0.03310572312
7.52   0.032873882281
7.53   0.032643610193
7.54   0.032414896793
7.55   0.032187732079
7.56   0.031962106104
7.57   0.031738008981
7.58   0.031515430883
7.59   0.031294362039
7.6   0.031074792734
7.61   0.030856713313
7.62   0.030640114177
7.63   0.030424985784
7.64   0.030211318648
7.65   0.029999103338
7.66   0.029788330481
7.67   0.02957899076
7.68   0.02937107491
7.69   0.029164573724
7.7   0.028959478048
7.71   0.028755778785
7.72   0.028553466889
7.73   0.02835253337
7.74   0.028152969291
7.75   0.027954765769
7.76   0.027757913972
7.77   0.027562405125
7.78   0.027368230501
7.79   0.027175381428
7.8   0.026983849285
7.81   0.026793625504
7.82   0.026604701567
7.83   0.026417069008
7.84   0.026230719413
7.85   0.026045644416
7.86   0.025861835704
7.87   0.025679285013
7.88   0.025497984129
7.89   0.025317924888
7.9   0.025139099175
7.91   0.024961498925
7.92   0.024785116121
7.93   0.024609942795
7.94   0.024435971027
7.95   0.024263192946
7.96   0.024091600727
7.97   0.023921186596
7.98   0.023751942822
7.99   0.023583861725
8   0.023416935669
8.01   0.023251157068
8.02   0.023086518377
8.03   0.022923012103
8.04   0.022760630796
8.05   0.02259936705
8.06   0.022439213507
8.07   0.022280162854
8.08   0.022122207822
8.09   0.021965341186
8.1   0.021809555767
8.11   0.02165484443
8.12   0.021501200082
8.13   0.021348615675
8.14   0.021197084206
8.15   0.021046598712
8.16   0.020897152276
8.17   0.020748738022
8.18   0.020601349117
8.19   0.020454978769
8.2   0.020309620231
8.21   0.020165266794
8.22   0.020021911795
8.23   0.019879548608
8.24   0.019738170651
8.25   0.019597771382
8.26   0.0194583443
8.27   0.019319882943
8.28   0.019182380891
8.29   0.019045831764
8.3   0.01891022922
8.31   0.018775566958
8.32   0.018641838716
8.33   0.018509038271
8.34   0.01837715944
8.35   0.018246196076
8.36   0.018116142074
8.37   0.017986991364
8.38   0.017858737915
8.39   0.017731375736
8.4   0.017604898871
8.41   0.017479301402
8.42   0.017354577449
8.43   0.017230721168
8.44   0.017107726752
8.45   0.01698558843
8.46   0.01686430047
8.47   0.016743857173
8.48   0.016624252878
8.49   0.016505481957
8.5   0.016387538821
8.51   0.016270417915
8.52   0.016154113717
8.53   0.016038620744
8.54   0.015923933544
8.55   0.015810046702
8.56   0.015696954835
8.57   0.015584652597
8.58   0.015473134673
8.59   0.015362395784
8.6   0.015252430684
8.61   0.01514323416
8.62   0.015034801031
8.63   0.014927126151
8.64   0.014820204407
8.65   0.014714030715
8.66   0.014608600029
8.67   0.014503907329
8.68   0.014399947633
8.69   0.014296715986
8.7   0.014194207468
8.71   0.014092417189
8.72   0.013991340289
8.73   0.013890971942
8.74   0.013791307351
8.75   0.01369234175
8.76   0.013594070404
8.77   0.013496488608
8.78   0.013399591687
8.79   0.013303374997
8.8   0.013207833923
8.81   0.013112963879
8.82   0.013018760311
8.83   0.012925218692
8.84   0.012832334524
8.85   0.01274010334
8.86   0.0126485207
8.87   0.012557582193
8.88   0.012467283438
8.89   0.01237762008
8.9   0.012288587794
8.91   0.012200182281
8.92   0.012112399272
8.93   0.012025234524
8.94   0.011938683822
8.95   0.01185274298
8.96   0.011767407835
8.97   0.011682674255
8.98   0.011598538133
8.99   0.011514995389
9   0.01143204197
9.01   0.011349673848
9.02   0.011267887023
9.03   0.011186677519
9.04   0.011106041387
9.05   0.011025974705
9.06   0.010946473574
9.07   0.010867534121
9.08   0.010789152501
9.09   0.01071132489
9.1   0.010634047492
9.11   0.010557316535
9.12   0.010481128271
9.13   0.010405478976
9.14   0.010330364952
9.15   0.010255782525
9.16   0.010181728044
9.17   0.010108197883
9.18   0.010035188438
9.19   0.0099626961306
9.2   0.0098907174053
9.21   0.0098192487295
9.22   0.0097482865942
9.23   0.0096778275132
9.24   0.0096078680234
9.25   0.0095384046845
9.26   0.0094694340786
9.27   0.0094009528106
9.28   0.0093329575075
9.29   0.0092654448187
9.3   0.0091984114156
9.31   0.0091318539916
9.32   0.0090657692619
9.33   0.0090001539635
9.34   0.0089350048546
9.35   0.0088703187152
9.36   0.0088060923465
9.37   0.0087423225707
9.38   0.0086790062312
9.39   0.0086161401921
9.4   0.0085537213385
9.41   0.0084917465761
9.42   0.0084302128309
9.43   0.0083691170494
9.44   0.0083084561986
9.45   0.0082482272652
9.46   0.0081884272562
9.47   0.0081290531985
9.48   0.0080701021385
9.49   0.0080115711425
9.5   0.0079534572963
9.51   0.007895757705
9.52   0.0078384694929
9.53   0.0077815898036
9.54   0.0077251157997
9.55   0.0076690446627
9.56   0.0076133735929
9.57   0.0075580998092
9.58   0.0075032205493
9.59   0.0074487330691
9.6   0.007394634643
9.61   0.0073409225634
9.62   0.0072875941411
9.63   0.0072346467047
9.64   0.0071820776006
9.65   0.0071298841933
9.66   0.0070780638645
9.67   0.0070266140138
9.68   0.0069755320581
9.69   0.0069248154316
9.7   0.0068744615858
9.71   0.0068244679892
9.72   0.0067748321274
9.73   0.0067255515027
9.74   0.0066766236345
9.75   0.0066280460586
9.76   0.0065798163275
9.77   0.0065319320101
9.78   0.0064843906917
9.79   0.0064371899739
9.8   0.0063903274743
9.81   0.0063438008268
9.82   0.006297607681
9.83   0.0062517457026
9.84   0.0062062125728
9.85   0.0061610059886
9.86   0.0061161236626
9.87   0.0060715633226
9.88   0.006027322712
9.89   0.0059833995894
9.9   0.0059397917285
9.91   0.0058964969181
9.92   0.0058535129619
9.93   0.0058108376786
9.94   0.0057684689016
9.95   0.0057264044788
9.96   0.0056846422731
9.97   0.0056431801615
9.98   0.0056020160356
9.99   0.0055611478012
10   0.0055205733785
10.01   0.0054802907015
10.02   0.0054402977186
10.03   0.0054005923919
10.04   0.0053611726974
10.05   0.0053220366249
10.06   0.0052831821779
10.07   0.0052446073734
10.08   0.0052063102419
10.09   0.0051682888274
10.1   0.0051305411873
10.11   0.0050930653919
10.12   0.005055859525
10.13   0.0050189216834
10.14   0.0049822499767
10.15   0.0049458425277
10.16   0.0049096974716
10.17   0.0048738129568
10.18   0.004838187144
10.19   0.0048028182067
10.2   0.0047677043307
10.21   0.0047328437144
10.22   0.0046982345683
10.23   0.0046638751154
10.24   0.0046297635905
10.25   0.004595898241
10.26   0.0045622773259
10.27   0.0045288991162
10.28   0.0044957618949
10.29   0.0044628639567
10.3   0.0044302036079
10.31   0.0043977791666
10.32   0.0043655889622
10.33   0.0043336313359
10.34   0.00430190464
10.35   0.0042704072383
10.36   0.0042391375058
10.37   0.0042080938286
10.38   0.0041772746039
10.39   0.0041466782402
10.4   0.0041163031565
10.41   0.004086147783
10.42   0.0040562105608
10.43   0.0040264899413
10.44   0.0039969843871
10.45   0.0039676923709
10.46   0.0039386123764
10.47   0.0039097428974
10.48   0.0038810824383
10.49   0.0038526295137
10.5   0.0038243826485
10.51   0.0037963403779
10.52   0.003768501247
10.53   0.0037408638111
10.54   0.0037134266354
10.55   0.0036861882952
10.56   0.0036591473754
10.57   0.0036323024709
10.58   0.0036056521863
10.59   0.0035791951357
10.6   0.003552929943
10.61   0.0035268552414
10.62   0.0035009696739
10.63   0.0034752718926
10.64   0.0034497605591
10.65   0.0034244343442
10.66   0.003399291928
10.67   0.0033743319998
10.68   0.0033495532578
10.69   0.0033249544095
10.7   0.0033005341711
10.71   0.003276291268
10.72   0.0032522244342
10.73   0.0032283324128
10.74   0.0032046139553
10.75   0.0031810678221
10.76   0.0031576927822
10.77   0.0031344876131
10.78   0.0031114511009
10.79   0.0030885820401
10.8   0.0030658792336
10.81   0.0030433414927
10.82   0.0030209676368
10.83   0.0029987564938
10.84   0.0029767068996
10.85   0.0029548176981
10.86   0.0029330877417
10.87   0.0029115158903
10.88   0.0028901010122
10.89   0.0028688419832
10.9   0.0028477376872
10.91   0.0028267870159
10.92   0.0028059888687
10.93   0.0027853421526
10.94   0.0027648457824
10.95   0.0027444986805
10.96   0.0027242997766
10.97   0.0027042480081
10.98   0.0026843423198
10.99   0.0026645816638
11   0.0026449649998
11.01   0.0026254912945
11.02   0.0026061595219
11.03   0.0025869686633
11.04   0.002567917707
11.05   0.0025490056486
11.06   0.0025302314905
11.07   0.0025115942423
11.08   0.0024930929204
11.09   0.0024747265483
11.1   0.002456494156
11.11   0.0024383947807
11.12   0.0024204274663
11.13   0.0024025912631
11.14   0.0023848852284
11.15   0.0023673084261
11.16   0.0023498599265
11.17   0.0023325388066
11.18   0.0023153441499
11.19   0.0022982750462
11.2   0.0022813305919
11.21   0.0022645098895
11.22   0.0022478120482
11.23   0.0022312361831
11.24   0.0022147814157
11.25   0.0021984468738
11.26   0.0021822316911
11.27   0.0021661350076
11.28   0.0021501559694
11.29   0.0021342937284
11.3   0.0021185474426
11.31   0.0021029162761
11.32   0.0020873993986
11.33   0.0020719959859
11.34   0.0020567052196
11.35   0.0020415262869
11.36   0.0020264583809
11.37   0.0020115007005
11.38   0.00199665245
11.39   0.0019819128394
11.4   0.0019672810845
11.41   0.0019527564064
11.42   0.0019383380319
11.43   0.0019240251931
11.44   0.0019098171275
11.45   0.0018957130783
11.46   0.0018817122938
11.47   0.0018678140277
11.48   0.0018540175389
11.49   0.0018403220918
11.5   0.0018267269557
11.51   0.0018132314053
11.52   0.0017998347203
11.53   0.0017865361856
11.54   0.0017733350912
11.55   0.0017602307321
11.56   0.0017472224082
11.57   0.0017343094246
11.58   0.0017214910911
11.59   0.0017087667225
11.6   0.0016961356384
11.61   0.0016835971635
11.62   0.0016711506269
11.63   0.0016587953628
11.64   0.0016465307099
11.65   0.0016343560118
11.66   0.0016222706166
11.67   0.0016102738771
11.68   0.0015983651507
11.69   0.0015865437994
11.7   0.0015748091898
11.71   0.0015631606929
11.72   0.0015515976841
11.73   0.0015401195435
11.74   0.0015287256555
11.75   0.0015174154087
11.76   0.0015061881964
11.77   0.0014950434159
11.78   0.001483980469
11.79   0.0014729987618
11.8   0.0014620977043
11.81   0.0014512767112
11.82   0.0014405352011
11.83   0.0014298725966
11.84   0.0014192883248
11.85   0.0014087818165
11.86   0.0013983525069
11.87   0.0013879998351
11.88   0.001377723244
11.89   0.0013675221809
11.9   0.0013573960967
11.91   0.0013473444463
11.92   0.0013373666887
11.93   0.0013274622864
11.94   0.0013176307061
11.95   0.0013078714182
11.96   0.0012981838968
11.97   0.0012885676197
11.98   0.0012790220688
11.99   0.0012695467293
12   0.0012601410902
12.01   0.0012508046444
12.02   0.001241536888
12.03   0.0012323373212
12.04   0.0012232054473
12.05   0.0012141407736
12.06   0.0012051428105
12.07   0.0011962110724
12.08   0.0011873450766
12.09   0.0011785443444
12.1   0.0011698084002
12.11   0.0011611367719
12.12   0.0011525289909
12.13   0.0011439845918
12.14   0.0011355031126
12.15   0.0011270840946
12.16   0.0011187270825
12.17   0.0011104316241
12.18   0.0011021972706
12.19   0.0010940235762
12.2   0.0010859100986
12.21   0.0010778563986
12.22   0.0010698620399
12.23   0.0010619265896
12.24   0.0010540496178
12.25   0.0010462306979
12.26   0.001038469406
12.27   0.0010307653215
12.28   0.0010231180268
12.29   0.0010155271073
12.3   0.0010079921513
12.31   0.0010005127501
12.32   0.00099308849804
12.33   0.00098571899225
12.34   0.00097840383283
12.35   0.00097114262273
12.36   0.00096393496779
12.37   0.00095678047665
12.38   0.00094967876082
12.39   0.00094262943455
12.4   0.00093563211493
12.41   0.00092868642177
12.42   0.00092179197763
12.43   0.00091494840779
12.44   0.00090815534025
12.45   0.00090141240567
12.46   0.00089471923738
12.47   0.00088807547137
12.48   0.00088148074623
12.49   0.00087493470319
12.5   0.00086843698604
12.51   0.00086198724117
12.52   0.00085558511748
12.53   0.00084923026646
12.54   0.00084292234209
12.55   0.00083666100083
12.56   0.00083044590166
12.57   0.00082427670601
12.58   0.00081815307773
12.59   0.00081207468314
12.6   0.00080604119095
12.61   0.00080005227227
12.62   0.00079410760058
12.63   0.00078820685174
12.64   0.00078234970394
12.65   0.0007765358377
12.66   0.00077076493584
12.67   0.00076503668351
12.68   0.0007593507681
12.69   0.00075370687928
12.7   0.00074810470897
12.71   0.00074254395132
12.72   0.00073702430268
12.73   0.00073154546162
12.74   0.00072610712888
12.75   0.00072070900737
12.76   0.00071535080215
12.77   0.00071003222042
12.78   0.0007047529715
12.79   0.00069951276683
12.8   0.00069431131991
12.81   0.00068914834636
12.82   0.00068402356382
12.83   0.00067893669201
12.84   0.00067388745266
12.85   0.00066887556954
12.86   0.00066390076841
12.87   0.00065896277701
12.88   0.00065406132509
12.89   0.00064919614431
12.9   0.00064436696833
12.91   0.00063957353272
12.92   0.00063481557495
12.93   0.00063009283444
12.94   0.00062540505246
12.95   0.00062075197219
12.96   0.00061613333866
12.97   0.00061154889874
12.98   0.00060699840118
12.99   0.00060248159651
13   0.00059799823711
13.01   0.00059354807714
13.02   0.00058913087254
13.03   0.00058474638105
13.04   0.00058039436215
13.05   0.00057607457707
13.06   0.00057178678879
13.07   0.000567530762
13.08   0.00056330626311
13.09   0.00055911306024
13.1   0.00055495092317
13.11   0.00055081962337
13.12   0.00054671893398
13.13   0.00054264862977
13.14   0.00053860848718
13.15   0.00053459828427
13.16   0.00053061780069
13.17   0.00052666681772
13.18   0.00052274511822
13.19   0.00051885248665
13.2   0.00051498870903
13.21   0.00051115357292
13.22   0.00050734686746
13.23   0.0005035683833
13.24   0.00049981791264
13.25   0.00049609524917
13.26   0.0004924001881
13.27   0.00048873252614
13.28   0.00048509206145
13.29   0.0004814785937
13.3   0.000477891924
13.31   0.00047433185491
13.32   0.00047079819045
13.33   0.00046729073604
13.34   0.00046380929854
13.35   0.00046035368622
13.36   0.00045692370874
13.37   0.00045351917716
13.38   0.0004501399039
13.39   0.00044678570277
13.4   0.00044345638893
13.41   0.00044015177889
13.42   0.0004368716905
13.43   0.00043361594294
13.44   0.00043038435672
13.45   0.00042717675363
13.46   0.00042399295681
13.47   0.00042083279067
13.48   0.00041769608088
13.49   0.00041458265442
13.5   0.00041149233951
13.51   0.00040842496564
13.52   0.00040538036355
13.53   0.00040235836519
13.54   0.00039935880377
13.55   0.00039638151371
13.56   0.00039342633064
13.57   0.00039049309137
13.58   0.00038758163395
13.59   0.00038469179757
13.6   0.00038182342262
13.61   0.00037897635066
13.62   0.0003761504244
13.63   0.0003733454877
13.64   0.00037056138557
13.65   0.00036779796415
13.66   0.00036505507072
13.67   0.00036233255365
13.68   0.00035963026244
13.69   0.00035694804769
13.7   0.0003542857611
13.71   0.00035164325544
13.72   0.00034902038456
13.73   0.00034641700341
13.74   0.00034383296795
13.75   0.00034126813526
13.76   0.0003387223634
13.77   0.00033619551152
13.78   0.00033368743978
13.79   0.00033119800938
13.8   0.00032872708251
13.81   0.00032627452241
13.82   0.00032384019329
13.83   0.00032142396037
13.84   0.00031902568985
13.85   0.00031664524892
13.86   0.00031428250574
13.87   0.00031193732944
13.88   0.0003096095901
13.89   0.00030729915876
13.9   0.00030500590742
13.91   0.000302729709
13.92   0.00030047043735
13.93   0.00029822796725
13.94   0.00029600217442
13.95   0.00029379293547
13.96   0.00029160012791
13.97   0.00028942363018
13.98   0.00028726332158
13.99   0.00028511908232
14   0.00028299079347
14.01   0.00028087833698
14.02   0.00027878159569
14.03   0.00027670045325
14.04   0.00027463479422
14.05   0.00027258450397
14.06   0.00027054946873
14.07   0.00026852957556
14.08   0.00026652471235
14.09   0.00026453476781
14.1   0.00026255963148
14.11   0.0002605991937
14.12   0.00025865334563
14.13   0.00025672197921
14.14   0.0002548049872
14.15   0.00025290226311
14.16   0.00025101370129
14.17   0.0002491391968
14.18   0.00024727864553
14.19   0.00024543194411
14.2   0.00024359898992
14.21   0.00024177968111
14.22   0.00023997391658
14.23   0.00023818159597
14.24   0.00023640261966
14.25   0.00023463688875
14.26   0.00023288430509
14.27   0.00023114477123
14.28   0.00022941819047
14.29   0.00022770446677
14.3   0.00022600350486
14.31   0.00022431521012
14.32   0.00022263948865
14.33   0.00022097624723
14.34   0.00021932539335
14.35   0.00021768683515
14.36   0.00021606048147
14.37   0.0002144462418
14.38   0.00021284402633
14.39   0.00021125374587
14.4   0.00020967531192
14.41   0.00020810863662
14.42   0.00020655363275
14.43   0.00020501021374
14.44   0.00020347829366
14.45   0.00020195778721
14.46   0.00020044860972
14.47   0.00019895067715
14.48   0.00019746390607
14.49   0.00019598821367
14.5   0.00019452351774
14.51   0.0001930697367
14.52   0.00019162678954
14.53   0.00019019459587
14.54   0.0001887730759
14.55   0.0001873621504
14.56   0.00018596174074
14.57   0.00018457176887
14.58   0.00018319215732
14.59   0.00018182282919
14.6   0.00018046370813
14.61   0.00017911471837
14.62   0.00017777578471
14.63   0.00017644683247
14.64   0.00017512778756
14.65   0.00017381857642
14.66   0.00017251912602
14.67   0.00017122936389
14.68   0.00016994921808
14.69   0.00016867861718
14.7   0.0001674174903
14.71   0.00016616576709
14.72   0.0001649233777
14.73   0.00016369025279
14.74   0.00016246632356
14.75   0.0001612515217
14.76   0.00016004577941
14.77   0.00015884902938
14.78   0.00015766120481
14.79   0.00015648223938
14.8   0.00015531206728
14.81   0.00015415062317
14.82   0.0001529978422
14.83   0.00015185365999
14.84   0.00015071801265
14.85   0.00014959083676
14.86   0.00014847206935
14.87   0.00014736164793
14.88   0.00014625951048
14.89   0.00014516559542
14.9   0.00014407984163
14.91   0.00014300218846
14.92   0.00014193257569
14.93   0.00014087094354
14.94   0.00013981723269
14.95   0.00013877138424
14.96   0.00013773333975
14.97   0.00013670304118
14.98   0.00013568043095
14.99   0.00013466545189
15   0.00013365804726
15.01   0.00013265816072
15.02   0.00013166573638
15.03   0.00013068071874
15.04   0.0001297030527
15.05   0.00012873268361
15.06   0.00012776955718
15.07   0.00012681361955
15.08   0.00012586481724
15.09   0.00012492309718
15.1   0.00012398840668
15.11   0.00012306069345
15.12   0.00012213990559
15.13   0.00012122599157
15.14   0.00012031890024
15.15   0.00011941858086
15.16   0.00011852498303
15.17   0.00011763805673
15.18   0.00011675775234
15.19   0.00011588402056
15.2   0.0001150168125
15.21   0.0001141560796
15.22   0.00011330177367
15.23   0.00011245384688
15.24   0.00011161225176
15.25   0.00011077694117
15.26   0.00010994786834
15.27   0.00010912498685
15.28   0.0001083082506
15.29   0.00010749761384
15.3   0.00010669303118
15.31   0.00010589445754
15.32   0.00010510184818
15.33   0.00010431515871
15.34   0.00010353434504
15.35   0.00010275936342
15.36   0.00010199017044
15.37   0.00010122672299
15.38   0.00010046897829
15.39   9.9716893869e-05
15.4   9.8970427577e-05
15.41   9.8229537577e-05
15.42   9.7494182339e-05
15.43   9.6764320642e-05
15.44   9.6039911572e-05
15.45   9.5320914516e-05
15.46   9.4607289164e-05
15.47   9.3898995504e-05
15.48   9.319599382e-05
15.49   9.2498244693e-05
15.5   9.1805708993e-05
15.51   9.111834788e-05
15.52   9.0436122805e-05
15.53   8.9758995507e-05
15.54   8.9086928004e-05
15.55   8.8419882599e-05
15.56   8.7757821872e-05
15.57   8.7100708682e-05
15.58   8.6448506164e-05
15.59   8.5801177726e-05
15.6   8.5158687046e-05
15.61   8.4520998075e-05
15.62   8.3888075027e-05
15.63   8.3259882386e-05
15.64   8.2636384896e-05
15.65   8.2017547566e-05
15.66   8.1403335661e-05
15.67   8.0793714706e-05
15.68   8.0188650482e-05
15.69   7.9588109023e-05
15.7   7.8992056613e-05
15.71   7.8400459792e-05
15.72   7.7813285346e-05
15.73   7.7230500306e-05
15.74   7.6652071951e-05
15.75   7.6077967798e-05
15.76   7.550815561e-05
15.77   7.4942603387e-05
15.78   7.4381279367e-05
15.79   7.3824152023e-05
15.8   7.3271190063e-05
15.81   7.2722362429e-05
15.82   7.217763829e-05
15.83   7.1636987048e-05
15.84   7.1100378329e-05
15.85   7.0567781986e-05
15.86   7.0039168096e-05
15.87   6.9514506959e-05
15.88   6.8993769091e-05
15.89   6.8476925233e-05
15.9   6.7963946343e-05
15.91   6.7454803591e-05
15.92   6.6949468366e-05
15.93   6.6447912265e-05
15.94   6.5950107099e-05
15.95   6.5456024887e-05
15.96   6.4965637857e-05
15.97   6.4478918443e-05
15.98   6.3995839282e-05
15.99   6.3516373218e-05
16   6.3040493293e-05
16.01   6.2568172754e-05
16.02   6.2099385041e-05
16.03   6.1634103797e-05
16.04   6.1172302858e-05
16.05   6.0713956254e-05
16.06   6.025903821e-05
16.07   5.980752314e-05
16.08   5.9359385649e-05
16.09   5.8914600535e-05
16.1   5.847314278e-05
16.11   5.8034987552e-05
16.12   5.7600110203e-05
16.13   5.7168486272e-05
16.14   5.6740091474e-05
16.15   5.6314901711e-05
16.16   5.5892893058e-05
16.17   5.5474041773e-05
16.18   5.5058324288e-05
16.19   5.4645717211e-05
16.2   5.4236197324e-05
16.21   5.3829741581e-05
16.22   5.3426327108e-05
16.23   5.3025931203e-05
16.24   5.2628531329e-05
16.25   5.223410512e-05
16.26   5.1842630374e-05
16.27   5.1454085053e-05
16.28   5.1068447289e-05
16.29   5.0685695373e-05
16.3   5.0305807758e-05
16.31   4.9928763056e-05
16.32   4.9554540041e-05
16.33   4.9183117642e-05
16.34   4.8814474946e-05
16.35   4.8448591196e-05
16.36   4.808544579e-05
16.37   4.7725018277e-05
16.38   4.7367288361e-05
16.39   4.7012235895e-05
16.4   4.6659840883e-05
16.41   4.6310083479e-05
16.42   4.5962943981e-05
16.43   4.5618402838e-05
16.44   4.5276440643e-05
16.45   4.4937038132e-05
16.46   4.4600176183e-05
16.47   4.4265835821e-05
16.48   4.3933998212e-05
16.49   4.360464466e-05
16.5   4.3277756608e-05
16.51   4.2953315639e-05
16.52   4.2631303472e-05
16.53   4.2311701962e-05
16.54   4.19944931e-05
16.55   4.167965901e-05
16.56   4.1367181951e-05
16.57   4.1057044311e-05
16.58   4.0749228612e-05
16.59   4.0443717506e-05
16.6   4.0140493772e-05
16.61   3.983954032e-05
16.62   3.9540840185e-05
16.63   3.924437653e-05
16.64   3.8950132644e-05
16.65   3.8658091938e-05
16.66   3.8368237945e-05
16.67   3.8080554327e-05
16.68   3.7795024865e-05
16.69   3.751163346e-05
16.7   3.7230364134e-05
16.71   3.6951201027e-05
16.72   3.6674128396e-05
16.73   3.639913062e-05
16.74   3.6126192189e-05
16.75   3.5855297711e-05
16.76   3.558643191e-05
16.77   3.5319579622e-05
16.78   3.5054725796e-05
16.79   3.4791855494e-05
16.8   3.4530953889e-05
16.81   3.4272006265e-05
16.82   3.4014998014e-05
16.83   3.375991464e-05
16.84   3.3506741752e-05
16.85   3.3255465069e-05
16.86   3.300607041e-05
16.87   3.2758543709e-05
16.88   3.2512871e-05
16.89   3.2269038422e-05
16.9   3.2027032218e-05
16.91   3.1786838731e-05
16.92   3.154844441e-05
16.93   3.13118358e-05
16.94   3.107699955e-05
16.95   3.0843922409e-05
16.96   3.0612591221e-05
16.97   3.0382992931e-05
16.98   3.0155114582e-05
16.99   2.9928943312e-05
17   2.9704466354e-05
17.01   2.9481671039e-05
17.02   2.9260544791e-05
17.03   2.9041075127e-05
17.04   2.8823249659e-05
17.05   2.860705609e-05
17.06   2.8392482213e-05
17.07   2.8179515916e-05
17.08   2.7968145176e-05
17.09   2.7758358059e-05
17.1   2.7550142721e-05
17.11   2.7343487405e-05
17.12   2.7138380443e-05
17.13   2.6934810254e-05
17.14   2.6732765341e-05
17.15   2.6532234297e-05
17.16   2.6333205796e-05
17.17   2.6135668599e-05
17.18   2.5939611551e-05
17.19   2.5745023578e-05
17.2   2.5551893691e-05
17.21   2.5360210981e-05
17.22   2.5169964623e-05
17.23   2.498114387e-05
17.24   2.4793738057e-05
17.25   2.4607736598e-05
17.26   2.4423128986e-05
17.27   2.423990479e-05
17.28   2.4058053663e-05
17.29   2.387756533e-05
17.3   2.3698429595e-05
17.31   2.3520636338e-05
17.32   2.3344175513e-05
17.33   2.316903715e-05
17.34   2.2995211355e-05
17.35   2.2822688305e-05
17.36   2.2651458251e-05
17.37   2.2481511519e-05
17.38   2.2312838504e-05
17.39   2.2145429676e-05
17.4   2.1979275574e-05
17.41   2.1814366807e-05
17.42   2.1650694057e-05
17.43   2.1488248072e-05
17.44   2.1327019672e-05
17.45   2.1166999745e-05
17.46   2.1008179245e-05
17.47   2.0850549195e-05
17.48   2.0694100685e-05
17.49   2.0538824872e-05
17.5   2.038471298e-05
17.51   2.0231756297e-05
17.52   2.0079946175e-05
17.53   1.9929274033e-05
17.54   1.9779731354e-05
17.55   1.9631309682e-05
17.56   1.9484000626e-05
17.57   1.9337795858e-05
17.58   1.9192687112e-05
17.59   1.9048666183e-05
17.6   1.8905724927e-05
17.61   1.8763855262e-05
17.62   1.8623049167e-05
17.63   1.8483298678e-05
17.64   1.8344595894e-05
17.65   1.820693297e-05
17.66   1.8070302122e-05
17.67   1.7934695623e-05
17.68   1.7800105802e-05
17.69   1.7666525047e-05
17.7   1.7533945806e-05
17.71   1.7402360579e-05
17.72   1.7271761923e-05
17.73   1.7142142453e-05
17.74   1.7013494836e-05
17.75   1.6885811796e-05
17.76   1.675908611e-05
17.77   1.6633310609e-05
17.78   1.6508478179e-05
17.79   1.6384581758e-05
17.8   1.6261614336e-05
17.81   1.6139568958e-05
17.82   1.6018438719e-05
17.83   1.5898216765e-05
17.84   1.5778896295e-05
17.85   1.5660470557e-05
17.86   1.5542932852e-05
17.87   1.5426276529e-05
17.88   1.5310494987e-05
17.89   1.5195581674e-05
17.9   1.5081530087e-05
17.91   1.4968333773e-05
17.92   1.4855986328e-05
17.93   1.4744481393e-05
17.94   1.4633812658e-05
17.95   1.4523973861e-05
17.96   1.4414958785e-05
17.97   1.4306761261e-05
17.98   1.4199375164e-05
17.99   1.4092794418e-05
18   1.3987012991e-05
18.01   1.3882024894e-05
18.02   1.3777824185e-05
18.03   1.3674404967e-05
18.04   1.3571761385e-05
18.05   1.3469887629e-05
18.06   1.3368777933e-05
18.07   1.3268426573e-05
18.08   1.3168827869e-05
18.09   1.3069976181e-05
18.1   1.2971865914e-05
18.11   1.2874491512e-05
18.12   1.2777847463e-05
18.13   1.2681928297e-05
18.14   1.2586728582e-05
18.15   1.2492242929e-05
18.16   1.2398465988e-05
18.17   1.230539245e-05
18.18   1.2213017044e-05
18.19   1.212133454e-05
18.2   1.2030339747e-05
18.21   1.1940027511e-05
18.22   1.185039272e-05
18.23   1.1761430296e-05
18.24   1.1673135203e-05
18.25   1.158550244e-05
18.26   1.1498527045e-05
18.27   1.1412204092e-05
18.28   1.1326528691e-05
18.29   1.1241495992e-05
18.3   1.1157101177e-05
18.31   1.1073339468e-05
18.32   1.0990206119e-05
18.33   1.0907696421e-05
18.34   1.0825805702e-05
18.35   1.0744529324e-05
18.36   1.0663862682e-05
18.37   1.0583801208e-05
18.38   1.0504340367e-05
18.39   1.0425475657e-05
18.4   1.0347202611e-05
18.41   1.0269516795e-05
18.42   1.0192413808e-05
18.43   1.0115889281e-05
18.44   1.0039938881e-05
18.45   9.9645583039e-06
18.46   9.889743279e-06
18.47   9.8154895678e-06
18.48   9.7417929633e-06
18.49   9.6686492901e-06
18.5   9.596054404e-06
18.51   9.5240041918e-06
18.52   9.452494571e-06
18.53   9.3815214897e-06
18.54   9.311080926e-06
18.55   9.2411688876e-06
18.56   9.1717814141e-06
18.57   9.1029145738e-06
18.58   9.034564464e-06
18.59   8.9667272115e-06
18.6   8.8993989721e-06
18.61   8.8325759302e-06
18.62   8.7662542988e-06
18.63   8.7004303195e-06
18.64   8.6351002616e-06
18.65   8.5702604226e-06
18.66   8.5059071277e-06
18.67   8.4420367296e-06
18.68   8.3786456082e-06
18.69   8.3157301706e-06
18.7   8.2532868507e-06
18.71   8.1913121092e-06
18.72   8.1298024333e-06
18.73   8.0687543364e-06
18.74   8.008164358e-06
18.75   7.9480290636e-06
