0   -1.4158833828e-11
0.01   0.0078661793913
0.02   0.015717940076
0.03   0.023540902132
0.04   0.031320763111
0.05   0.039043336355
0.06   0.046694588845
0.07   0.054260678427
0.08   0.061727990235
0.09   0.069083172207
0.1   0.07631316951
0.11   0.083405257781
0.12   0.090347075026
0.13   0.097126652086
0.14   0.10373244153
0.15   0.11015334493
0.16   0.11637873834
0.17   0.12239849598
0.18   0.12820301207
0.19   0.13378322062
0.2   0.1391306133
0.21   0.14423725522
0.22   0.14909579871
0.23   0.15369949493
0.24   0.15804220348
0.25   0.16211839988
0.26   0.16592318097
0.27   0.16945226831
0.28   0.1727020095
0.29   0.17566937759
0.3   0.17835196847
0.31   0.18074799643
0.32   0.18285628794
0.33   0.18467627355
0.34   0.1862079782
0.35   0.18745200988
0.36   0.18840954674
0.37   0.18908232275
0.38   0.18947261198
0.39   0.18958321158
0.4   0.18941742356
0.41   0.18897903542
0.42   0.18827229981
0.43   0.18730191316
0.44   0.18607299355
0.45   0.18459105768
0.46   0.18286199729
0.47   0.18089205489
0.48   0.178687799
0.49   0.17625609899
0.5   0.17360409952
0.51   0.17073919475
0.52   0.16766900238
0.53   0.16440133751
0.54   0.16094418656
0.55   0.15730568118
0.56   0.15349407232
0.57   0.14951770445
0.58   0.14538499013
0.59   0.14110438485
0.6   0.13668436232
0.61   0.13213339025
0.62   0.12745990671
0.63   0.12267229702
0.64   0.11777887146
0.65   0.11278784368
0.66   0.10770730988
0.67   0.10254522897
0.68   0.097309403579
0.69   0.09200746217
0.7   0.0866468421
0.71   0.081234773856
0.72   0.075778266424
0.73   0.070284093853
0.74   0.064758783065
0.75   0.059208602932
0.76   0.053639554661
0.77   0.048057363501
0.78   0.042467471806
0.79   0.036875033451
0.8   0.031284909616
0.81   0.025701665941
0.82   0.020129571035
0.83   0.014572596329
0.84   0.009034417257
0.85   0.0035184157237
0.86   -0.0019723161639
0.87   -0.0074349711574
0.88   -0.012867020763
0.89   -0.018266208037
0.9   -0.023630539337
0.91   -0.028958275109
0.92   -0.034247919787
0.93   -0.039498210877
0.94   -0.044708107326
0.95   -0.049876777259
0.96   -0.055003585183
0.97   -0.060088078756
0.98   -0.065129975213
0.99   -0.070129147567
1   -0.075085610663
1.01   -0.079999507206
1.02   -0.084871093851
1.03   -0.089700727455
1.04   -0.094488851581
1.05   -0.099235983348
1.06   -0.10394270071
1.07   -0.10860963024
1.08   -0.1132374355
1.09   -0.11782680602
1.1   -0.12237844705
1.11   -0.12689306999
1.12   -0.13137138365
1.13   -0.13581408634
1.14   -0.14022185875
1.15   -0.14459535779
1.16   -0.14893521121
1.17   -0.15324201311
1.18   -0.1575163203
1.19   -0.16175864949
1.2   -0.16596947527
1.21   -0.17014922883
1.22   -0.17429829744
1.23   -0.17841702451
1.24   -0.18250571037
1.25   -0.18656461345
1.26   -0.19059395209
1.27   -0.19459390659
1.28   -0.19856462175
1.29   -0.20250620957
1.3   -0.20641875217
1.31   -0.21030230482
1.32   -0.21415689906
1.33   -0.2179825457
1.34   -0.22177923784
1.35   -0.22554695368
1.36   -0.22928565913
1.37   -0.2329953102
1.38   -0.2366758551
1.39   -0.24032723595
1.4   -0.24394939017
1.41   -0.24754225156
1.42   -0.25110575315
1.43   -0.25463983032
1.44   -0.25814442575
1.45   -0.26161949188
1.46   -0.26506499045
1.47   -0.26848089276
1.48   -0.27186717922
1.49   -0.27522384065
1.5   -0.27855087932
1.51   -0.28184830948
1.52   -0.28511615836
1.53   -0.28835446727
1.54   -0.29156329275
1.55   -0.29474270791
1.56   -0.2978928037
1.57   -0.30101369037
1.58   -0.30410549891
1.59   -0.30716838246
1.6   -0.31020251769
1.61   -0.31320810607
1.62   -0.31618537495
1.63   -0.31913457845
1.64   -0.32205599798
1.65   -0.3249499424
1.66   -0.3278167477
1.67   -0.3306567761
1.68   -0.33347041453
1.69   -0.33625807236
1.7   -0.33902017843
1.71   -0.34175717717
1.72   -0.34446952401
1.73   -0.34715767997
1.74   -0.34982210556
1.75   -0.35246325415
1.76   -0.35508156485
1.77   -0.35767745548
1.78   -0.36025131538
1.79   -0.36280349898
1.8   -0.36533431997
1.81   -0.36784404648
1.82   -0.3703328981
1.83   -0.37280104355
1.84   -0.37524860112
1.85   -0.3776756396
1.86   -0.38008218163
1.87   -0.38246820777
1.88   -0.38483366171
1.89   -0.38717845627
1.9   -0.38950247953
1.91   -0.39180560095
1.92   -0.39408767755
1.93   -0.39634855896
1.94   -0.39858809274
1.95   -0.40080612806
1.96   -0.40300251933
1.97   -0.40517712885
1.98   -0.40732982879
1.99   -0.40946050266
2   -0.41156904623
2.01   -0.41365536799
2.02   -0.41571938938
2.03   -0.41776104457
2.04   -0.41978028016
2.05   -0.42177705477
2.06   -0.4237513383
2.07   -0.42570311144
2.08   -0.42763236483
2.09   -0.42953909845
2.1   -0.43142332092
2.11   -0.43328504875
2.12   -0.43512430576
2.13   -0.43694112242
2.14   -0.43873553533
2.15   -0.4405075866
2.16   -0.44225732342
2.17   -0.44398479758
2.18   -0.44569006503
2.19   -0.44737318554
2.2   -0.44903422231
2.21   -0.45067324166
2.22   -0.45229031279
2.23   -0.45388550743
2.24   -0.45545889969
2.25   -0.4570105658
2.26   -0.45854058393
2.27   -0.46004903403
2.28   -0.46153599763
2.29   -0.46300155774
2.3   -0.46444579872
2.31   -0.46586880613
2.32   -0.46727066667
2.33   -0.46865146805
2.34   -0.47001129892
2.35   -0.47135024879
2.36   -0.47266840796
2.37   -0.47396586747
2.38   -0.47524271901
2.39   -0.47649905489
2.4   -0.47773496801
2.41   -0.47895055176
2.42   -0.48014590005
2.43   -0.48132110722
2.44   -0.48247626803
2.45   -0.48361147765
2.46   -0.48472683157
2.47   -0.48582242566
2.48   -0.48689835606
2.49   -0.48795471924
2.5   -0.48899161191
2.51   -0.49000913104
2.52   -0.49100737386
2.53   -0.49198643779
2.54   -0.49294642048
2.55   -0.49388741976
2.56   -0.49480953365
2.57   -0.49571286033
2.58   -0.49659749815
2.59   -0.4974635456
2.6   -0.49831110132
2.61   -0.49914026407
2.62   -0.49995113275
2.63   -0.50074380633
2.64   -0.50151838394
2.65   -0.50227496478
2.66   -0.50301364814
2.67   -0.5037345334
2.68   -0.50443772003
2.69   -0.50512330754
2.7   -0.50579139553
2.71   -0.50644208366
2.72   -0.50707547164
2.73   -0.50769165923
2.74   -0.50829074621
2.75   -0.50887283243
2.76   -0.50943801776
2.77   -0.50998640208
2.78   -0.51051808532
2.79   -0.5110331674
2.8   -0.51153174827
2.81   -0.51201392787
2.82   -0.51247980615
2.83   -0.51292948307
2.84   -0.51336305855
2.85   -0.51378063252
2.86   -0.51418230488
2.87   -0.51456817553
2.88   -0.51493834431
2.89   -0.51529291105
2.9   -0.51563197553
2.91   -0.51595563751
2.92   -0.51626399667
2.93   -0.51655715267
2.94   -0.51683520511
2.95   -0.51709825352
2.96   -0.51734639737
2.97   -0.51757973606
2.98   -0.51779836893
2.99   -0.51800239523
3   -0.51819191414
3.01   -0.51836702474
3.02   -0.51852782604
3.03   -0.51867441694
3.04   -0.51880689625
3.05   -0.51892536267
3.06   -0.51902991482
3.07   -0.51912065117
3.08   -0.51919767012
3.09   -0.51926106991
3.1   -0.5193109487
3.11   -0.5193474045
3.12   -0.51937053519
3.13   -0.51938043853
3.14   -0.51937721214
3.15   -0.51936095349
3.16   -0.51933175992
3.17   -0.51928972862
3.18   -0.51923495663
3.19   -0.51916754083
3.2   -0.51908757794
3.21   -0.51899516455
3.22   -0.51889039704
3.23   -0.51877337166
3.24   -0.51864418447
3.25   -0.51850293136
3.26   -0.51834970806
3.27   -0.51818461009
3.28   -0.51800773283
3.29   -0.51781917142
3.3   -0.51761902086
3.31   -0.51740737593
3.32   -0.51718433124
3.33   -0.51694998117
3.34   -0.51670441993
3.35   -0.51644774152
3.36   -0.51618003971
3.37   -0.51590140811
3.38   -0.51561194007
3.39   -0.51531172877
3.4   -0.51500086713
3.41   -0.51467944789
3.42   -0.51434756355
3.43   -0.51400530639
3.44   -0.51365276847
3.45   -0.5132900416
3.46   -0.51291721738
3.47   -0.51253438718
3.48   -0.51214164212
3.49   -0.51173907308
3.5   -0.51132677071
3.51   -0.51090482542
3.52   -0.51047332735
3.53   -0.51003236643
3.54   -0.50958203231
3.55   -0.50912241439
3.56   -0.50865360183
3.57   -0.50817568352
3.58   -0.50768874809
3.59   -0.50719288393
3.6   -0.50668817914
3.61   -0.50617472155
3.62   -0.50565259875
3.63   -0.50512189804
3.64   -0.50458270644
3.65   -0.50403511071
3.66   -0.50347919732
3.67   -0.50291505247
3.68   -0.50234276206
3.69   -0.50176241174
3.7   -0.50117408682
3.71   -0.50057787237
3.72   -0.49997385314
3.73   -0.4993621136
3.74   -0.4987427379
3.75   -0.49811580992
3.76   -0.49748141322
3.77   -0.49683963106
3.78   -0.4961905464
3.79   -0.49553424187
3.8   -0.49487079983
3.81   -0.49420030228
3.82   -0.49352283094
3.83   -0.49283846718
3.84   -0.49214729209
3.85   -0.49144938639
3.86   -0.49074483051
3.87   -0.49003370454
3.88   -0.48931608824
3.89   -0.48859206102
3.9   -0.487861702
3.91   -0.48712508991
3.92   -0.48638230317
3.93   -0.48563341985
3.94   -0.48487851769
3.95   -0.48411767405
3.96   -0.48335096596
3.97   -0.48257847011
3.98   -0.48180026282
3.99   -0.48101642005
4   -0.48022701741
4.01   -0.47943213015
4.02   -0.47863183314
4.03   -0.4778262009
4.04   -0.47701530758
4.05   -0.47619922695
4.06   -0.47537803242
4.07   -0.47455179702
4.08   -0.47372059338
4.09   -0.47288449379
4.1   -0.47204357014
4.11   -0.47119789392
4.12   -0.47034753625
4.13   -0.46949256787
4.14   -0.46863305912
4.15   -0.46776907993
4.16   -0.46690069987
4.17   -0.46602798808
4.18   -0.46515101334
4.19   -0.46426984398
4.2   -0.46338454798
4.21   -0.46249519288
4.22   -0.46160184582
4.23   -0.46070457355
4.24   -0.4598034424
4.25   -0.45889851827
4.26   -0.45798986668
4.27   -0.45707755272
4.28   -0.45616164106
4.29   -0.45524219597
4.3   -0.45431928128
4.31   -0.45339296042
4.32   -0.45246329638
4.33   -0.45153035173
4.34   -0.45059418864
4.35   -0.44965486883
4.36   -0.4487124536
4.37   -0.44776700383
4.38   -0.44681857997
4.39   -0.44586724202
4.4   -0.44491304958
4.41   -0.44395606181
4.42   -0.44299633743
4.43   -0.44203393474
4.44   -0.44106891158
4.45   -0.44010132539
4.46   -0.43913123317
4.47   -0.43815869146
4.48   -0.43718375639
4.49   -0.43620648364
4.5   -0.43522692847
4.51   -0.43424514569
4.52   -0.43326118968
4.53   -0.43227511437
4.54   -0.43128697327
4.55   -0.43029681945
4.56   -0.42930470554
4.57   -0.42831068374
4.58   -0.42731480579
4.59   -0.42631712303
4.6   -0.42531768633
4.61   -0.42431654615
4.62   -0.42331375251
4.63   -0.42230935497
4.64   -0.42130340269
4.65   -0.42029594437
4.66   -0.4192870283
4.67   -0.41827670231
4.68   -0.41726501382
4.69   -0.41625200981
4.7   -0.41523773684
4.71   -0.41422224102
4.72   -0.41320556804
4.73   -0.41218776317
4.74   -0.41116887124
4.75   -0.41014893667
4.76   -0.40912800345
4.77   -0.40810611513
4.78   -0.40708331486
4.79   -0.40605964536
4.8   -0.40503514893
4.81   -0.40400986745
4.82   -0.40298384238
4.83   -0.40195711477
4.84   -0.40092972526
4.85   -0.39990171407
4.86   -0.39887312101
4.87   -0.39784398547
4.88   -0.39681434646
4.89   -0.39578424255
4.9   -0.39475371194
4.91   -0.39372279239
4.92   -0.39269152128
4.93   -0.39165993559
4.94   -0.39062807191
4.95   -0.38959596641
4.96   -0.38856365488
4.97   -0.38753117273
4.98   -0.38649855496
4.99   -0.38546583619
5   -0.38443305066
5.01   -0.38340023222
5.02   -0.38236741433
5.03   -0.38133463008
5.04   -0.38030191219
5.05   -0.37926929299
5.06   -0.37823680444
5.07   -0.37720447813
5.08   -0.37617234529
5.09   -0.37514043676
5.1   -0.37410878304
5.11   -0.37307741425
5.12   -0.37204636017
5.13   -0.37101565019
5.14   -0.36998531338
5.15   -0.36895537844
5.16   -0.36792587371
5.17   -0.3668968272
5.18   -0.36586826657
5.19   -0.36484021912
5.2   -0.36381271182
5.21   -0.36278577131
5.22   -0.36175942389
5.23   -0.36073369551
5.24   -0.3597086118
5.25   -0.35868419806
5.26   -0.35766047927
5.27   -0.35663748008
5.28   -0.35561522481
5.29   -0.35459373747
5.3   -0.35357304175
5.31   -0.35255316102
5.32   -0.35153411836
5.33   -0.35051593651
5.34   -0.34949863793
5.35   -0.34848224475
5.36   -0.34746677882
5.37   -0.34645226168
5.38   -0.34543871458
5.39   -0.34442615845
5.4   -0.34341461397
5.41   -0.34240410149
5.42   -0.3413946411
5.43   -0.3403862526
5.44   -0.33937895549
5.45   -0.33837276902
5.46   -0.33736771214
5.47   -0.33636380352
5.48   -0.33536106159
5.49   -0.33435950447
5.5   -0.33335915005
5.51   -0.33236001592
5.52   -0.33136211944
5.53   -0.33036547768
5.54   -0.32937010748
5.55   -0.32837602539
5.56   -0.32738324776
5.57   -0.32639179063
5.58   -0.32540166983
5.59   -0.32441290093
5.6   -0.32342549927
5.61   -0.32243947993
5.62   -0.32145485776
5.63   -0.32047164738
5.64   -0.31948986316
5.65   -0.31850951927
5.66   -0.31753062961
5.67   -0.31655320787
5.68   -0.31557726754
5.69   -0.31460282184
5.7   -0.31362988381
5.71   -0.31265846625
5.72   -0.31168858176
5.73   -0.31072024271
5.74   -0.30975346126
5.75   -0.30878824939
5.76   -0.30782461883
5.77   -0.30686258113
5.78   -0.30590214764
5.79   -0.3049433295
5.8   -0.30398613765
5.81   -0.30303058285
5.82   -0.30207667565
5.83   -0.30112442641
5.84   -0.30017384531
5.85   -0.29922494233
5.86   -0.29827772727
5.87   -0.29733220976
5.88   -0.29638839922
5.89   -0.29544630491
5.9   -0.29450593591
5.91   -0.29356730112
5.92   -0.29263040928
5.93   -0.29169526894
5.94   -0.29076188848
5.95   -0.28983027614
5.96   -0.28890043996
5.97   -0.28797238784
5.98   -0.2870461275
5.99   -0.28612166652
6   -0.2851990123
6.01   -0.2842781721
6.02   -0.28335915303
6.03   -0.28244196202
6.04   -0.28152660587
6.05   -0.28061309124
6.06   -0.27970142462
6.07   -0.27879161236
6.08   -0.27788366069
6.09   -0.27697757565
6.1   -0.27607336319
6.11   -0.2751710291
6.12   -0.27427057902
6.13   -0.27337201847
6.14   -0.27247535283
6.15   -0.27158058737
6.16   -0.27068772719
6.17   -0.26979677729
6.18   -0.26890774253
6.19   -0.26802062766
6.2   -0.26713543728
6.21   -0.26625217589
6.22   -0.26537084787
6.23   -0.26449145745
6.24   -0.26361400878
6.25   -0.26273850588
6.26   -0.26186495264
6.27   -0.26099335286
6.28   -0.2601237102
6.29   -0.25925602824
6.3   -0.25839031044
6.31   -0.25752656013
6.32   -0.25666478057
6.33   -0.25580497489
6.34   -0.25494714612
6.35   -0.2540912972
6.36   -0.25323743094
6.37   -0.2523855501
6.38   -0.25153565728
6.39   -0.25068775504
6.4   -0.2498418458
6.41   -0.24899793191
6.42   -0.24815601563
6.43   -0.24731609911
6.44   -0.24647818441
6.45   -0.24564227352
6.46   -0.24480836833
6.47   -0.24397647063
6.48   -0.24314658214
6.49   -0.2423187045
6.5   -0.24149283925
6.51   -0.24066898786
6.52   -0.2398471517
6.53   -0.23902733209
6.54   -0.23820953023
6.55   -0.23739374729
6.56   -0.23657998433
6.57   -0.23576824233
6.58   -0.23495852222
6.59   -0.23415082483
6.6   -0.23334515094
6.61   -0.23254150125
6.62   -0.23173987637
6.63   -0.23094027687
6.64   -0.23014270324
6.65   -0.22934715589
6.66   -0.22855363518
6.67   -0.22776214138
6.68   -0.22697267473
6.69   -0.22618523538
6.7   -0.22539982342
6.71   -0.22461643888
6.72   -0.22383508174
6.73   -0.22305575189
6.74   -0.22227844919
6.75   -0.22150317342
6.76   -0.22072992433
6.77   -0.21995870157
6.78   -0.21918950478
6.79   -0.2184223335
6.8   -0.21765718725
6.81   -0.21689406547
6.82   -0.21613296758
6.83   -0.21537389291
6.84   -0.21461684075
6.85   -0.21386181036
6.86   -0.21310880093
6.87   -0.21235781159
6.88   -0.21160884145
6.89   -0.21086188955
6.9   -0.21011695489
6.91   -0.20937403643
6.92   -0.20863313306
6.93   -0.20789424366
6.94   -0.20715736703
6.95   -0.20642250196
6.96   -0.20568964716
6.97   -0.20495880133
6.98   -0.20422996311
6.99   -0.20350313111
7   -0.20277830389
7.01   -0.20205547996
7.02   -0.20133465781
7.03   -0.20061583589
7.04   -0.1998990126
7.05   -0.1991841863
7.06   -0.19847135534
7.07   -0.19776051799
7.08   -0.19705167252
7.09   -0.19634481715
7.1   -0.19563995006
7.11   -0.19493706942
7.12   -0.19423617332
7.13   -0.19353725987
7.14   -0.19284032711
7.15   -0.19214537306
7.16   -0.1914523957
7.17   -0.190761393
7.18   -0.19007236288
7.19   -0.18938530322
7.2   -0.18870021191
7.21   -0.18801708676
7.22   -0.18733592559
7.23   -0.18665672618
7.24   -0.18597948626
7.25   -0.18530420357
7.26   -0.18463087579
7.27   -0.1839595006
7.28   -0.18329007563
7.29   -0.1826225985
7.3   -0.18195706679
7.31   -0.18129347807
7.32   -0.18063182988
7.33   -0.17997211972
7.34   -0.1793143451
7.35   -0.17865850348
7.36   -0.17800459229
7.37   -0.17735260897
7.38   -0.1767025509
7.39   -0.17605441546
7.4   -0.17540820001
7.41   -0.17476390187
7.42   -0.17412151836
7.43   -0.17348104677
7.44   -0.17284248437
7.45   -0.1722058284
7.46   -0.1715710761
7.47   -0.17093822467
7.48   -0.17030727131
7.49   -0.16967821318
7.5   -0.16905104744
7.51   -0.16842577123
7.52   -0.16780238167
7.53   -0.16718087584
7.54   -0.16656125084
7.55   -0.16594350373
7.56   -0.16532763155
7.57   -0.16471363134
7.58   -0.16410150011
7.59   -0.16349123487
7.6   -0.16288283259
7.61   -0.16227629025
7.62   -0.16167160479
7.63   -0.16106877316
7.64   -0.16046779227
7.65   -0.15986865905
7.66   -0.15927137037
7.67   -0.15867592313
7.68   -0.15808231419
7.69   -0.1574905404
7.7   -0.15690059861
7.71   -0.15631248563
7.72   -0.15572619829
7.73   -0.15514173339
7.74   -0.15455908771
7.75   -0.15397825804
7.76   -0.15339924114
7.77   -0.15282203376
7.78   -0.15224663265
7.79   -0.15167303453
7.8   -0.15110123613
7.81   -0.15053123416
7.82   -0.14996302531
7.83   -0.14939660627
7.84   -0.14883197372
7.85   -0.14826912433
7.86   -0.14770805475
7.87   -0.14714876163
7.88   -0.14659124162
7.89   -0.14603549133
7.9   -0.14548150739
7.91   -0.14492928641
7.92   -0.14437882499
7.93   -0.14383011972
7.94   -0.14328316718
7.95   -0.14273796396
7.96   -0.14219450662
7.97   -0.14165279172
7.98   -0.14111281581
7.99   -0.14057457544
8   -0.14003806713
8.01   -0.13950328743
8.02   -0.13897023285
8.03   -0.1384388999
8.04   -0.1379092851
8.05   -0.13738138495
8.06   -0.13685519593
8.07   -0.13633071453
8.08   -0.13580793725
8.09   -0.13528686054
8.1   -0.13476748088
8.11   -0.13424979473
8.12   -0.13373379855
8.13   -0.13321948879
8.14   -0.1327068619
8.15   -0.1321959143
8.16   -0.13168664244
8.17   -0.13117904275
8.18   -0.13067311165
8.19   -0.13016884556
8.2   -0.12966624089
8.21   -0.12916529405
8.22   -0.12866600145
8.23   -0.12816835948
8.24   -0.12767236454
8.25   -0.12717801303
8.26   -0.12668530132
8.27   -0.12619422581
8.28   -0.12570478287
8.29   -0.12521696887
8.3   -0.12473078019
8.31   -0.1242462132
8.32   -0.12376326425
8.33   -0.12328192971
8.34   -0.12280220594
8.35   -0.12232408929
8.36   -0.12184757611
8.37   -0.12137266275
8.38   -0.12089934556
8.39   -0.12042762087
8.4   -0.11995748502
8.41   -0.11948893436
8.42   -0.11902196521
8.43   -0.11855657391
8.44   -0.11809275678
8.45   -0.11763051016
8.46   -0.11716983037
8.47   -0.11671071373
8.48   -0.11625315656
8.49   -0.11579715517
8.5   -0.1153427059
8.51   -0.11488980504
8.52   -0.11443844892
8.53   -0.11398863385
8.54   -0.11354035614
8.55   -0.11309361209
8.56   -0.11264839801
8.57   -0.11220471021
8.58   -0.111762545
8.59   -0.11132189868
8.6   -0.11088276755
8.61   -0.11044514792
8.62   -0.11000903607
8.63   -0.10957442833
8.64   -0.10914132098
8.65   -0.10870971033
8.66   -0.10827959267
8.67   -0.1078509643
8.68   -0.10742382152
8.69   -0.10699816063
8.7   -0.10657397793
8.71   -0.1061512697
8.72   -0.10573003225
8.73   -0.10531026188
8.74   -0.10489195488
8.75   -0.10447510755
8.76   -0.10405971619
8.77   -0.10364577709
8.78   -0.10323328656
8.79   -0.10282224088
8.8   -0.10241263636
8.81   -0.1020044693
8.82   -0.101597736
8.83   -0.10119243276
8.84   -0.10078855587
8.85   -0.10038610165
8.86   -0.099985066395
8.87   -0.099585446405
8.88   -0.099187237988
8.89   -0.09879043745
8.9   -0.098395041097
8.91   -0.098001045238
8.92   -0.097608446181
8.93   -0.097217240237
8.94   -0.096827423719
8.95   -0.096438992938
8.96   -0.096051944211
8.97   -0.095666273854
8.98   -0.095281978183
8.99   -0.09489905352
9   -0.094517496185
9.01   -0.094137302501
9.02   -0.093758468793
9.03   -0.093380991387
9.04   -0.093004866613
9.05   -0.092630090801
9.06   -0.092256660284
9.07   -0.091884571396
9.08   -0.091513820474
9.09   -0.091144403858
9.1   -0.090776317889
9.11   -0.090409558911
9.12   -0.09004412327
9.13   -0.089680007314
9.14   -0.089317207395
9.15   -0.088955719865
9.16   -0.088595541082
9.17   -0.088236667404
9.18   -0.087879095192
9.19   -0.087522820811
9.2   -0.087167840628
9.21   -0.086814151012
9.22   -0.086461748337
9.23   -0.086110628977
9.24   -0.085760789311
9.25   -0.085412225722
9.26   -0.085064934594
9.27   -0.084718912315
9.28   -0.084374155276
9.29   -0.084030659871
9.3   -0.083688422498
9.31   -0.083347439557
9.32   -0.083007707454
9.33   -0.082669222595
9.34   -0.082331981392
9.35   -0.08199598026
9.36   -0.081661215616
9.37   -0.081327683882
9.38   -0.080995381484
9.39   -0.080664304851
9.4   -0.080334450416
9.41   -0.080005814616
9.42   -0.079678393889
9.43   -0.079352184682
9.44   -0.079027183442
9.45   -0.078703386621
9.46   -0.078380790675
9.47   -0.078059392065
9.48   -0.077739187254
9.49   -0.07742017271
9.5   -0.077102344907
9.51   -0.07678570032
9.52   -0.076470235431
9.53   -0.076155946724
9.54   -0.075842830689
9.55   -0.075530883819
9.56   -0.075220102613
9.57   -0.074910483573
9.58   -0.074602023206
9.59   -0.074294718023
9.6   -0.07398856454
9.61   -0.073683559278
9.62   -0.073379698762
9.63   -0.073076979522
9.64   -0.072775398092
9.65   -0.072474951011
9.66   -0.072175634823
9.67   -0.071877446076
9.68   -0.071580381325
9.69   -0.071284437128
9.7   -0.070989610047
9.71   -0.070695896651
9.72   -0.070403293512
9.73   -0.07011179721
9.74   -0.069821404326
9.75   -0.06953211145
9.76   -0.069243915174
9.77   -0.068956812096
9.78   -0.06867079882
9.79   -0.068385871955
9.8   -0.068102028114
9.81   -0.067819263916
9.82   -0.067537575986
9.83   -0.067256960954
9.84   -0.066977415454
9.85   -0.066698936126
9.86   -0.066421519616
9.87   -0.066145162576
9.88   -0.065869861662
9.89   -0.065595613536
9.9   -0.065322414865
9.91   -0.065050262323
9.92   -0.064779152588
9.93   -0.064509082343
9.94   -0.06424004828
9.95   -0.063972047094
9.96   -0.063705075485
9.97   -0.06343913016
9.98   -0.063174207831
9.99   -0.062910305218
10   -0.062647419044
10.01   -0.062385546039
10.02   -0.062124682937
10.03   -0.061864826482
10.04   -0.061605973419
10.05   -0.061348120503
10.06   -0.061091264492
10.07   -0.060835402152
10.08   -0.060580530252
10.09   -0.060326645571
10.1   -0.060073744891
10.11   -0.059821825001
10.12   -0.059570882696
10.13   -0.059320914777
10.14   -0.059071918052
10.15   -0.058823889333
10.16   -0.058576825441
10.17   -0.0583307232
10.18   -0.058085579442
10.19   -0.057841391006
10.2   -0.057598154734
10.21   -0.057355867479
10.22   -0.057114526096
10.23   -0.056874127447
10.24   -0.056634668403
10.25   -0.056396145839
10.26   -0.056158556636
10.27   -0.055921897683
10.28   -0.055686165874
10.29   -0.055451358109
10.3   -0.055217471297
10.31   -0.05498450235
10.32   -0.054752448189
10.33   -0.05452130574
10.34   -0.054291071936
10.35   -0.054061743717
10.36   -0.053833318028
10.37   -0.053605791822
10.38   -0.053379162057
10.39   -0.0531534257
10.4   -0.052928579722
10.41   -0.052704621101
10.42   -0.052481546823
10.43   -0.05225935388
10.44   -0.052038039269
10.45   -0.051817599996
10.46   -0.051598033072
10.47   -0.051379335516
10.48   -0.051161504352
10.49   -0.050944536611
10.5   -0.050728429332
10.51   -0.05051317956
10.52   -0.050298784346
10.53   -0.050085240749
10.54   -0.049872545833
10.55   -0.049660696669
10.56   -0.049449690338
10.57   -0.049239523923
10.58   -0.049030194517
10.59   -0.048821699218
10.6   -0.048614035133
10.61   -0.048407199372
10.62   -0.048201189055
10.63   -0.047996001309
10.64   -0.047791633266
10.65   -0.047588082064
10.66   -0.047385344852
10.67   -0.047183418782
10.68   -0.046982301013
10.69   -0.046781988713
10.7   -0.046582479056
10.71   -0.046383769223
10.72   -0.046185856399
10.73   -0.045988737782
10.74   -0.04579241057
10.75   -0.045596871973
10.76   -0.045402119206
10.77   -0.045208149491
10.78   -0.045014960056
10.79   -0.044822548137
10.8   -0.044630910978
10.81   -0.044440045827
10.82   -0.044249949942
10.83   -0.044060620586
10.84   -0.043872055029
10.85   -0.043684250549
10.86   -0.04349720443
10.87   -0.043310913963
10.88   -0.043125376447
10.89   -0.042940589187
10.9   -0.042756549496
10.91   -0.042573254692
10.92   -0.042390702101
10.93   -0.042208889057
10.94   -0.042027812899
10.95   -0.041847470975
10.96   -0.041667860639
10.97   -0.041488979252
10.98   -0.041310824181
10.99   -0.041133392803
11   -0.040956682497
11.01   -0.040780690655
11.02   -0.040605414671
11.03   -0.040430851948
11.04   -0.040256999897
11.05   -0.040083855934
11.06   -0.039911417483
11.07   -0.039739681975
11.08   -0.039568646848
11.09   -0.039398309547
11.1   -0.039228667523
11.11   -0.039059718235
11.12   -0.038891459149
11.13   -0.038723887738
11.14   -0.038557001482
11.15   -0.038390797866
11.16   -0.038225274386
11.17   -0.038060428541
11.18   -0.03789625784
11.19   -0.037732759797
11.2   -0.037569931933
11.21   -0.037407771777
11.22   -0.037246276866
11.23   -0.03708544474
11.24   -0.03692527295
11.25   -0.036765759051
11.26   -0.036606900609
11.27   -0.036448695192
11.28   -0.036291140378
11.29   -0.036134233751
11.3   -0.035977972903
11.31   -0.035822355431
11.32   -0.035667378941
11.33   -0.035513041045
11.34   -0.03535933936
11.35   -0.035206271514
11.36   -0.035053835139
11.37   -0.034902027874
11.38   -0.034750847366
11.39   -0.034600291269
11.4   -0.034450357243
11.41   -0.034301042955
11.42   -0.034152346079
11.43   -0.034004264296
11.44   -0.033856795294
11.45   -0.033709936768
11.46   -0.033563686419
11.47   -0.033418041956
11.48   -0.033273001094
11.49   -0.033128561555
11.5   -0.032984721069
11.51   -0.03284147737
11.52   -0.032698828202
11.53   -0.032556771315
11.54   -0.032415304463
11.55   -0.032274425411
11.56   -0.032134131929
11.57   -0.031994421792
11.58   -0.031855292785
11.59   -0.031716742698
11.6   -0.031578769327
11.61   -0.031441370477
11.62   -0.031304543957
11.63   -0.031168287586
11.64   -0.031032599186
11.65   -0.03089747659
11.66   -0.030762917634
11.67   -0.030628920162
11.68   -0.030495482025
11.69   -0.030362601081
11.7   -0.030230275194
11.71   -0.030098502235
11.72   -0.029967280082
11.73   -0.029836606618
11.74   -0.029706479735
11.75   -0.02957689733
11.76   -0.029447857307
11.77   -0.029319357577
11.78   -0.029191396057
11.79   -0.029063970672
11.8   -0.028937079353
11.81   -0.028810720035
11.82   -0.028684890663
11.83   -0.028559589188
11.84   -0.028434813566
11.85   -0.02831056176
11.86   -0.028186831741
11.87   -0.028063621486
11.88   -0.027940928976
11.89   -0.027818752202
11.9   -0.02769708916
11.91   -0.027575937852
11.92   -0.027455296287
11.93   -0.027335162481
11.94   -0.027215534455
11.95   -0.027096410238
11.96   -0.026977787864
11.97   -0.026859665376
11.98   -0.026742040819
11.99   -0.026624912249
12   -0.026508277726
12.01   -0.026392135317
12.02   -0.026276483094
12.03   -0.026161319137
12.04   -0.026046641533
12.05   -0.025932448372
12.06   -0.025818737755
12.07   -0.025705507784
12.08   -0.025592756573
12.09   -0.025480482237
12.1   -0.025368682901
12.11   -0.025257356694
12.12   -0.025146501753
12.13   -0.02503611622
12.14   -0.024926198244
12.15   -0.02481674598
12.16   -0.024707757588
12.17   -0.024599231236
12.18   -0.024491165097
12.19   -0.024383557351
12.2   -0.024276406184
12.21   -0.024169709788
12.22   -0.02406346636
12.23   -0.023957674104
12.24   -0.023852331231
12.25   -0.023747435958
12.26   -0.023642986506
12.27   -0.023538981105
12.28   -0.023435417988
12.29   -0.023332295396
12.3   -0.023229611576
12.31   -0.02312736478
12.32   -0.023025553268
12.33   -0.022924175303
12.34   -0.022823229156
12.35   -0.022722713104
12.36   -0.022622625429
12.37   -0.02252296442
12.38   -0.022423728372
12.39   -0.022324915583
12.4   -0.022226524361
12.41   -0.022128553018
12.42   -0.022030999871
12.43   -0.021933863244
12.44   -0.021837141468
12.45   -0.021740832877
12.46   -0.021644935812
12.47   -0.021549448622
12.48   -0.021454369658
12.49   -0.02135969728
12.5   -0.021265429851
12.51   -0.021171565743
12.52   -0.021078103331
12.53   -0.020985040996
12.54   -0.020892377126
12.55   -0.020800110115
12.56   -0.02070823836
12.57   -0.020616760266
12.58   -0.020525674244
12.59   -0.020434978709
12.6   -0.020344672083
12.61   -0.020254752791
12.62   -0.020165219268
12.63   -0.020076069951
12.64   -0.019987303284
12.65   -0.019898917717
12.66   -0.019810911703
12.67   -0.019723283704
12.68   -0.019636032185
12.69   -0.019549155617
12.7   -0.019462652479
12.71   -0.019376521252
12.72   -0.019290760423
12.73   -0.019205368487
12.74   -0.019120343942
12.75   -0.019035685292
12.76   -0.018951391046
12.77   -0.01886745972
12.78   -0.018783889834
12.79   -0.018700679914
12.8   -0.018617828491
12.81   -0.0185353341
12.82   -0.018453195285
12.83   -0.018371410592
12.84   -0.018289978572
12.85   -0.018208897785
12.86   -0.018128166792
12.87   -0.018047784162
12.88   -0.017967748469
12.89   -0.01788805829
12.9   -0.01780871221
12.91   -0.017729708818
12.92   -0.017651046707
12.93   -0.017572724478
12.94   -0.017494740735
12.95   -0.017417094087
12.96   -0.017339783149
12.97   -0.017262806541
12.98   -0.017186162888
12.99   -0.017109850821
13   -0.017033868974
13.01   -0.016958215987
13.02   -0.016882890506
13.03   -0.016807891182
13.04   -0.016733216669
13.05   -0.016658865627
13.06   -0.016584836723
13.07   -0.016511128625
13.08   -0.01643774001
13.09   -0.016364669558
13.1   -0.016291915954
13.11   -0.016219477887
13.12   -0.016147354053
13.13   -0.016075543151
13.14   -0.016004043886
13.15   -0.015932854968
13.16   -0.01586197511
13.17   -0.015791403033
13.18   -0.01572113746
13.19   -0.01565117712
13.2   -0.015581520746
13.21   -0.015512167077
13.22   -0.015443114857
13.23   -0.015374362832
13.24   -0.015305909756
13.25   -0.015237754386
13.26   -0.015169895483
13.27   -0.015102331815
13.28   -0.015035062154
13.29   -0.014968085274
13.3   -0.014901399957
13.31   -0.014835004989
13.32   -0.014768899158
13.33   -0.014703081261
13.34   -0.014637550095
13.35   -0.014572304464
13.36   -0.014507343178
13.37   -0.014442665048
13.38   -0.014378268893
13.39   -0.014314153533
13.4   -0.014250317796
13.41   -0.014186760513
13.42   -0.014123480518
13.43   -0.014060476652
13.44   -0.013997747759
13.45   -0.013935292688
13.46   -0.013873110291
13.47   -0.013811199427
13.48   -0.013749558958
13.49   -0.013688187749
13.5   -0.013627084672
13.51   -0.013566248602
13.52   -0.013505678418
13.53   -0.013445373004
13.54   -0.013385331248
13.55   -0.013325552043
13.56   -0.013266034284
13.57   -0.013206776874
13.58   -0.013147778717
13.59   -0.013089038723
13.6   -0.013030555805
13.61   -0.012972328881
13.62   -0.012914356874
13.63   -0.01285663871
13.64   -0.012799173319
13.65   -0.012741959637
13.66   -0.012684996601
13.67   -0.012628283155
13.68   -0.012571818245
13.69   -0.012515600824
13.7   -0.012459629846
13.71   -0.012403904271
13.72   -0.012348423062
13.73   -0.012293185187
13.74   -0.012238189618
13.75   -0.012183435329
13.76   -0.0121289213
13.77   -0.012074646516
13.78   -0.012020609963
13.79   -0.011966810634
13.8   -0.011913247524
13.81   -0.011859919632
13.82   -0.011806825962
13.83   -0.011753965522
13.84   -0.011701337321
13.85   -0.011648940377
13.86   -0.011596773708
13.87   -0.011544836336
13.88   -0.011493127289
13.89   -0.011441645597
13.9   -0.011390390296
13.91   -0.011339360422
13.92   -0.011288555019
13.93   -0.011237973132
13.94   -0.011187613811
13.95   -0.01113747611
13.96   -0.011087559085
13.97   -0.011037861798
13.98   -0.010988383314
13.99   -0.010939122701
14   -0.010890079031
14.01   -0.01084125138
14.02   -0.010792638828
14.03   -0.010744240457
14.04   -0.010696055356
14.05   -0.010648082613
14.06   -0.010600321324
14.07   -0.010552770586
14.08   -0.010505429501
14.09   -0.010458297174
14.1   -0.010411372712
14.11   -0.010364655229
14.12   -0.01031814384
14.13   -0.010271837664
14.14   -0.010225735825
14.15   -0.010179837447
14.16   -0.010134141662
14.17   -0.010088647602
14.18   -0.010043354405
14.19   -0.0099982612095
14.2   -0.0099533671608
14.21   -0.0099086714054
14.22   -0.0098641730942
14.23   -0.009819871381
14.24   -0.0097757654233
14.25   -0.009731854382
14.26   -0.0096881374213
14.27   -0.0096446137089
14.28   -0.0096012824156
14.29   -0.0095581427159
14.3   -0.0095151937874
14.31   -0.0094724348111
14.32   -0.0094298649714
14.33   -0.0093874834557
14.34   -0.0093452894551
14.35   -0.0093032821638
14.36   -0.0092614607792
14.37   -0.009219824502
14.38   -0.0091783725362
14.39   -0.0091371040891
14.4   -0.0090960183709
14.41   -0.0090551145955
14.42   -0.0090143919796
14.43   -0.0089738497432
14.44   -0.0089334871095
14.45   -0.008893303305
14.46   -0.0088532975592
14.47   -0.0088134691046
14.48   -0.0087738171772
14.49   -0.0087343410158
14.5   -0.0086950398624
14.51   -0.0086559129623
14.52   -0.0086169595635
14.53   -0.0085781789174
14.54   -0.0085395702783
14.55   -0.0085011329037
14.56   -0.0084628660539
14.57   -0.0084247689925
14.58   -0.008386840986
14.59   -0.0083490813038
14.6   -0.0083114892185
14.61   -0.0082740640054
14.62   -0.0082368049432
14.63   -0.0081997113132
14.64   -0.0081627823998
14.65   -0.0081260174904
14.66   -0.0080894158751
14.67   -0.0080529768471
14.68   -0.0080166997026
14.69   -0.0079805837405
14.7   -0.0079446282627
14.71   -0.0079088325739
14.72   -0.0078731959818
14.73   -0.0078377177968
14.74   -0.0078023973322
14.75   -0.0077672339043
14.76   -0.0077322268319
14.77   -0.007697375437
14.78   -0.007662679044
14.79   -0.0076281369804
14.8   -0.0075937485763
14.81   -0.0075595131647
14.82   -0.0075254300813
14.83   -0.0074914986646
14.84   -0.0074577182557
14.85   -0.0074240881987
14.86   -0.0073906078401
14.87   -0.0073572765293
14.88   -0.0073240936184
14.89   -0.0072910584622
14.9   -0.007258170418
14.91   -0.0072254288461
14.92   -0.0071928331091
14.93   -0.0071603825724
14.94   -0.0071280766042
14.95   -0.0070959145752
14.96   -0.0070638958585
14.97   -0.0070320198302
14.98   -0.0070002858688
14.99   -0.0069686933553
15   -0.0069372416735
15.01   -0.0069059302097
15.02   -0.0068747583525
15.03   -0.0068437254935
15.04   -0.0068128310265
15.05   -0.006782074348
15.06   -0.0067514548569
15.07   -0.0067209719548
15.08   -0.0066906250455
15.09   -0.0066604135356
15.1   -0.0066303368341
15.11   -0.0066003943523
15.12   -0.0065705855042
15.13   -0.0065409097061
15.14   -0.0065113663769
15.15   -0.0064819549377
15.16   -0.0064526748122
15.17   -0.0064235254265
15.18   -0.0063945062091
15.19   -0.0063656165909
15.2   -0.0063368560051
15.21   -0.0063082238875
15.22   -0.006279719676
15.23   -0.006251342811
15.24   -0.0062230927353
15.25   -0.0061949688939
15.26   -0.0061669707344
15.27   -0.0061390977064
15.28   -0.0061113492619
15.29   -0.0060837248555
15.3   -0.0060562239437
15.31   -0.0060288459856
15.32   -0.0060015904422
15.33   -0.0059744567773
15.34   -0.0059474444565
15.35   -0.0059205529479
15.36   -0.0058937817218
15.37   -0.0058671302506
15.38   -0.0058405980092
15.39   -0.0058141844744
15.4   -0.0057878891256
15.41   -0.0057617114439
15.42   -0.005735650913
15.43   -0.0057097070187
15.44   -0.0056838792489
15.45   -0.0056581670937
15.46   -0.0056325700453
15.47   -0.0056070875982
15.48   -0.0055817192489
15.49   -0.005556464496
15.5   -0.0055313228405
15.51   -0.0055062937851
15.52   -0.005481376835
15.53   -0.0054565714973
15.54   -0.0054318772812
15.55   -0.005407293698
15.56   -0.0053828202612
15.57   -0.0053584564861
15.58   -0.0053342018902
15.59   -0.0053100559932
15.6   -0.0052860183167
15.61   -0.0052620883842
15.62   -0.0052382657215
15.63   -0.0052145498562
15.64   -0.005190940318
15.65   -0.0051674366387
15.66   -0.0051440383519
15.67   -0.0051207449933
15.68   -0.0050975561005
15.69   -0.0050744712133
15.7   -0.0050514898731
15.71   -0.0050286116236
15.72   -0.0050058360102
15.73   -0.0049831625803
15.74   -0.0049605908834
15.75   -0.0049381204707
15.76   -0.0049157508955
15.77   -0.0048934817127
15.78   -0.0048713124796
15.79   -0.0048492427549
15.8   -0.0048272720994
15.81   -0.004805400076
15.82   -0.004783626249
15.83   -0.0047619501848
15.84   -0.0047403714519
15.85   -0.0047188896202
15.86   -0.0046975042618
15.87   -0.0046762149503
15.88   -0.0046550212615
15.89   -0.0046339227727
15.9   -0.0046129190633
15.91   -0.0045920097141
15.92   -0.0045711943082
15.93   -0.0045504724301
15.94   -0.0045298436662
15.95   -0.0045093076048
15.96   -0.0044888638357
15.97   -0.0044685119508
15.98   -0.0044482515434
15.99   -0.0044280822089
16   -0.004408003544
16.01   -0.0043880151477
16.02   -0.0043681166202
16.03   -0.0043483075637
16.04   -0.0043285875821
16.05   -0.0043089562808
16.06   -0.0042894132672
16.07   -0.0042699581502
16.08   -0.0042505905404
16.09   -0.0042313100501
16.1   -0.0042121162933
16.11   -0.0041930088856
16.12   -0.0041739874443
16.13   -0.0041550515883
16.14   -0.0041362009383
16.15   -0.0041174351164
16.16   -0.0040987537464
16.17   -0.004080156454
16.18   -0.004061642866
16.19   -0.0040432126114
16.2   -0.0040248653202
16.21   -0.0040066006245
16.22   -0.0039884181578
16.23   -0.003970317555
16.24   -0.0039522984528
16.25   -0.0039343604895
16.26   -0.0039165033049
16.27   -0.0038987265402
16.28   -0.0038810298384
16.29   -0.0038634128439
16.3   -0.0038458752026
16.31   -0.0038284165622
16.32   -0.0038110365715
16.33   -0.0037937348813
16.34   -0.0037765111434
16.35   -0.0037593650115
16.36   -0.0037422961408
16.37   -0.0037253041876
16.38   -0.0037083888102
16.39   -0.003691549668
16.4   -0.003674786422
16.41   -0.0036580987347
16.42   -0.0036414862702
16.43   -0.0036249486937
16.44   -0.0036084856722
16.45   -0.0035920968739
16.46   -0.0035757819686
16.47   -0.0035595406275
16.48   -0.0035433725232
16.49   -0.0035272773297
16.5   -0.0035112547225
16.51   -0.0034953043783
16.52   -0.0034794259756
16.53   -0.0034636191939
16.54   -0.0034478837142
16.55   -0.0034322192191
16.56   -0.0034166253924
16.57   -0.0034011019192
16.58   -0.0033856484861
16.59   -0.003370264781
16.6   -0.0033549504933
16.61   -0.0033397053136
16.62   -0.0033245289338
16.63   -0.0033094210474
16.64   -0.0032943813489
16.65   -0.0032794095343
16.66   -0.0032645053011
16.67   -0.0032496683478
16.68   -0.0032348983744
16.69   -0.0032201950821
16.7   -0.0032055581736
16.71   -0.0031909873526
16.72   -0.0031764823244
16.73   -0.0031620427954
16.74   -0.0031476684733
16.75   -0.0031333590671
16.76   -0.0031191142872
16.77   -0.0031049338449
16.78   -0.0030908174532
16.79   -0.0030767648261
16.8   -0.0030627756788
16.81   -0.003048849728
16.82   -0.0030349866914
16.83   -0.003021186288
16.84   -0.0030074482381
16.85   -0.0029937722632
16.86   -0.0029801580859
16.87   -0.0029666054302
16.88   -0.0029531140211
16.89   -0.002939683585
16.9   -0.0029263138494
16.91   -0.002913004543
16.92   -0.0028997553957
16.93   -0.0028865661385
16.94   -0.0028734365037
16.95   -0.0028603662248
16.96   -0.0028473550363
16.97   -0.0028344026741
16.98   -0.0028215088749
16.99   -0.0028086733769
17   -0.0027958959193
17.01   -0.0027831762425
17.02   -0.0027705140879
17.03   -0.0027579091982
17.04   -0.0027453613172
17.05   -0.0027328701898
17.06   -0.0027204355619
17.07   -0.0027080571807
17.08   -0.0026957347943
17.09   -0.0026834681523
17.1   -0.0026712570049
17.11   -0.0026591011038
17.12   -0.0026470002015
17.13   -0.0026349540517
17.14   -0.0026229624094
17.15   -0.0026110250302
17.16   -0.0025991416713
17.17   -0.0025873120905
17.18   -0.002575536047
17.19   -0.002563813301
17.2   -0.0025521436135
17.21   -0.0025405267469
17.22   -0.0025289624645
17.23   -0.0025174505305
17.24   -0.0025059907104
17.25   -0.0024945827705
17.26   -0.0024832264783
17.27   -0.0024719216022
17.28   -0.0024606679118
17.29   -0.0024494651774
17.3   -0.0024383131706
17.31   -0.002427211664
17.32   -0.0024161604309
17.33   -0.002405159246
17.34   -0.0023942078847
17.35   -0.0023833061235
17.36   -0.00237245374
17.37   -0.0023616505124
17.38   -0.0023508962204
17.39   -0.0023401906442
17.4   -0.0023295335654
17.41   -0.0023189247661
17.42   -0.0023083640297
17.43   -0.0022978511406
17.44   -0.0022873858838
17.45   -0.0022769680455
17.46   -0.0022665974129
17.47   -0.0022562737739
17.48   -0.0022459969177
17.49   -0.002235766634
17.5   -0.0022255827137
17.51   -0.0022154449486
17.52   -0.0022053531313
17.53   -0.0021953070555
17.54   -0.0021853065157
17.55   -0.0021753513073
17.56   -0.0021654412266
17.57   -0.0021555760708
17.58   -0.0021457556381
17.59   -0.0021359797274
17.6   -0.0021262481388
17.61   -0.0021165606728
17.62   -0.0021069171314
17.63   -0.0020973173169
17.64   -0.0020877610328
17.65   -0.0020782480834
17.66   -0.0020687782739
17.67   -0.0020593514102
17.68   -0.0020499672993
17.69   -0.0020406257489
17.7   -0.0020313265675
17.71   -0.0020220695647
17.72   -0.0020128545507
17.73   -0.0020036813365
17.74   -0.0019945497342
17.75   -0.0019854595566
17.76   -0.0019764106172
17.77   -0.0019674027306
17.78   -0.0019584357119
17.79   -0.0019495093773
17.8   -0.0019406235437
17.81   -0.0019317780287
17.82   -0.001922972651
17.83   -0.0019142072298
17.84   -0.0019054815852
17.85   -0.0018967955383
17.86   -0.0018881489107
17.87   -0.0018795415249
17.88   -0.0018709732042
17.89   -0.0018624437728
17.9   -0.0018539530554
17.91   -0.0018455008778
17.92   -0.0018370870663
17.93   -0.0018287114482
17.94   -0.0018203738513
17.95   -0.0018120741045
17.96   -0.0018038120371
17.97   -0.0017955874795
17.98   -0.0017874002626
17.99   -0.0017792502182
18   -0.0017711371788
18.01   -0.0017630609776
18.02   -0.0017550214486
18.03   -0.0017470184265
18.04   -0.0017390517467
18.05   -0.0017311212455
18.06   -0.0017232267597
18.07   -0.0017153681271
18.08   -0.0017075451858
18.09   -0.0016997577752
18.1   -0.0016920057348
18.11   -0.0016842889053
18.12   -0.0016766071279
18.13   -0.0016689602444
18.14   -0.0016613480975
18.15   -0.0016537705306
18.16   -0.0016462273877
18.17   -0.0016387185134
18.18   -0.0016312437533
18.19   -0.0016238029534
18.2   -0.0016163959604
18.21   -0.0016090226219
18.22   -0.0016016827861
18.23   -0.0015943763017
18.24   -0.0015871030182
18.25   -0.0015798627858
18.26   -0.0015726554554
18.27   -0.0015654808784
18.28   -0.0015583389071
18.29   -0.0015512293942
18.3   -0.0015441521932
18.31   -0.0015371071582
18.32   -0.0015300941442
18.33   -0.0015231130063
18.34   -0.0015161636009
18.35   -0.0015092457845
18.36   -0.0015023594145
18.37   -0.001495504349
18.38   -0.0014886804465
18.39   -0.0014818875663
18.4   -0.0014751255683
18.41   -0.001468394313
18.42   -0.0014616936616
18.43   -0.0014550234758
18.44   -0.001448383618
18.45   -0.0014417739511
18.46   -0.0014351943388
18.47   -0.0014286446452
18.48   -0.0014221247353
18.49   -0.0014156344744
18.5   -0.0014091737284
18.51   -0.0014027423642
18.52   -0.0013963402488
18.53   -0.00138996725
18.54   -0.0013836232364
18.55   -0.0013773080768
18.56   -0.0013710216408
18.57   -0.0013647637986
18.58   -0.001358534421
18.59   -0.0013523333791
18.6   -0.001346160545
18.61   -0.0013400157911
18.62   -0.0013338989904
18.63   -0.0013278100166
18.64   -0.0013217487437
18.65   -0.0013157150466
18.66   -0.0013097088005
18.67   -0.0013037298812
18.68   -0.0012977781652
18.69   -0.0012918535294
18.7   -0.0012859558513
18.71   -0.0012800850091
18.72   -0.0012742408812
18.73   -0.0012684233468
18.74   -0.0012626322857
18.75   -0.001256867578
18.76   -0.0012511291045
18.77   -0.0012454167465
18.78   -0.0012397303858
18.79   -0.0012340699048
18.8   -0.0012284351864
18.81   -0.0012228261139
18.82   -0.0012172425714
18.83   -0.0012116844432
18.84   -0.0012061516143
18.85   -0.0012006439702
18.86   -0.0011951613969
18.87   -0.0011897037809
18.88   -0.0011842710093
18.89   -0.0011788629695
18.9   -0.0011734795495
18.91   -0.001168120638
18.92   -0.0011627861239
18.93   -0.0011574758967
18.94   -0.0011521898466
18.95   -0.0011469278639
18.96   -0.0011416898397
18.97   -0.0011364756656
18.98   -0.0011312852334
18.99   -0.0011261184356
19   -0.0011209751652
19.01   -0.0011158553157
19.02   -0.0011107587808
19.03   -0.0011056854551
19.04   -0.0011006352334
19.05   -0.001095608011
19.06   -0.0010906036836
19.07   -0.0010856221476
19.08   -0.0010806632997
19.09   -0.0010757270372
19.1   -0.0010708132575
19.11   -0.0010659218589
19.12   -0.00106105274
19.13   -0.0010562057998
19.14   -0.0010513809377
19.15   -0.0010465780537
19.16   -0.0010417970481
19.17   -0.0010370378219
19.18   -0.0010323002763
19.19   -0.001027584313
19.2   -0.0010228898341
19.21   -0.0010182167424
19.22   -0.0010135649407
19.23   -0.0010089343326
19.24   -0.0010043248221
19.25   -0.00099973631334
19.26   -0.00099516871123
19.27   -0.00099062192093
19.28   -0.00098609584808
19.29   -0.00098159039872
19.3   -0.00097710547932
19.31   -0.00097264099678
19.32   -0.00096819685841
19.33   -0.00096377297194
19.34   -0.00095936924551
19.35   -0.00095498558769
19.36   -0.00095062190743
19.37   -0.00094627811411
19.38   -0.00094195411753
19.39   -0.00093764982788
19.4   -0.00093336515574
19.41   -0.00092910001212
19.42   -0.00092485430842
19.43   -0.00092062795643
