0   -3.2179536813e-11
0.01   0.04163493882
0.02   0.08321465455
0.03   0.12468405371
0.04   0.16598830183
0.05   0.20707295197
0.06   0.24788407202
0.07   0.2883683705
0.08   0.32847332041
0.09   0.36814728073
0.1   0.40733961529
0.11   0.44600080854
0.12   0.48408257794
0.13   0.52153798262
0.14   0.55832152792
0.15   0.59438926561
0.16   0.62969888931
0.17   0.66420982502
0.18   0.6978833163
0.19   0.73068250397
0.2   0.76257250002
0.21   0.79352045554
0.22   0.82349562247
0.23   0.85246940893
0.24   0.8804154281
0.25   0.90730954034
0.26   0.9331298886
0.27   0.95785692695
0.28   0.98147344214
0.29   1.0039645683
0.3   1.0253177944
0.31   1.0455229653
0.32   1.064572275
0.33   1.0824602542
0.34   1.0991837497
0.35   1.1147418987
0.36   1.1291360952
0.37   1.1423699512
0.38   1.1544492509
0.39   1.1653818997
0.4   1.1751778673
0.41   1.183849125
0.42   1.1914095785
0.43   1.1978749959
0.44   1.2032629305
0.45   1.2075926405
0.46   1.210885004
0.47   1.2131624312
0.48   1.2144487731
0.49   1.2147692283
0.5   1.2141502463
0.51   1.2126194305
0.52   1.2102054381
0.53   1.2069378806
0.54   1.2028472218
0.55   1.1979646774
0.56   1.1923221132
0.57   1.1859519448
0.58   1.1788870372
0.59   1.1711606069
0.6   1.162806124
0.61   1.1538572177
0.62   1.1443475826
0.63   1.1343108886
0.64   1.1237806931
0.65   1.112790356
0.66   1.1013729579
0.67   1.0895612229
0.68   1.0773874429
0.69   1.0648834081
0.7   1.0520803394
0.71   1.039008826
0.72   1.0256987674
0.73   1.0121793181
0.74   0.9984788388
0.75   0.9846248497
0.76   0.9706439898
0.77   0.95656197967
0.78   0.94240358875
0.79   0.92819260687
0.8   0.91395181997
0.81   0.89970298993
0.82   0.88546683839
0.83   0.87126303448
0.84   0.85711018642
0.85   0.8430258367
0.86   0.82902646083
0.87   0.81512746955
0.88   0.80134321415
0.89   0.78768699503
0.9   0.77417107313
0.91   0.76080668412
0.92   0.74760405523
0.93   0.73457242459
0.94   0.72172006277
0.95   0.70905429651
0.96   0.69658153443
0.97   0.68430729453
0.98   0.67223623337
0.99   0.66037217679
1   0.64871815193
1.01   0.63727642054
1.02   0.62604851336
1.03   0.61503526538
1.04   0.60423685203
1.05   0.59365282598
1.06   0.58328215449
1.07   0.57312325726
1.08   0.56317404459
1.09   0.55343195569
1.1   0.54389399718
1.11   0.53455678151
1.12   0.52541656531
1.13   0.51646928749
1.14   0.50771060706
1.15   0.49913594045
1.16   0.49074049842
1.17   0.48251932227
1.18   0.47446731939
1.19   0.46657929799
1.2   0.45885000091
1.21   0.45127413851
1.22   0.44384642046
1.23   0.43656158632
1.24   0.42941443499
1.25   0.42239985272
1.26   0.41551283983
1.27   0.40874853585
1.28   0.40210224321
1.29   0.39556944923
1.3   0.38914584649
1.31   0.38282735142
1.32   0.37661012114
1.33   0.37049056841
1.34   0.36446537471
1.35   0.35853150143
1.36   0.35268619916
1.37   0.34692701479
1.38   0.34125179612
1.39   0.33565869697
1.4   0.33014617615
1.41   0.32471299736
1.42   0.31935816813
1.43   0.31408087095
1.44   0.30888029716
1.45   0.30375558687
1.46   0.29870589653
1.47   0.29373038684
1.48   0.28882821814
1.49   0.28399855365
1.5   0.27924056073
1.51   0.2745534119
1.52   0.269936286
1.53   0.26538836929
1.54   0.26090885655
1.55   0.2564969522
1.56   0.25215187123
1.57   0.24787284018
1.58   0.24365909803
1.59   0.23950989685
1.6   0.2354245025
1.61   0.23140219498
1.62   0.22744226875
1.63   0.22354403271
1.64   0.21970681001
1.65   0.21592993755
1.66   0.21221276523
1.67   0.20855465485
1.68   0.20495497873
1.69   0.20141311799
1.7   0.1979284606
1.71   0.19450039903
1.72   0.19112832777
1.73   0.18781164066
1.74   0.18454972807
1.75   0.18134197411
1.76   0.17818775397
1.77   0.17508643144
1.78   0.1720373568
1.79   0.16903986515
1.8   0.16609327548
1.81   0.16319689006
1.82   0.16034999504
1.83   0.15755186117
1.84   0.1548017457
1.85   0.15209889451
1.86   0.14944254481
1.87   0.14683192817
1.88   0.14426627349
1.89   0.1417448102
1.9   0.13926677113
1.91   0.13683139512
1.92   0.13443792947
1.93   0.13208563171
1.94   0.12977377132
1.95   0.12750163081
1.96   0.12526850653
1.97   0.12307370925
1.98   0.12091656436
1.99   0.1187964119
2   0.11671260646
2.01   0.11466451681
2.02   0.11265152566
2.03   0.11067302913
2.04   0.10872843635
2.05   0.10681716894
2.06   0.10493866051
2.07   0.10309235623
2.08   0.10127771233
2.09   0.099494195684
2.1   0.097741283367
2.11   0.096018462296
2.12   0.094325228857
2.13   0.092661088567
2.14   0.091025555772
2.15   0.089418153356
2.16   0.087838412479
2.17   0.086285872334
2.18   0.084760079927
2.19   0.08326058986
2.2   0.081786964148
2.21   0.080338772036
2.22   0.078915589831
2.23   0.077517000751
2.24   0.076142594776
2.25   0.074791968509
2.26   0.073464725053
2.27   0.072160473879
2.28   0.070878830717
2.29   0.06961941744
2.3   0.068381861962
2.31   0.067165798129
2.32   0.065970865625
2.33   0.064796709878
2.34   0.063642981962
2.35   0.062509338516
2.36   0.061395441649
2.37   0.060300958861
2.38   0.05922556296
2.39   0.058168931978
2.4   0.057130749094
2.41   0.05611070256
2.42   0.055108485619
2.43   0.054123796437
2.44   0.053156338025
2.45   0.05220581817
2.46   0.051271949363
2.47   0.050354448729
2.48   0.049453037962
2.49   0.048567443251
2.5   0.047697395221
2.51   0.04684262886
2.52   0.04600288346
2.53   0.045177902549
2.54   0.044367433832
2.55   0.043571229126
2.56   0.042789044296
2.57   0.042020639202
2.58   0.041265777632
2.59   0.040524227246
2.6   0.039795759518
2.61   0.039080149677
2.62   0.03837717665
2.63   0.03768662301
2.64   0.037008274913
2.65   0.036341922051
2.66   0.035687357593
2.67   0.035044378134
2.68   0.034412783641
2.69   0.033792377401
2.7   0.033182965974
2.71   0.032584359136
2.72   0.031996369833
2.73   0.031418814129
2.74   0.030851511163
2.75   0.030294283094
2.76   0.029746955058
2.77   0.029209355121
2.78   0.028681314231
2.79   0.028162666174
2.8   0.027653247531
2.81   0.027152897629
2.82   0.026661458502
2.83   0.026178774845
2.84   0.025704693976
2.85   0.025239065789
2.86   0.024781742714
2.87   0.024332579679
2.88   0.02389143407
2.89   0.023458165687
2.9   0.02303263671
2.91   0.022614711658
2.92   0.022204257353
2.93   0.021801142881
2.94   0.021405239557
2.95   0.021016420888
2.96   0.020634562538
2.97   0.020259542289
2.98   0.019891240016
2.99   0.019529537641
3   0.019174319108
3.01   0.018825470348
3.02   0.018482879244
3.03   0.018146435602
3.04   0.017816031118
3.05   0.017491559345
3.06   0.017172915668
3.07   0.016859997267
3.08   0.016552703092
3.09   0.016250933834
3.1   0.015954591891
3.11   0.015663581346
3.12   0.015377807937
3.13   0.015097179025
3.14   0.014821603575
3.15   0.014550992124
3.16   0.014285256754
3.17   0.014024311071
3.18   0.013768070175
3.19   0.013516450638
3.2   0.013269370478
3.21   0.013026749134
3.22   0.012788507444
3.23   0.01255456762
3.24   0.012324853227
3.25   0.012099289159
3.26   0.011877801613
3.27   0.011660318076
3.28   0.011446767293
3.29   0.011237079253
3.3   0.011031185166
3.31   0.01082901744
3.32   0.010630509665
3.33   0.010435596589
3.34   0.010244214101
3.35   0.010056299209
3.36   0.0098717900258
3.37   0.009690625744
3.38   0.0095127466226
3.39   0.0093380939664
3.4   0.009166610109
3.41   0.0089982383952
3.42   0.0088329231633
3.43   0.0086706097289
3.44   0.0085112443674
3.45   0.0083547742983
3.46   0.0082011476686
3.47   0.0080503135371
3.48   0.0079022218586
3.49   0.007756823469
3.5   0.0076140700695
3.51   0.0074739142123
3.52   0.0073363092857
3.53   0.0072012095
3.54   0.007068569873
3.55   0.0069383462163
3.56   0.0068104951216
3.57   0.0066849739473
3.58   0.0065617408051
3.59   0.0064407545473
3.6   0.0063219747538
3.61   0.0062053617193
3.62   0.0060908764416
3.63   0.0059784806088
3.64   0.0058681365876
3.65   0.0057598074116
3.66   0.0056534567696
3.67   0.0055490489943
3.68   0.0054465490511
3.69   0.0053459225272
3.7   0.0052471356209
3.71   0.0051501551304
3.72   0.0050549484442
3.73   0.0049614835302
3.74   0.0048697289258
3.75   0.004779653728
3.76   0.0046912275837
3.77   0.0046044206801
3.78   0.0045192037351
3.79   0.0044355479882
3.8   0.0043534251914
3.81   0.0042728076
3.82   0.0041936679643
3.83   0.0041159795203
3.84   0.0040397159817
3.85   0.0039648515314
3.86   0.0038913608131
3.87   0.0038192189234
3.88   0.0037484014039
3.89   0.0036788842333
3.9   0.0036106438196
3.91   0.0035436569928
3.92   0.0034779009975
3.93   0.0034133534853
3.94   0.003349992508
3.95   0.0032877965103
3.96   0.003226744323
3.97   0.0031668151562
3.98   0.0031079885927
3.99   0.0030502445812
4   0.00299356343
4.01   0.0029379258009
4.02   0.0028833127024
4.03   0.0028297054839
4.04   0.00277708583
4.05   0.002725435754
4.06   0.0026747375923
4.07   0.002624973999
4.08   0.0025761279396
4.09   0.0025281826863
4.1   0.002481121812
4.11   0.0024349291853
4.12   0.0023895889648
4.13   0.0023450855947
4.14   0.002301403799
4.15   0.002258528577
4.16   0.0022164451982
4.17   0.0021751391978
4.18   0.0021345963714
4.19   0.0020948027712
4.2   0.0020557447005
4.21   0.0020174087102
4.22   0.0019797815935
4.23   0.0019428503825
4.24   0.0019066023429
4.25   0.0018710249709
4.26   0.0018361059885
4.27   0.0018018333394
4.28   0.0017681951855
4.29   0.0017351799026
4.3   0.0017027760768
4.31   0.0016709725008
4.32   0.00163975817
4.33   0.001609122279
4.34   0.0015790542182
4.35   0.0015495435701
4.36   0.0015205801057
4.37   0.0014921537819
4.38   0.001464254737
4.39   0.0014368732887
4.4   0.0014099999298
4.41   0.001383625326
4.42   0.0013577403121
4.43   0.0013323358893
4.44   0.0013074032223
4.45   0.0012829336361
4.46   0.0012589186134
4.47   0.0012353497916
4.48   0.0012122189601
4.49   0.0011895180576
4.5   0.0011672391694
4.51   0.0011453745246
4.52   0.0011239164939
4.53   0.0011028575867
4.54   0.0010821904488
4.55   0.00106190786
4.56   0.0010420027314
4.57   0.0010224681033
4.58   0.0010032971431
4.59   0.00098448314234
4.6   0.00096601951507
4.61   0.00094789979543
4.62   0.0009301176355
4.63   0.00091266680317
4.64   0.00089554118007
4.65   0.00087873475953
4.66   0.00086224164457
4.67   0.0008460560459
4.68   0.00083017228001
4.69   0.00081458476725
4.7   0.00079928802995
4.71   0.0007842766906
4.72   0.00076954547002
4.73   0.00075508918562
4.74   0.00074090274963
4.75   0.0007269811674
4.76   0.00071331953569
4.77   0.00069991304108
4.78   0.00068675695829
4.79   0.00067384664861
4.8   0.00066117755835
4.81   0.00064874521727
4.82   0.00063654523709
4.83   0.00062457331
4.84   0.00061282520724
4.85   0.00060129677761
4.86   0.0005899839461
4.87   0.00057888271251
4.88   0.00056798915006
4.89   0.00055729940414
4.9   0.00054680969091
4.91   0.00053651629608
4.92   0.00052641557361
4.93   0.0005165039445
4.94   0.00050677789555
4.95   0.00049723397818
4.96   0.00048786880727
4.97   0.00047867905997
4.98   0.00046966147461
4.99   0.00046081284953
5   0.00045213004207
5.01   0.00044360996743
5.02   0.00043524959767
5.03   0.00042704596061
5.04   0.00041899613887
5.05   0.00041109726887
5.06   0.0004033465398
5.07   0.00039574119274
5.08   0.00038827851964
5.09   0.00038095586242
5.1   0.00037377061209
5.11   0.0003667202078
5.12   0.00035980213598
5.13   0.00035301392952
5.14   0.00034635316687
5.15   0.00033981747122
5.16   0.00033340450971
5.17   0.00032711199258
5.18   0.00032093767242
5.19   0.0003148793434
5.2   0.00030893484048
5.21   0.00030310203868
5.22   0.00029737885237
5.23   0.00029176323449
5.24   0.0002862531759
5.25   0.00028084670467
5.26   0.0002755418854
5.27   0.00027033681855
5.28   0.00026522963975
5.29   0.00026021851922
5.3   0.00025530166108
5.31   0.00025047730275
5.32   0.00024574371438
5.33   0.00024109919815
5.34   0.00023654208778
5.35   0.0002320707479
5.36   0.0002276835735
5.37   0.00022337898936
5.38   0.00021915544951
5.39   0.00021501143671
5.4   0.00021094546189
5.41   0.00020695606365
5.42   0.00020304180776
5.43   0.00019920128661
5.44   0.00019543311881
5.45   0.00019173594863
5.46   0.00018810844556
5.47   0.00018454930384
5.48   0.00018105724201
5.49   0.00017763100243
5.5   0.0001742693509
5.51   0.00017097107618
5.52   0.0001677349896
5.53   0.0001645599246
5.54   0.00016144473637
5.55   0.00015838830142
5.56   0.00015538951718
5.57   0.00015244730166
5.58   0.00014956059301
5.59   0.0001467283492
5.6   0.0001439495476
5.61   0.00014122318469
5.62   0.00013854827563
5.63   0.00013592385398
5.64   0.00013334897132
5.65   0.00013082269694
5.66   0.00012834411749
5.67   0.0001259123367
5.68   0.000123526475
5.69   0.00012118566927
5.7   0.00011888907249
5.71   0.00011663585348
5.72   0.0001144251966
5.73   0.00011225630143
5.74   0.00011012838253
5.75   0.00010804066913
5.76   0.00010599240487
5.77   0.00010398284754
5.78   0.00010201126881
5.79   0.00010007695398
5.8   9.8179201716e-05
5.81   9.6317323802e-05
5.82   9.4490644908e-05
5.83   9.2698502335e-05
5.84   9.0940245802e-05
5.85   8.9215237199e-05
5.86   8.7522850368e-05
5.87   8.5862470871e-05
5.88   8.4233495786e-05
5.89   8.2635333481e-05
5.9   8.1067403405e-05
5.91   7.9529135897e-05
5.92   7.801997197e-05
5.93   7.6539363113e-05
5.94   7.5086771101e-05
5.95   7.3661667796e-05
5.96   7.2263534967e-05
5.97   7.0891864097e-05
5.98   6.9546156215e-05
5.99   6.8225921711e-05
6   6.6930680161e-05
6.01   6.5659960153e-05
6.02   6.4413299126e-05
6.03   6.3190243198e-05
6.04   6.1990347007e-05
6.05   6.0813173553e-05
6.06   5.9658294051e-05
6.07   5.8525287761e-05
6.08   5.7413741846e-05
6.09   5.6323251226e-05
6.1   5.5253418431e-05
6.11   5.4203853454e-05
6.12   5.3174173621e-05
6.13   5.2164003454e-05
6.14   5.1172974532e-05
6.15   5.0200725356e-05
6.16   4.9246901227e-05
6.17   4.8311154112e-05
6.18   4.7393142527e-05
6.19   4.64925314e-05
6.2   4.5608991977e-05
6.21   4.4742201683e-05
6.22   4.389184401e-05
6.23   4.3057608409e-05
6.24   4.2239190171e-05
6.25   4.1436290324e-05
6.26   4.064861552e-05
6.27   3.9875877937e-05
6.28   3.9117795174e-05
6.29   3.8374090145e-05
6.3   3.7644490984e-05
6.31   3.692873094e-05
6.32   3.6226548291e-05
6.33   3.5537686243e-05
6.34   3.4861892833e-05
6.35   3.419892086e-05
6.36   3.3548527772e-05
6.37   3.2910475591e-05
6.38   3.2284530823e-05
6.39   3.1670464373e-05
6.4   3.1068051467e-05
6.41   3.0477071566e-05
6.42   2.989730829e-05
6.43   2.9328549342e-05
6.44   2.8770586429e-05
6.45   2.8223215184e-05
6.46   2.7686235094e-05
6.47   2.715944943e-05
6.48   2.6642665173e-05
6.49   2.6135692943e-05
6.5   2.5638346939e-05
6.51   2.5150444866e-05
6.52   2.4671807867e-05
6.53   2.4202260462e-05
6.54   2.3741630481e-05
6.55   2.3289749007e-05
6.56   2.284645031e-05
6.57   2.2411571785e-05
6.58   2.1984953906e-05
6.59   2.1566440157e-05
6.6   2.1155876975e-05
6.61   2.0753113701e-05
6.62   2.0358002519e-05
6.63   1.9970398405e-05
6.64   1.9590159076e-05
6.65   1.9217144933e-05
6.66   1.8851219024e-05
6.67   1.8492246978e-05
6.68   1.8140096967e-05
6.69   1.7794639652e-05
6.7   1.7455748139e-05
6.71   1.7123297934e-05
6.72   1.6797166894e-05
6.73   1.6477235183e-05
6.74   1.6163385239e-05
6.75   1.5855501717e-05
6.76   1.5553471457e-05
6.77   1.5257183434e-05
6.78   1.4966528728e-05
6.79   1.4681400474e-05
6.8   1.4401693832e-05
6.81   1.412730594e-05
6.82   1.385813589e-05
6.83   1.3594084679e-05
6.84   1.3335055179e-05
6.85   1.3080952098e-05
6.86   1.2831681947e-05
6.87   1.2587153007e-05
6.88   1.2347275296e-05
6.89   1.211196053e-05
6.9   1.1881122104e-05
6.91   1.1654675047e-05
6.92   1.1432536001e-05
6.93   1.1214623183e-05
6.94   1.1000856359e-05
6.95   1.0791156814e-05
6.96   1.0585447324e-05
6.97   1.0383652125e-05
6.98   1.0185696891e-05
6.99   9.9915087052e-06
7   9.8010160294e-06
7.01   9.6141486812e-06
7.02   9.4308378075e-06
7.03   9.2510158597e-06
7.04   9.0746165687e-06
7.05   8.9015749203e-06
7.06   8.7318271315e-06
7.07   8.5653106321e-06
7.08   8.4019640354e-06
7.09   8.241727118e-06
7.1   8.0845407979e-06
7.11   7.9303471128e-06
7.12   7.7790891992e-06
7.13   7.6307112713e-06
7.14   7.4851585987e-06
7.15   7.3423774926e-06
7.16   7.2023152813e-06
7.17   7.0649202912e-06
7.18   6.9301418283e-06
7.19   6.7979301601e-06
7.2   6.6682364969e-06
7.21   6.5410129745e-06
7.22   6.4162126357e-06
7.23   6.293789413e-06
7.24   6.1736981167e-06
7.25   6.0558944122e-06
7.26   5.9403348057e-06
7.27   5.8269766288e-06
7.28   5.7157780224e-06
7.29   5.6066979214e-06
7.3   5.4996960401e-06
7.31   5.3947328557e-06
7.32   5.291769597e-06
7.33   5.1907682297e-06
7.34   5.0916914403e-06
7.35   4.9945026233e-06
7.36   4.8991658678e-06
7.37   4.8056459448e-06
7.38   4.7139082936e-06
7.39   4.6239190098e-06
7.4   4.5356448307e-06
7.41   4.4490531283e-06
7.42   4.3641118933e-06
7.43   4.2807897239e-06
7.44   4.1990558142e-06
7.45   4.1188799433e-06
7.46   4.0402324641e-06
7.47   3.9630842927e-06
7.48   3.8874068971e-06
7.49   3.8131722854e-06
7.5   3.7403530014e-06
7.51   3.6689221086e-06
7.52   3.598853182e-06
7.53   3.5301202986e-06
7.54   3.4626980277e-06
7.55   3.3965614217e-06
7.56   3.331686007e-06
7.57   3.2680477749e-06
7.58   3.2056231708e-06
7.59   3.1443890918e-06
7.6   3.084322872e-06
7.61   3.0254022762e-06
7.62   2.9676054918e-06
7.63   2.9109111206e-06
7.64   2.855298171e-06
7.65   2.8007460504e-06
7.66   2.7472345575e-06
7.67   2.6947438735e-06
7.68   2.6432545591e-06
7.69   2.5927475437e-06
7.7   2.5432041189e-06
7.71   2.4946059318e-06
7.72   2.4469349786e-06
7.73   2.4001735976e-06
7.74   2.3543044629e-06
7.75   2.309310578e-06
7.76   2.2651752685e-06
7.77   2.2218821787e-06
7.78   2.1794152641e-06
7.79   2.1377587847e-06
7.8   2.0968972996e-06
7.81   2.056815662e-06
7.82   2.0174990128e-06
7.83   1.9789327754e-06
7.84   1.9411026508e-06
7.85   1.9039946112e-06
7.86   1.8675948956e-06
7.87   1.8318900067e-06
7.88   1.7968667026e-06
7.89   1.7625119934e-06
7.9   1.7288131365e-06
7.91   1.6957576314e-06
7.92   1.6633332157e-06
7.93   1.6315278601e-06
7.94   1.6003297643e-06
7.95   1.5697273511e-06
7.96   1.5397092664e-06
7.97   1.5102643709e-06
7.98   1.4813817371e-06
7.99   1.4530506457e-06
8   1.4252605813e-06
8.01   1.3980012286e-06
8.02   1.3712624685e-06
8.03   1.3450343747e-06
8.04   1.3193072091e-06
8.05   1.2940714195e-06
8.06   1.2693176364e-06
8.07   1.245036668e-06
8.08   1.2212194976e-06
8.09   1.1978572798e-06
8.1   1.174941338e-06
8.11   1.1524631605e-06
8.12   1.1304143977e-06
8.13   1.1087868591e-06
8.14   1.0875725092e-06
8.15   1.066763467e-06
8.16   1.0463520013e-06
8.17   1.0263305279e-06
8.18   1.006691607e-06
8.19   9.8742794037e-07
8.2   9.68532369e-07
8.21   9.4999787005e-07
8.22   9.3181755446e-07
8.23   9.1398466439e-07
8.24   8.964925697e-07
8.25   8.7933476865e-07
8.26   8.6250488237e-07
8.27   8.4599665347e-07
8.28   8.2980394378e-07
8.29   8.1392073205e-07
8.3   7.9834111176e-07
8.31   7.8305928888e-07
8.32   7.6806957981e-07
8.33   7.5336640907e-07
8.34   7.3894430687e-07
8.35   7.2479790922e-07
8.36   7.1092195354e-07
8.37   6.9731127752e-07
8.38   6.8396081723e-07
8.39   6.7086560524e-07
8.4   6.5802076878e-07
8.41   6.4542152796e-07
8.42   6.3306319395e-07
8.43   6.2094116721e-07
8.44   6.0905093533e-07
8.45   5.9738807336e-07
8.46   5.8594823994e-07
8.47   5.7472717647e-07
8.48   5.6372070555e-07
8.49   5.529247294e-07
8.5   5.4233522834e-07
8.51   5.3194825935e-07
8.52   5.2175995456e-07
8.53   5.1176651982e-07
8.54   5.0196423265e-07
8.55   4.9234944302e-07
8.56   4.8291856979e-07
8.57   4.7366810011e-07
8.58   4.645945881e-07
8.59   4.5569465361e-07
8.6   4.4696498092e-07
8.61   4.3840231756e-07
8.62   4.3000347309e-07
8.63   4.2176531791e-07
8.64   4.1368478155e-07
8.65   4.0575885311e-07
8.66   3.9798457885e-07
8.67   3.9035906126e-07
8.68   3.8287945808e-07
8.69   3.7554298128e-07
8.7   3.68346896e-07
8.71   3.6128851957e-07
8.72   3.5436522046e-07
8.73   3.4757441739e-07
8.74   3.4091357802e-07
8.75   3.3438021854e-07
8.76   3.27971903e-07
8.77   3.2168624157e-07
8.78   3.1552089002e-07
8.79   3.0947354887e-07
8.8   3.035419625e-07
8.81   2.9772391834e-07
8.82   2.9201724603e-07
8.83   2.8641981664e-07
8.84   2.8092954188e-07
8.85   2.7554437277e-07
8.86   2.7026230048e-07
8.87   2.650813541e-07
8.88   2.5999960027e-07
8.89   2.5501514255e-07
8.9   2.5012612072e-07
8.91   2.4533071005e-07
8.92   2.4062712062e-07
8.93   2.3601359672e-07
8.94   2.3148841613e-07
8.95   2.2704988935e-07
8.96   2.2269635915e-07
8.97   2.1842620044e-07
8.98   2.1423781885e-07
8.99   2.1012965044e-07
9   2.0610016115e-07
9.01   2.021478462e-07
9.02   1.9827122953e-07
9.03   1.9446886329e-07
9.04   1.9073932726e-07
9.05   1.8708122836e-07
9.06   1.8349319983e-07
9.07   1.7997390139e-07
9.08   1.7652201845e-07
9.09   1.7313626137e-07
9.1   1.6981536512e-07
9.11   1.6655808886e-07
9.12   1.6336321543e-07
9.13   1.6022955093e-07
9.14   1.5715592425e-07
9.15   1.5414118668e-07
9.16   1.5118421142e-07
9.17   1.4828389294e-07
9.18   1.4543914729e-07
9.19   1.4264891117e-07
9.2   1.3991214149e-07
9.21   1.372278151e-07
9.22   1.3459492838e-07
9.23   1.3201249691e-07
9.24   1.2947955507e-07
9.25   1.2699515568e-07
9.26   1.2455836966e-07
9.27   1.2216828571e-07
9.28   1.1982400966e-07
9.29   1.1752466488e-07
9.3   1.1526939141e-07
9.31   1.1305734565e-07
9.32   1.1088770012e-07
9.33   1.0875964316e-07
9.34   1.0667237861e-07
9.35   1.0462512555e-07
9.36   1.0261711796e-07
9.37   1.0064760448e-07
9.38   9.8715848114e-08
9.39   9.6821125758e-08
9.4   9.4962728402e-08
9.41   9.313996064e-08
9.42   9.1352140254e-08
9.43   8.9598598065e-08
9.44   8.787867769e-08
9.45   8.6191735297e-08
9.46   8.453713936e-08
9.47   8.2914270431e-08
9.48   8.1322520905e-08
9.49   7.9761294796e-08
9.5   7.8230007419e-08
9.51   7.6728085297e-08
9.52   7.5254966167e-08
9.53   7.3810098358e-08
9.54   7.2392940748e-08
9.55   7.1002962566e-08
9.56   6.963964319e-08
9.57   6.8302471956e-08
9.58   6.6990947969e-08
9.59   6.5704579911e-08
9.6   6.4442885864e-08
9.61   6.3205393127e-08
9.62   6.1991637825e-08
9.63   6.0801165391e-08
9.64   5.963352976e-08
9.65   5.8488293391e-08
9.66   5.7365027116e-08
9.67   5.6263309975e-08
9.68   5.5182729064e-08
9.69   5.4122879378e-08
9.7   5.308336366e-08
9.71   5.2063792254e-08
9.72   5.1063782961e-08
9.73   5.0082960807e-08
9.74   4.9120958057e-08
9.75   4.817741416e-08
9.76   4.7251975353e-08
9.77   4.6344294645e-08
9.78   4.5454031684e-08
9.79   4.4580852632e-08
9.8   4.372443004e-08
9.81   4.2884442727e-08
9.82   4.2060575657e-08
9.83   4.1252519826e-08
9.84   4.0459972141e-08
9.85   3.9682635184e-08
9.86   3.8920217452e-08
9.87   3.817243298e-08
9.88   3.7439001237e-08
9.89   3.6719647063e-08
9.9   3.6014100564e-08
9.91   3.5322097014e-08
9.92   3.4643376756e-08
9.93   3.3977685101e-08
9.94   3.3324772238e-08
9.95   3.2684393139e-08
9.96   3.2056307467e-08
9.97   3.1440279347e-08
9.98   3.0836077697e-08
9.99   3.0243475741e-08
10   2.9662251036e-08
10.01   2.9092185402e-08
10.02   2.8533064834e-08
10.03   2.7984679426e-08
10.04   2.7446823292e-08
10.05   2.6919294489e-08
10.06   2.6401894941e-08
10.07   2.5894430366e-08
10.08   2.5396710203e-08
10.09   2.4908547412e-08
10.1   2.4429758797e-08
10.11   2.3960164547e-08
10.12   2.3499588293e-08
10.13   2.3047857048e-08
10.14   2.2604801135e-08
10.15   2.2170254131e-08
10.16   2.1744052797e-08
10.17   2.1326037024e-08
10.18   2.091604977e-08
10.19   2.0513937001e-08
10.2   2.0119547634e-08
10.21   1.973273338e-08
10.22   1.9353348986e-08
10.23   1.8981251904e-08
10.24   1.8616302308e-08
10.25   1.8258363053e-08
10.26   1.7907299619e-08
10.27   1.7562980066e-08
10.28   1.7225274981e-08
10.29   1.689405743e-08
10.3   1.6569202915e-08
10.31   1.625058932e-08
10.32   1.593809687e-08
10.33   1.5631608025e-08
10.34   1.5331007591e-08
10.35   1.5036182586e-08
10.36   1.4747022164e-08
10.37   1.4463417602e-08
10.38   1.4185262262e-08
10.39   1.391245155e-08
10.4   1.3644882875e-08
10.41   1.3382455615e-08
10.42   1.3125071075e-08
10.43   1.2872632454e-08
10.44   1.2625044803e-08
10.45   1.2382214976e-08
10.46   1.2144051593e-08
10.47   1.1910465128e-08
10.48   1.1681367715e-08
10.49   1.1456673171e-08
10.5   1.1236296963e-08
10.51   1.1020156184e-08
10.52   1.0808169511e-08
10.53   1.0600257186e-08
10.54   1.0396340975e-08
10.55   1.0196344147e-08
10.56   1.0000191443e-08
10.57   9.8078090448e-09
10.58   9.6191244999e-09
10.59   9.4340668305e-09
10.6   9.2525664081e-09
10.61   9.074554921e-09
10.62   8.899965368e-09
10.63   8.7287320327e-09
10.64   8.5607904593e-09
10.65   8.3960774281e-09
10.66   8.2345309318e-09
10.67   8.0760901527e-09
10.68   7.9206954393e-09
10.69   7.7682882846e-09
10.7   7.6188113007e-09
10.71   7.47220815e-09
10.72   7.3284236875e-09
10.73   7.187403771e-09
10.74   7.0490952971e-09
10.75   6.9134461811e-09
10.76   6.7804053376e-09
10.77   6.649922661e-09
10.78   6.5219490074e-09
10.79   6.3964361755e-09
10.8   6.2733368886e-09
10.81   6.1526047774e-09
10.82   6.0341943621e-09
10.83   5.9180610249e-09
10.84   5.8041609857e-09
10.85   5.6924513753e-09
10.86   5.5828901081e-09
10.87   5.4754359062e-09
10.88   5.3700482838e-09
10.89   5.266687532e-09
10.9   5.165314704e-09
10.91   5.0658916003e-09
10.92   4.9683807546e-09
10.93   4.8727454195e-09
10.94   4.778949553e-09
10.95   4.6869578045e-09
10.96   4.5967354931e-09
10.97   4.5082485883e-09
10.98   4.421463772e-09
10.99   4.336348333e-09
11   4.2528701879e-09
11.01   4.1709978693e-09
11.02   4.0907005135e-09
11.03   4.0119478497e-09
11.04   3.9347101879e-09
11.05   3.858958408e-09
11.06   3.7846639491e-09
11.07   3.7117987983e-09
11.08   3.6403354808e-09
11.09   3.5702470467e-09
11.1   3.5015070344e-09
11.11   3.4340895568e-09
11.12   3.3679691906e-09
11.13   3.3031210008e-09
11.14   3.2395205313e-09
11.15   3.1771437952e-09
11.16   3.1159672666e-09
11.17   3.0559678711e-09
11.18   2.9971229773e-09
11.19   2.9394103884e-09
11.2   2.882808334e-09
11.21   2.8272954616e-09
11.22   2.7728508285e-09
11.23   2.7194538716e-09
11.24   2.6670844616e-09
11.25   2.6157228484e-09
11.26   2.5653496542e-09
11.27   2.515945873e-09
11.28   2.4674928642e-09
11.29   2.4199723449e-09
11.3   2.3733663837e-09
11.31   2.3276573932e-09
11.32   2.282828124e-09
11.33   2.238861658e-09
11.34   2.1957414021e-09
11.35   2.1534510817e-09
11.36   2.1119747275e-09
11.37   2.071296674e-09
11.38   2.0314015858e-09
11.39   1.9922744048e-09
11.4   1.9539003618e-09
11.41   1.9162649715e-09
11.42   1.8793540269e-09
11.43   1.843153594e-09
11.44   1.8076500062e-09
11.45   1.7728298598e-09
11.46   1.7386800084e-09
11.47   1.7051875582e-09
11.48   1.6723398632e-09
11.49   1.6401245201e-09
11.5   1.6085293501e-09
11.51   1.5775424296e-09
11.52   1.547152065e-09
11.53   1.5173467804e-09
11.54   1.4881153203e-09
11.55   1.4594466455e-09
11.56   1.4313299291e-09
11.57   1.403754552e-09
11.58   1.3767100994e-09
11.59   1.3501863564e-09
11.6   1.3241733046e-09
11.61   1.2986611179e-09
11.62   1.2736401593e-09
11.63   1.2491009767e-09
11.64   1.2250342844e-09
11.65   1.201431004e-09
11.66   1.1782822213e-09
11.67   1.1555791911e-09
11.68   1.1333133362e-09
11.69   1.1114762446e-09
11.7   1.0900596656e-09
11.71   1.0690555072e-09
11.72   1.0484558331e-09
11.73   1.0282528593e-09
11.74   1.0084389515e-09
11.75   9.8900662221e-10
11.76   9.6994852779e-10
11.77   9.512574658e-10
11.78   9.3292635871e-10
11.79   9.1494829108e-10
11.8   8.9731646983e-10
11.81   8.8002423122e-10
11.82   8.6306503964e-10
11.83   8.4643248513e-10
11.84   8.3012028094e-10
11.85   8.1412226121e-10
11.86   7.9843237859e-10
11.87   7.8304470202e-10
11.88   7.6795341444e-10
11.89   7.5315281063e-10
11.9   7.3863729507e-10
11.91   7.2440137983e-10
11.92   7.1043967281e-10
11.93   6.9674690251e-10
11.94   6.8331789465e-10
11.95   6.7014757188e-10
11.96   6.5723095452e-10
11.97   6.4456315862e-10
11.98   6.3213939415e-10
11.99   6.1995496322e-10
12   6.0800525823e-10
12.01   5.9628576022e-10
12.02   5.847920371e-10
12.03   5.7351974201e-10
12.04   5.6246461171e-10
12.05   5.516224649e-10
12.06   5.4098919574e-10
12.07   5.3056078226e-10
12.08   5.2033328538e-10
12.09   5.1030283676e-10
12.1   5.0046564246e-10
12.11   4.9081798151e-10
12.12   4.8135620452e-10
12.13   4.7207673228e-10
12.14   4.6297605443e-10
12.15   4.5405072812e-10
12.16   4.4529737671e-10
12.17   4.3671268853e-10
12.18   4.2829341558e-10
12.19   4.2003637234e-10
12.2   4.1193843436e-10
12.21   4.0399652963e-10
12.22   3.9620766137e-10
12.23   3.8856888251e-10
12.24   3.8107730271e-10
12.25   3.7373008724e-10
12.26   3.665244559e-10
12.27   3.5945768196e-10
12.28   3.5252709116e-10
12.29   3.4573006069e-10
12.3   3.3906401819e-10
12.31   3.3252644077e-10
12.32   3.261148541e-10
12.33   3.1982683143e-10
12.34   3.1365999272e-10
12.35   3.0761200106e-10
12.36   3.0168056566e-10
12.37   2.9586344565e-10
12.38   2.9015843923e-10
12.39   2.8456338693e-10
12.4   2.7907617085e-10
12.41   2.7369471386e-10
12.42   2.6841697877e-10
12.43   2.632409676e-10
12.44   2.5816472081e-10
12.45   2.5318631657e-10
12.46   2.4830387002e-10
12.47   2.4351553258e-10
12.48   2.3881949123e-10
12.49   2.3421396784e-10
12.5   2.2969721531e-10
12.51   2.2526752419e-10
12.52   2.2092321965e-10
12.53   2.1666265676e-10
12.54   2.1248422224e-10
12.55   2.0838633387e-10
12.56   2.0436743986e-10
12.57   2.0042601833e-10
12.58   1.9656057663e-10
12.59   1.9276965088e-10
12.6   1.8905180535e-10
12.61   1.8540563195e-10
12.62   1.8182974968e-10
12.63   1.7832280413e-10
12.64   1.7488346696e-10
12.65   1.7151043274e-10
12.66   1.6820242459e-10
12.67   1.6495819147e-10
12.68   1.6177650456e-10
12.69   1.586561587e-10
12.7   1.5559597194e-10
12.71   1.5259478505e-10
12.72   1.4965146116e-10
12.73   1.4676488524e-10
12.74   1.4393396374e-10
12.75   1.4115762416e-10
12.76   1.3843481465e-10
12.77   1.3576450359e-10
12.78   1.3314567923e-10
12.79   1.3057734929e-10
12.8   1.2805853911e-10
12.81   1.2558829359e-10
12.82   1.23165679e-10
12.83   1.2078977742e-10
12.84   1.1845968862e-10
12.85   1.1617452971e-10
12.86   1.1393343477e-10
12.87   1.1173555459e-10
12.88   1.0958005628e-10
12.89   1.0746612299e-10
12.9   1.053929536e-10
12.91   1.0335976241e-10
12.92   1.0136577885e-10
12.93   9.9410247189e-11
12.94   9.7492426232e-11
12.95   9.5611588915e-11
12.96   9.3767019656e-11
12.97   9.1958022178e-11
12.98   9.0183910859e-11
12.99   8.8444013283e-11
13   8.673766998e-11
13.01   8.5064234183e-11
13.02   8.3423071578e-11
13.03   8.1813560063e-11
13.04   8.0235089517e-11
13.05   7.8687061564e-11
13.06   7.7168889353e-11
13.07   7.5679997331e-11
13.08   7.4219821025e-11
13.09   7.2787806837e-11
13.1   7.1383411824e-11
13.11   7.0006102275e-11
13.12   6.8655356051e-11
13.13   6.7330662233e-11
13.14   6.6031518597e-11
13.15   6.475743259e-11
13.16   6.3507921149e-11
13.17   6.2282510515e-11
13.18   6.1080736049e-11
13.19   5.9902142065e-11
13.2   5.8746281649e-11
13.21   5.7612716495e-11
13.22   5.6501016737e-11
13.23   5.5410760789e-11
13.24   5.4341535183e-11
13.25   5.3292934413e-11
13.26   5.2264560785e-11
13.27   5.1256022759e-11
13.28   5.0266938951e-11
13.29   4.9296934683e-11
13.3   4.8345642093e-11
13.31   4.7412700404e-11
13.32   4.6497755792e-11
13.33   4.5600461245e-11
13.34   4.4720476438e-11
13.35   4.3857467599e-11
13.36   4.3011107386e-11
13.37   4.2181074761e-11
13.38   4.136705487e-11
13.39   4.0568738923e-11
13.4   3.9785824078e-11
13.41   3.9018013326e-11
13.42   3.826501538e-11
13.43   3.75265432e-11
13.44   3.6802317815e-11
13.45   3.6092064703e-11
13.46   3.5395514437e-11
13.47   3.4712402778e-11
13.48   3.4042470579e-11
13.49   3.3385463686e-11
13.5   3.2741132841e-11
13.51   3.2109233586e-11
13.52   3.1489526173e-11
13.53   3.0881775474e-11
13.54   3.0285750888e-11
13.55   2.9701226257e-11
13.56   2.9127979777e-11
13.57   2.8565793922e-11
13.58   2.8014455352e-11
13.59   2.7475934777e-11
13.6   2.6948458197e-11
13.61   2.6431070503e-11
13.62   2.5923489698e-11
13.63   2.542544235e-11
13.64   2.4936665351e-11
13.65   2.445690761e-11
13.66   2.398593164e-11
13.67   2.3523515042e-11
13.68   2.3069451835e-11
13.69   2.2623553635e-11
13.7   2.2185650647e-11
13.71   2.175559245e-11
13.72   2.1333248554e-11
13.73   2.0918508714e-11
13.74   2.051128296e-11
13.75   2.0101463203e-11
13.76   1.96878281e-11
13.77   1.9282413706e-11
13.78   1.8885836834e-11
13.79   1.8498699753e-11
13.8   1.8121574794e-11
13.81   1.7754989007e-11
13.82   1.7399409002e-11
13.83   1.7055226105e-11
13.84   1.6722741959e-11
13.85   1.6402154712e-11
13.86   1.6093545912e-11
13.87   1.5796868249e-11
13.88   1.5511934277e-11
13.89   1.5238406252e-11
13.9   1.4975787202e-11
13.91   1.4723413389e-11
13.92   1.4547943565e-11
13.93   1.4381058991e-11
13.94   1.4217644361e-11
13.95   1.4054369392e-11
13.96   1.3887838541e-11
13.97   1.3714635041e-11
13.98   1.3531365574e-11
13.99   1.3334705242e-11
14   1.3121442511e-11
14.01   1.2888523794e-11
14.02   1.2633097326e-11
14.03   1.235255602e-11
14.04   1.2044578947e-11
14.05   1.1707171121e-11
14.06   1.133870125e-11
14.07   1.0937937118e-11
14.08   1.046889198e-11
14.09   9.8770052094e-12
14.1   9.2559339005e-12
14.11   8.6098796754e-12
14.12   7.9434267881e-12
14.13   7.2614850345e-12
14.14   6.5692302132e-12
14.15   5.872042587e-12
14.16   5.1754437948e-12
14.17   4.4850326621e-12
14.18   3.8064203612e-12
14.19   3.1451653689e-12
14.2   2.5067086715e-12
14.21   1.8963096668e-12
14.22   1.3189832121e-12
14.23   7.794382673e-13
14.24   2.8201858315e-13
14.25   -1.1656398326e-13
14.26   -3.8350611201e-13
14.27   -6.027825944e-13
14.28   -7.757905474e-13
14.29   -9.0438345757e-13
14.3   -9.908352075e-13
14.31   -1.0378012716e-12
14.32   -1.0482774229e-12
14.33   -1.0255562926e-12
14.34   -9.7318212411e-13
14.35   -8.9490406355e-13
14.36   -7.946283281e-13
14.37   -6.7636959428e-13
14.38   -5.4420194761e-13
14.39   -4.0220973575e-13
14.4   -2.5443866653e-13
14.41   -1.0484749286e-13
14.42   1.6726577962e-14
14.43   7.0323507882e-14
14.44   1.1764590858e-13
14.45   1.5793925708e-13
14.46   1.9066232627e-13
14.47   2.1547881419e-13
14.48   2.3224738087e-13
14.49   2.4101023228e-13
14.5   2.4198039073e-13
14.51   2.3552779106e-13
14.52   2.2216434198e-13
14.53   2.0252809209e-13
14.54   1.7736663983e-13
14.55   1.4751992676e-13
14.56   1.1390255368e-13
14.57   7.7485758767e-14
14.58   3.9279197324e-14
14.59   3.1266239865e-16
14.6   -6.3074148526e-15
14.61   -1.2112208053e-14
14.62   -1.7239848554e-14
14.63   -2.1591514357e-14
14.64   -2.5091639836e-14
14.65   -2.7687938751e-14
14.66   -2.9351094583e-14
14.67   -3.0074142065e-14
14.68   -2.9871563769e-14
14.69   -2.8778125633e-14
14.7   -2.6847475287e-14
14.71   -2.4150527067e-14
14.72   -2.0773657564e-14
14.73   -1.6816735605e-14
14.74   -1.2391010518e-14
14.75   -7.6168825616e-15
14.76   -2.6215793883e-15
14.77   0
14.78   0
14.79   0
14.8   0
14.81   0
14.82   0
14.83   0
14.84   0
14.85   0
14.86   0
14.87   0
14.88   0
14.89   0
14.9   0
14.91   0
14.92   0
14.93   0
14.94   0
14.95   0
14.96   0
14.97   0
14.98   0
14.99   0
15   0
15.01   0
15.02   0
15.03   0
15.04   0
15.05   0
15.06   0
15.07   0
15.08   0
15.09   0
15.1   0
15.11   0
15.12   0
15.13   0
15.14   0
15.15   0
15.16   0
15.17   0
15.18   0
15.19   0
15.2   0
15.21   0
15.22   0
15.23   0
15.24   0
15.25   0
15.26   0
15.27   0
15.28   0
15.29   0
15.3   0
15.31   0
15.32   0
15.33   0
15.34   0
15.35   0
15.36   0
15.37   0
15.38   0
15.39   0
15.4   0
15.41   0
15.42   0
15.43   0
15.44   0
15.45   0
15.46   0
15.47   0
15.48   0
15.49   0
15.5   0
15.51   0
15.52   0
15.53   0
15.54   0
15.55   0
15.56   0
15.57   0
15.58   0
15.59   0
15.6   0
15.61   0
15.62   0
15.63   0
15.64   0
15.65   0
15.66   0
15.67   0
15.68   0
15.69   0
15.7   0
15.71   0
15.72   0
15.73   0
15.74   0
15.75   0
15.76   0
15.77   0
15.78   0
15.79   0
15.8   0
15.81   0
15.82   0
15.83   0
15.84   0
15.85   0
15.86   0
15.87   0
15.88   0
15.89   0
15.9   0
15.91   0
15.92   0
15.93   0
15.94   0
15.95   0
15.96   0
15.97   0
15.98   0
15.99   0
16   0
16.01   0
16.02   0
16.03   0
16.04   0
16.05   0
16.06   0
16.07   0
16.08   0
16.09   0
16.1   0
16.11   0
16.12   0
16.13   0
16.14   0
16.15   0
16.16   0
16.17   0
16.18   0
16.19   0
16.2   0
16.21   0
16.22   0
16.23   0
16.24   0
16.25   0
16.26   0
16.27   0
16.28   0
16.29   0
16.3   0
16.31   0
16.32   0
16.33   0
16.34   0
16.35   0
16.36   0
16.37   0
16.38   0
16.39   0
16.4   0
16.41   0
16.42   0
16.43   0
16.44   0
16.45   0
16.46   0
16.47   0
16.48   0
16.49   0
16.5   0
16.51   0
16.52   0
16.53   0
16.54   0
16.55   0
16.56   0
16.57   0
16.58   0
16.59   0
16.6   0
16.61   0
16.62   0
16.63   0
16.64   0
16.65   0
16.66   0
16.67   0
16.68   0
16.69   0
16.7   0
16.71   0
16.72   0
16.73   0
16.74   0
16.75   0
16.76   0
16.77   0
16.78   0
16.79   0
16.8   0
16.81   0
16.82   0
16.83   0
16.84   0
16.85   0
16.86   0
16.87   0
16.88   0
16.89   0
16.9   0
16.91   0
16.92   0
16.93   0
16.94   0
16.95   0
16.96   0
16.97   0
16.98   0
16.99   0
17   0
17.01   0
17.02   0
17.03   0
17.04   0
17.05   0
17.06   0
17.07   0
17.08   0
17.09   0
17.1   0
17.11   0
17.12   0
17.13   0
17.14   0
17.15   0
17.16   0
17.17   0
17.18   0
17.19   0
17.2   0
17.21   0
17.22   0
17.23   0
17.24   0
17.25   0
17.26   0
17.27   0
17.28   0
17.29   0
17.3   0
17.31   0
17.32   0
17.33   0
17.34   0
17.35   0
17.36   0
17.37   0
17.38   0
17.39   0
17.4   0
17.41   0
17.42   0
17.43   0
17.44   0
17.45   0
17.46   0
17.47   0
17.48   0
17.49   0
17.5   0
17.51   0
17.52   0
17.53   0
17.54   0
17.55   0
17.56   0
17.57   0
17.58   0
17.59   0
17.6   0
17.61   0
17.62   0
17.63   0
17.64   0
17.65   0
17.66   0
17.67   0
17.68   0
17.69   0
17.7   0
17.71   0
17.72   0
17.73   0
17.74   0
17.75   0
17.76   0
17.77   0
17.78   0
17.79   0
17.8   0
17.81   0
17.82   0
17.83   0
17.84   0
17.85   0
17.86   0
17.87   0
17.88   0
17.89   0
17.9   0
17.91   0
17.92   0
17.93   0
17.94   0
17.95   0
17.96   0
17.97   0
17.98   0
17.99   0
18   0
18.01   0
18.02   0
18.03   0
18.04   0
18.05   0
18.06   0
18.07   0
18.08   0
18.09   0
18.1   0
18.11   0
18.12   0
18.13   0
18.14   0
18.15   0
18.16   0
18.17   0
18.18   0
18.19   0
18.2   0
18.21   0
18.22   0
18.23   0
18.24   0
18.25   0
18.26   0
18.27   0
18.28   0
18.29   0
18.3   0
18.31   0
18.32   0
18.33   0
18.34   0
18.35   0
18.36   0
18.37   0
18.38   0
18.39   0
18.4   0
18.41   0
18.42   0
18.43   0
18.44   0
18.45   0
18.46   0
18.47   0
18.48   0
18.49   0
18.5   0
18.51   0
18.52   0
18.53   0
18.54   0
18.55   0
18.56   0
18.57   0
18.58   0
18.59   0
18.6   0
18.61   0
18.62   0
18.63   0
18.64   0
18.65   0
18.66   0
18.67   0
18.68   0
18.69   0
18.7   0
18.71   0
18.72   0
18.73   0
18.74   0
18.75   0
18.76   0
18.77   0
18.78   0
18.79   0
18.8   0
18.81   0
18.82   0
18.83   0
18.84   0
18.85   0
18.86   0
18.87   0
18.88   0
18.89   0
18.9   0
18.91   0
18.92   0
18.93   0
18.94   0
18.95   0
18.96   0
18.97   0
18.98   0
18.99   0
19   0
19.01   0
19.02   0
19.03   0
19.04   0
19.05   0
19.06   0
19.07   0
19.08   0
19.09   0
19.1   0
19.11   0
19.12   0
19.13   0
19.14   0
19.15   0
19.16   0
19.17   0
19.18   0
19.19   0
19.2   0
19.21   0
19.22   0
19.23   0
19.24   0
19.25   0
19.26   0
19.27   0
19.28   0
19.29   0
19.3   0
19.31   0
19.32   0
19.33   0
19.34   0
19.35   0
19.36   0
19.37   0
19.38   0
19.39   0
19.4   0
19.41   0
19.42   0
19.43   0
