0   1.2941703265e-11
0.01   0.0028865607854
0.02   0.0057784736051
0.03   0.0086810726125
0.04   0.011599656404
0.05   0.014539470717
0.06   0.017505691686
0.07   0.020503409842
0.08   0.02353761499
0.09   0.02661318212
0.1   0.029734858459
0.11   0.032907251767
0.12   0.036134819945
0.13   0.039421861999
0.14   0.042772510392
0.15   0.046190724762
0.16   0.04968028699
0.17   0.053244797555
0.18   0.056887673096
0.19   0.060612145086
0.2   0.064421259493
0.21   0.068317877301
0.22   0.072304675734
0.23   0.076384150034
0.24   0.080558615632
0.25   0.084830210534
0.26   0.089200897781
0.27   0.093672467809
0.28   0.098246540572
0.29   0.10292456729
0.3   0.10770783172
0.31   0.11259745079
0.32   0.11759437464
0.33   0.12269938589
0.34   0.12791309814
0.35   0.13323595378
0.36   0.13866822102
0.37   0.14420999023
0.38   0.1498611697
0.39   0.15562148086
0.4   0.16149045307
0.41   0.16746741823
0.42   0.1735515052
0.43   0.17974163429
0.44   0.18603651198
0.45   0.19243462608
0.46   0.19893424141
0.47   0.20553339632
0.48   0.21222990007
0.49   0.21902133136
0.5   0.22590503812
0.51   0.23287813859
0.52   0.23993752397
0.53   0.24707986258
0.54   0.25430160564
0.55   0.26159899469
0.56   0.26896807069
0.57   0.27640468468
0.58   0.28390450998
0.59   0.29146305589
0.6   0.2990756827
0.61   0.30673761784
0.62   0.31444397308
0.63   0.32218976256
0.64   0.32996992135
0.65   0.33777932448
0.66   0.34561280602
0.67   0.3534651781
0.68   0.36133124959
0.69   0.36920584418
0.7   0.37708381762
0.71   0.38496007397
0.72   0.39282958058
0.73   0.40068738166
0.74   0.40852861028
0.75   0.41634849867
0.76   0.42414238673
0.77   0.43190572867
0.78   0.43963409781
0.79   0.44732318941
0.8   0.45496882179
0.81   0.46256693558
0.82   0.4701135914
0.83   0.47760496599
0.84   0.48503734709
0.85   0.4924071271
0.86   0.49971079587
0.87   0.5069449329
0.88   0.51410619898
0.89   0.52119132785
0.9   0.52819711785
0.91   0.53512042404
0.92   0.54195815092
0.93   0.54870724611
0.94   0.55536469506
0.95   0.56192751722
0.96   0.56839276363
0.97   0.57475751626
0.98   0.58101888912
0.99   0.5871740313
1   0.59322013191
1.01   0.59915442701
1.02   0.60497420848
1.03   0.61067683471
1.04   0.61625974313
1.05   0.62172046428
1.06   0.62705663738
1.07   0.63226602714
1.08   0.63734654158
1.09   0.64229625055
1.1   0.64711340483
1.11   0.65179645534
1.12   0.65634407226
1.13   0.66075516376
1.14   0.66502889397
1.15   0.66916470007
1.16   0.67316230793
1.17   0.67702174653
1.18   0.68074335951
1.19   0.68432781731
1.2   0.68777612316
1.21   0.69108962177
1.22   0.69426994711
1.23   0.69731892179
1.24   0.70023839041
1.25   0.70303016727
1.26   0.70569604609
1.27   0.70823783951
1.28   0.71065736904
1.29   0.71295644432
1.3   0.71513687351
1.31   0.71720046165
1.32   0.71914900857
1.33   0.72098430856
1.34   0.72270814956
1.35   0.7243223124
1.36   0.7258285701
1.37   0.72722868724
1.38   0.72852441923
1.39   0.72971751178
1.4   0.73080970024
1.41   0.73180270909
1.42   0.7326982514
1.43   0.73349802831
1.44   0.73420372857
1.45   0.73481702806
1.46   0.73533958945
1.47   0.7357730617
1.48   0.73611907976
1.49   0.7363792642
1.5   0.7365552209
1.51   0.73664854074
1.52   0.73666079932
1.53   0.73659355674
1.54   0.73644835733
1.55   0.73622672946
1.56   0.73593018534
1.57   0.73556022086
1.58   0.73511831544
1.59   0.73460593187
1.6   0.73402451622
1.61   0.73337549773
1.62   0.73266028871
1.63   0.73188028449
1.64   0.73103686336
1.65   0.73013138653
1.66   0.72916519808
1.67   0.72813962497
1.68   0.72705597702
1.69   0.72591554693
1.7   0.72471961027
1.71   0.72346942555
1.72   0.72216623422
1.73   0.72081126074
1.74   0.71940571261
1.75   0.71795078047
1.76   0.71644763813
1.77   0.71489744269
1.78   0.71330133459
1.79   0.71166043772
1.8   0.7099758595
1.81   0.70824869102
1.82   0.70648000711
1.83   0.70467086646
1.84   0.70282231177
1.85   0.70093536981
1.86   0.69901105163
1.87   0.69705035259
1.88   0.69505425259
1.89   0.69302371614
1.9   0.69095969253
1.91   0.68886311595
1.92   0.68673490565
1.93   0.68457596608
1.94   0.68238718705
1.95   0.68016944385
1.96   0.67792359744
1.97   0.67565049454
1.98   0.67335096788
1.99   0.67102583624
2   0.66867590471
2.01   0.66630196478
2.02   0.66390479449
2.03   0.66148515865
2.04   0.65904380893
2.05   0.65658148405
2.06   0.65409890994
2.07   0.65159679987
2.08   0.64907585463
2.09   0.64653676269
2.1   0.64398020032
2.11   0.64140683179
2.12   0.63881730951
2.13   0.63621227414
2.14   0.63359235483
2.15   0.63095816929
2.16   0.62831032398
2.17   0.62564941427
2.18   0.62297602457
2.19   0.62029072847
2.2   0.61759408891
2.21   0.61488665833
2.22   0.6121689788
2.23   0.60944158214
2.24   0.60670499013
2.25   0.60395971459
2.26   0.60120625755
2.27   0.59844511137
2.28   0.59567675892
2.29   0.59290167365
2.3   0.59012031979
2.31   0.58733315244
2.32   0.58454061774
2.33   0.58174315294
2.34   0.57894118661
2.35   0.57613513871
2.36   0.57332542073
2.37   0.57051243584
2.38   0.56769657896
2.39   0.56487823696
2.4   0.5620577887
2.41   0.55923560522
2.42   0.5564120498
2.43   0.55358747811
2.44   0.55076223834
2.45   0.54793667127
2.46   0.54511111042
2.47   0.54228588213
2.48   0.5394613057
2.49   0.5366376935
2.5   0.53381535104
2.51   0.53099457712
2.52   0.5281756639
2.53   0.52535889702
2.54   0.52254455571
2.55   0.51973291286
2.56   0.51692423517
2.57   0.51411878319
2.58   0.51131681147
2.59   0.50851856859
2.6   0.50572429735
2.61   0.50293423476
2.62   0.50014861221
2.63   0.49736765551
2.64   0.49459158502
2.65   0.49182061569
2.66   0.48905495721
2.67   0.48629481404
2.68   0.48354038551
2.69   0.48079186593
2.7   0.47804944465
2.71   0.47531330612
2.72   0.47258363002
2.73   0.4698605913
2.74   0.46714436029
2.75   0.46443510274
2.76   0.46173297993
2.77   0.45903814871
2.78   0.45635076163
2.79   0.45367096695
2.8   0.45099890875
2.81   0.448334727
2.82   0.44567855762
2.83   0.44303053253
2.84   0.44039077978
2.85   0.43775942356
2.86   0.43513658427
2.87   0.43252237863
2.88   0.4299169197
2.89   0.42732031695
2.9   0.42473267637
2.91   0.42215410046
2.92   0.41958468834
2.93   0.41702453581
2.94   0.41447373538
2.95   0.41193237636
2.96   0.40940054489
2.97   0.40687832405
2.98   0.40436579384
2.99   0.40186303129
3   0.39937011051
3.01   0.39688710273
3.02   0.39441407636
3.03   0.39195109705
3.04   0.38949822771
3.05   0.38705552862
3.06   0.38462305743
3.07   0.38220086923
3.08   0.37978901659
3.09   0.37738754963
3.1   0.37499651605
3.11   0.37261596118
3.12   0.37024592802
3.13   0.36788645731
3.14   0.36553758754
3.15   0.36319935504
3.16   0.36087179398
3.17   0.35855493643
3.18   0.35624881242
3.19   0.35395344996
3.2   0.35166887508
3.21   0.3493951119
3.22   0.34713218263
3.23   0.34488010764
3.24   0.34263890549
3.25   0.34040859297
3.26   0.33818918513
3.27   0.33598069532
3.28   0.33378313525
3.29   0.33159651499
3.3   0.32942084303
3.31   0.3272561263
3.32   0.32510237021
3.33   0.32295957871
3.34   0.32082775428
3.35   0.31870689799
3.36   0.31659700953
3.37   0.31449808722
3.38   0.31241012808
3.39   0.31033312784
3.4   0.30826708096
3.41   0.30621198068
3.42   0.30416781904
3.43   0.30213458691
3.44   0.300112274
3.45   0.29810086894
3.46   0.29610035926
3.47   0.29411073142
3.48   0.29213197086
3.49   0.29016406201
3.5   0.28820698832
3.51   0.2862607323
3.52   0.28432527551
3.53   0.28240059861
3.54   0.28048668138
3.55   0.27858350275
3.56   0.27669104082
3.57   0.27480927285
3.58   0.27293817533
3.59   0.271077724
3.6   0.26922789383
3.61   0.26738865906
3.62   0.26555999325
3.63   0.26374186926
3.64   0.2619342593
3.65   0.26013713493
3.66   0.25835046707
3.67   0.25657422606
3.68   0.25480838164
3.69   0.25305290298
3.7   0.25130775871
3.71   0.24957291692
3.72   0.24784834517
3.73   0.24613401055
3.74   0.24442987964
3.75   0.24273591856
3.76   0.241052093
3.77   0.23937836819
3.78   0.23771470895
3.79   0.23606107969
3.8   0.23441744443
3.81   0.23278376682
3.82   0.23116001014
3.83   0.22954613733
3.84   0.22794211098
3.85   0.22634789338
3.86   0.2247634465
3.87   0.223188732
3.88   0.22162371128
3.89   0.22006834545
3.9   0.21852259537
3.91   0.21698642164
3.92   0.21545978463
3.93   0.2139426445
3.94   0.21243496115
3.95   0.21093669433
3.96   0.20944780356
3.97   0.20796824817
3.98   0.20649798735
3.99   0.20503698009
4   0.20358518525
4.01   0.20214256153
4.02   0.20070906749
4.03   0.19928466157
4.04   0.19786930208
4.05   0.19646294725
4.06   0.19506555516
4.07   0.19367708382
4.08   0.19229749117
4.09   0.19092673503
4.1   0.18956477318
4.11   0.18821156331
4.12   0.18686706309
4.13   0.18553123009
4.14   0.18420402188
4.15   0.18288539597
4.16   0.18157530983
4.17   0.18027372094
4.18   0.17898058671
4.19   0.17769586459
4.2   0.176419512
4.21   0.17515148634
4.22   0.17389174504
4.23   0.17264024554
4.24   0.17139694528
4.25   0.17016180172
4.26   0.16893477237
4.27   0.16771581473
4.28   0.16650488637
4.29   0.16530194488
4.3   0.16410694791
4.31   0.16291985312
4.32   0.16174061827
4.33   0.16056920114
4.34   0.1594055596
4.35   0.15824965155
4.36   0.15710143499
4.37   0.15596086797
4.38   0.15482790863
4.39   0.15370251517
4.4   0.15258464588
4.41   0.15147425914
4.42   0.15037131342
4.43   0.14927576728
4.44   0.14818757935
4.45   0.14710670839
4.46   0.14603311325
4.47   0.14496675288
4.48   0.14390758632
4.49   0.14285557274
4.5   0.14181067142
4.51   0.14077284172
4.52   0.13974204317
4.53   0.13871823536
4.54   0.13770137803
4.55   0.13669143104
4.56   0.13568835437
4.57   0.13469210813
4.58   0.13370265253
4.59   0.13271994794
4.6   0.13174395486
4.61   0.13077463389
4.62   0.1298119458
4.63   0.12885585149
4.64   0.12790631196
4.65   0.1269632884
4.66   0.1260267421
4.67   0.12509663452
4.68   0.12417292723
4.69   0.12325558198
4.7   0.12234456064
4.71   0.12143982522
4.72   0.12054133791
4.73   0.11964906101
4.74   0.11876295699
4.75   0.11788298846
4.76   0.11700911819
4.77   0.1161413091
4.78   0.11527952425
4.79   0.11442372687
4.8   0.11357388033
4.81   0.11272994817
4.82   0.11189189406
4.83   0.11105968185
4.84   0.11023327553
4.85   0.10941263927
4.86   0.10859773736
4.87   0.10778853428
4.88   0.10698499465
4.89   0.10618708326
4.9   0.10539476506
4.91   0.10460800515
4.92   0.10382676878
4.93   0.10305102139
4.94   0.10228072856
4.95   0.10151585603
4.96   0.10075636971
4.97   0.10000223565
4.98   0.099253420094
4.99   0.098509889422
5   0.097771610183
5.01   0.097038549087
5.02   0.096310673006
5.03   0.095587948972
5.04   0.094870344178
5.05   0.094157825982
5.06   0.0934503619
5.07   0.09274791961
5.08   0.092050466952
5.09   0.091357971927
5.1   0.090670402698
5.11   0.089987727588
5.12   0.089309915081
5.13   0.088636933822
5.14   0.087968752617
5.15   0.087305340433
5.16   0.086646666395
5.17   0.08599269979
5.18   0.085343410065
5.19   0.084698766826
5.2   0.084058739838
5.21   0.083423299027
5.22   0.082792414474
5.23   0.082166056424
5.24   0.081544195275
5.25   0.080926801586
5.26   0.080313846074
5.27   0.079705299612
5.28   0.079101133229
5.29   0.078501318114
5.3   0.07790582561
5.31   0.077314627215
5.32   0.076727694585
5.33   0.076144999529
5.34   0.075566514013
5.35   0.074992210156
5.36   0.07442206023
5.37   0.073856036663
5.38   0.073294112034
5.39   0.072736259076
5.4   0.072182450674
5.41   0.071632659864
5.42   0.071086859834
5.43   0.070545023924
5.44   0.070007125621
5.45   0.069473138567
5.46   0.068943036548
5.47   0.068416793504
5.48   0.06789438352
5.49   0.06737578083
5.5   0.066860959817
5.51   0.066349895009
5.52   0.065842561081
5.53   0.065338932855
5.54   0.064838985298
5.55   0.064342693522
5.56   0.063850032782
5.57   0.063360978478
5.58   0.062875506155
5.59   0.062393591499
5.6   0.061915210339
5.61   0.061440338644
5.62   0.060968952527
5.63   0.060501028241
5.64   0.060036542177
5.65   0.059575470868
5.66   0.059117790985
5.67   0.058663479338
5.68   0.058212512875
5.69   0.05776486868
5.7   0.057320523975
5.71   0.056879456118
5.72   0.056441642603
5.73   0.056007061059
5.74   0.055575689249
5.75   0.055147505071
5.76   0.054722486554
5.77   0.054300611863
5.78   0.053881859294
5.79   0.053466207274
5.8   0.053053634361
5.81   0.052644119245
5.82   0.052237640744
5.83   0.051834177808
5.84   0.051433709512
5.85   0.051036215064
5.86   0.050641673796
5.87   0.050250065167
5.88   0.049861368765
5.89   0.049475564302
5.9   0.049092631617
5.91   0.04871255067
5.92   0.04833530155
5.93   0.047960864466
5.94   0.047589219752
5.95   0.047220347863
5.96   0.046854229377
5.97   0.046490844993
5.98   0.046130175529
5.99   0.045772201927
6   0.045416905244
6.01   0.045064266658
6.02   0.044714267466
6.03   0.044366889083
6.04   0.044022113038
6.05   0.043679920981
6.06   0.043340294675
6.07   0.043003215999
6.08   0.042668666948
6.09   0.042336629631
6.1   0.042007086269
6.11   0.041680019199
6.12   0.041355410869
6.13   0.041033243839
6.14   0.04071350078
6.15   0.040396164475
6.16   0.040081217817
6.17   0.039768643809
6.18   0.039458425562
6.19   0.039150546298
6.2   0.038844989344
6.21   0.038541738137
6.22   0.03824077622
6.23   0.037942087242
6.24   0.037645654959
6.25   0.037351463231
6.26   0.037059496023
6.27   0.036769737405
6.28   0.036482171549
6.29   0.036196782733
6.3   0.035913555334
6.31   0.035632473834
6.32   0.035353522813
6.33   0.035076686956
6.34   0.034801951045
6.35   0.034529299964
6.36   0.034258718694
6.37   0.033990192317
6.38   0.033723706011
6.39   0.033459245054
6.4   0.033196794819
6.41   0.032936340777
6.42   0.032677868494
6.43   0.032421363632
6.44   0.032166811948
6.45   0.031914199294
6.46   0.031663511614
6.47   0.031414734948
6.48   0.031167855427
6.49   0.030922859275
6.5   0.030679732808
6.51   0.030438462433
6.52   0.030199034648
6.53   0.02996143604
6.54   0.029725653289
6.55   0.029491673161
6.56   0.029259482513
6.57   0.029029068288
6.58   0.028800417519
6.59   0.028573517325
6.6   0.028348354912
6.61   0.028124917573
6.62   0.027903192686
6.63   0.027683167713
6.64   0.027464830204
6.65   0.027248167791
6.66   0.027033168189
6.67   0.026819819199
6.68   0.026608108703
6.69   0.026398024666
6.7   0.026189555133
6.71   0.025982688234
6.72   0.025777412177
6.73   0.02557371525
6.74   0.025371585825
6.75   0.025171012348
6.76   0.024971983348
6.77   0.024774487432
6.78   0.024578513282
6.79   0.024384049663
6.8   0.024191085411
6.81   0.023999609444
6.82   0.023809610753
6.83   0.023621078406
6.84   0.023434001546
6.85   0.023248369392
6.86   0.023064171234
6.87   0.022881396441
6.88   0.022700034451
6.89   0.022520074777
6.9   0.022341507005
6.91   0.022164320794
6.92   0.021988505871
6.93   0.021814052039
6.94   0.021640949168
6.95   0.021469187201
6.96   0.02129875615
6.97   0.021129646097
6.98   0.020961847192
6.99   0.020795349655
7   0.020630143774
7.01   0.020466219905
7.02   0.020303568472
7.03   0.020142179963
7.04   0.019982044937
7.05   0.019823154016
7.06   0.019665497889
7.07   0.019509067311
7.08   0.019353853101
7.09   0.019199846143
7.1   0.019047037385
7.11   0.018895417839
7.12   0.018744978579
7.13   0.018595710745
7.14   0.018447605538
7.15   0.018300654219
7.16   0.018154848113
7.17   0.018010178608
7.18   0.01786663715
7.19   0.017724215247
7.2   0.017582904467
7.21   0.017442696437
7.22   0.017303582846
7.23   0.01716555544
7.24   0.017028606023
7.25   0.01689272646
7.26   0.016757908672
7.27   0.016624144638
7.28   0.016491426394
7.29   0.016359746034
7.3   0.016229095708
7.31   0.01609946762
7.32   0.015970854034
7.33   0.015843247265
7.34   0.015716639686
7.35   0.015591023723
7.36   0.015466391858
7.37   0.015342736626
7.38   0.015220050616
7.39   0.015098326469
7.4   0.014977556881
7.41   0.014857734598
7.42   0.014738852422
7.43   0.014620903203
7.44   0.014503879844
7.45   0.014387775301
7.46   0.014272582579
7.47   0.014158294734
7.48   0.014044904871
7.49   0.013932406147
7.5   0.013820791768
7.51   0.013710054988
7.52   0.013600189111
7.53   0.01349118749
7.54   0.013383043525
7.55   0.013275750665
7.56   0.013169302406
7.57   0.013063692292
7.58   0.012958913913
7.59   0.012854960906
7.6   0.012751826955
7.61   0.01264950579
7.62   0.012547991186
7.63   0.012447276963
7.64   0.012347356988
7.65   0.012248225172
7.66   0.01214987547
7.67   0.012052301882
7.68   0.01195549845
7.69   0.011859459263
7.7   0.011764178451
7.71   0.011669650188
7.72   0.011575868689
7.73   0.011482828214
7.74   0.011390523063
7.75   0.011298947581
7.76   0.01120809615
7.77   0.011117963198
7.78   0.01102854319
7.79   0.010939830635
7.8   0.010851820081
7.81   0.010764506117
7.82   0.01067788337
7.83   0.010591946509
7.84   0.010506690241
7.85   0.010422109313
7.86   0.01033819851
7.87   0.010254952657
7.88   0.010172366615
7.89   0.010090435285
7.9   0.010009153606
7.91   0.0099285165521
7.92   0.0098485191379
7.93   0.0097691564129
7.94   0.0096904234641
7.95   0.0096123154149
7.96   0.0095348274248
7.97   0.0094579546896
7.98   0.0093816924407
7.99   0.009306035945
8   0.0092309805048
8.01   0.0091565214573
8.02   0.0090826541745
8.03   0.009009374063
8.04   0.0089366765637
8.05   0.0088645571515
8.06   0.0087930113351
8.07   0.0087220346568
8.08   0.0086516226924
8.09   0.0085817710505
8.1   0.008512475373
8.11   0.008443731334
8.12   0.0083755346404
8.13   0.008307881031
8.14   0.0082407662769
8.15   0.0081741861806
8.16   0.0081081365764
8.17   0.0080426133297
8.18   0.0079776123371
8.19   0.007913129526
8.2   0.0078491608544
8.21   0.0077857023108
8.22   0.007722749914
8.23   0.0076602997125
8.24   0.0075983477849
8.25   0.0075368902392
8.26   0.0074759232128
8.27   0.0074154428722
8.28   0.007355445413
8.29   0.0072959270593
8.3   0.0072368840639
8.31   0.007178312708
8.32   0.0071202093006
8.33   0.0070625701791
8.34   0.0070053917083
8.35   0.0069486702806
8.36   0.0068924023157
8.37   0.0068365842605
8.38   0.0067812125889
8.39   0.0067262838014
8.4   0.0066717944251
8.41   0.0066177410137
8.42   0.0065641201467
8.43   0.0065109284298
8.44   0.0064581624945
8.45   0.0064058189978
8.46   0.0063538946224
8.47   0.006302386076
8.48   0.0062512900914
8.49   0.0062006034264
8.5   0.0061503228633
8.51   0.0061004452092
8.52   0.0060509672953
8.53   0.0060018859772
8.54   0.0059531981344
8.55   0.00590490067
8.56   0.0058569905112
8.57   0.0058094646083
8.58   0.0057623199351
8.59   0.0057155534885
8.6   0.0056691622883
8.61   0.0056231433773
8.62   0.0055774938207
8.63   0.0055322107063
8.64   0.0054872911442
8.65   0.0054427322666
8.66   0.0053985312279
8.67   0.0053546852039
8.68   0.0053111913925
8.69   0.0052680470128
8.7   0.0052252493055
8.71   0.0051827955322
8.72   0.0051406829759
8.73   0.0050989089401
8.74   0.0050574707494
8.75   0.0050163657486
8.76   0.0049755913033
8.77   0.0049351447991
8.78   0.0048950236418
8.79   0.0048552252573
8.8   0.0048157470912
8.81   0.0047765866088
8.82   0.0047377412949
8.83   0.004699208654
8.84   0.0046609862094
8.85   0.0046230715038
8.86   0.0045854620988
8.87   0.0045481555749
8.88   0.0045111495311
8.89   0.0044744415851
8.9   0.0044380293731
8.91   0.0044019105493
8.92   0.0043660827864
8.93   0.0043305437748
8.94   0.0042952912229
8.95   0.0042603228569
8.96   0.0042256364205
8.97   0.004191229675
8.98   0.0041571003988
8.99   0.004123246388
9   0.0040896654552
9.01   0.0040563554305
9.02   0.0040233141604
9.03   0.0039905395084
9.04   0.0039580293546
9.05   0.0039257815953
9.06   0.0038937941433
9.07   0.0038620649278
9.08   0.0038305918938
9.09   0.0037993730024
9.1   0.0037684062306
9.11   0.0037376895711
9.12   0.0037072210322
9.13   0.0036769986377
9.14   0.0036470204269
9.15   0.0036172844543
9.16   0.0035877887894
9.17   0.0035585315171
9.18   0.0035295107368
9.19   0.0035007245631
9.2   0.0034721711251
9.21   0.0034438485665
9.22   0.0034157550457
9.23   0.0033878887351
9.24   0.0033602478218
9.25   0.0033328305067
9.26   0.0033056350049
9.27   0.0032786595456
9.28   0.0032519023715
9.29   0.0032253617394
9.3   0.0031990359194
9.31   0.0031729231955
9.32   0.0031470218648
9.33   0.003121330238
9.34   0.0030958466388
9.35   0.0030705694041
9.36   0.0030454968839
9.37   0.003020627441
9.38   0.0029959594513
9.39   0.002971491303
9.4   0.0029472213974
9.41   0.0029231481481
9.42   0.002899269981
9.43   0.0028755853347
9.44   0.0028520926598
9.45   0.0028287904193
9.46   0.0028056770879
9.47   0.0027827511527
9.48   0.0027600111123
9.49   0.0027374554775
9.5   0.0027150827705
9.51   0.0026928915252
9.52   0.0026708802871
9.53   0.0026490476131
9.54   0.0026273920714
9.55   0.0026059122416
9.56   0.0025846067143
9.57   0.0025634740914
9.58   0.0025425129857
9.59   0.0025217220209
9.6   0.0025010998317
9.61   0.0024806450634
9.62   0.0024603563719
9.63   0.002440232424
9.64   0.0024202718968
9.65   0.0024004734779
9.66   0.0023808358653
9.67   0.002361357767
9.68   0.0023420379016
9.69   0.0023228749977
9.7   0.0023038677937
9.71   0.0022850150382
9.72   0.0022663154897
9.73   0.0022477679164
9.74   0.0022293710963
9.75   0.002211123817
9.76   0.0021930248757
9.77   0.0021750730793
9.78   0.0021572672439
9.79   0.002139606195
9.8   0.0021220887675
9.81   0.0021047138055
9.82   0.0020874801622
9.83   0.0020703867
9.84   0.00205343229
9.85   0.0020366158127
9.86   0.0020199361571
9.87   0.0020033922213
9.88   0.0019869829118
9.89   0.001970707144
9.9   0.0019545638419
9.91   0.001938551938
9.92   0.0019226703733
9.93   0.001906918097
9.94   0.001891294067
9.95   0.0018757972491
9.96   0.0018604266177
9.97   0.001845181155
9.98   0.0018300598514
9.99   0.0018150617055
10   0.0018001857235
10.01   0.0017854309198
10.02   0.0017707963166
10.03   0.0017562809438
10.04   0.0017418838389
10.05   0.0017276040474
10.06   0.0017134406219
10.07   0.0016993926231
10.08   0.0016854591187
10.09   0.0016716391841
10.1   0.001657931902
10.11   0.0016443363622
10.12   0.0016308516622
10.13   0.0016174769063
10.14   0.001604211206
10.15   0.0015910536799
10.16   0.0015780034539
10.17   0.0015650596604
10.18   0.001552221439
10.19   0.0015394879362
10.2   0.0015268583051
10.21   0.0015143317058
10.22   0.0015019073048
10.23   0.0014895842756
10.24   0.001477361798
10.25   0.0014652390585
10.26   0.0014532152502
10.27   0.0014412895723
10.28   0.0014294612307
10.29   0.0014177294375
10.3   0.0014060934113
10.31   0.0013945523766
10.32   0.0013831055644
10.33   0.0013717522117
10.34   0.0013604915616
10.35   0.0013493228633
10.36   0.001338245372
10.37   0.0013272583488
10.38   0.0013163610608
10.39   0.001305552781
10.4   0.001294832788
10.41   0.0012842003664
10.42   0.0012736548065
10.43   0.001263195404
10.44   0.0012528214607
10.45   0.0012425322836
10.46   0.0012323271855
10.47   0.0012222054845
10.48   0.0012121665044
10.49   0.0012022095742
10.5   0.0011923340284
10.51   0.0011825392068
10.52   0.0011728244546
10.53   0.001163189122
10.54   0.0011536325646
10.55   0.0011441541431
10.56   0.0011347532235
10.57   0.0011254291766
10.58   0.0011161813784
10.59   0.00110700921
10.6   0.0010979120573
10.61   0.0010888893112
10.62   0.0010799403675
10.63   0.0010710646268
10.64   0.0010622614946
10.65   0.0010535303812
10.66   0.0010448707014
10.67   0.001036281875
10.68   0.0010277633263
10.69   0.0010193144842
10.7   0.0010109347824
10.71   0.0010026236588
10.72   0.00099438055619
10.73   0.00098620492158
10.74   0.00097809620654
10.75   0.00097005386703
10.76   0.00096207736341
10.77   0.00095416616033
10.78   0.00094631972679
10.79   0.00093853753606
10.8   0.00093081906562
10.81   0.0009231637972
10.82   0.00091557121666
10.83   0.00090804081402
10.84   0.00090057208342
10.85   0.00089316452304
10.86   0.00088581763514
10.87   0.00087853092595
10.88   0.00087130390573
10.89   0.00086413608863
10.9   0.00085702699277
10.91   0.0008499761401
10.92   0.00084298305647
10.93   0.00083604727152
10.94   0.00082916831871
10.95   0.00082234573523
10.96   0.00081557906204
10.97   0.00080886784377
10.98   0.00080221162874
10.99   0.0007956099689
11   0.00078906241985
11.01   0.00078256854073
11.02   0.00077612789428
11.03   0.00076974004675
11.04   0.00076340456788
11.05   0.0007571210309
11.06   0.00075088901249
11.07   0.00074470809274
11.08   0.00073857785513
11.09   0.0007324978865
11.1   0.00072646777704
11.11   0.00072048712025
11.12   0.00071455551291
11.13   0.00070867255505
11.14   0.00070283784995
11.15   0.00069705100409
11.16   0.00069131162712
11.17   0.00068561933188
11.18   0.00067997373429
11.19   0.00067437445342
11.2   0.00066882111139
11.21   0.0006633133334
11.22   0.00065785074767
11.23   0.00065243298543
11.24   0.00064705968089
11.25   0.00064173047122
11.26   0.00063644499653
11.27   0.00063120289985
11.28   0.00062600382709
11.29   0.00062084742703
11.3   0.00061573335129
11.31   0.00061066125431
11.32   0.00060563079334
11.33   0.00060064162839
11.34   0.00059569342224
11.35   0.00059078584038
11.36   0.00058591855104
11.37   0.0005810912251
11.38   0.00057630353614
11.39   0.00057155516037
11.4   0.00056684577663
11.41   0.00056217506636
11.42   0.00055754271358
11.43   0.00055294840488
11.44   0.00054839182938
11.45   0.00054387267873
11.46   0.00053939064707
11.47   0.00053494543104
11.48   0.00053053672972
11.49   0.00052616424464
11.5   0.00052182767975
11.51   0.0005175267414
11.52   0.00051326113833
11.53   0.00050903058163
11.54   0.00050483478475
11.55   0.00050067346345
11.56   0.00049654633583
11.57   0.00049245312223
11.58   0.0004883935453
11.59   0.00048436732991
11.6   0.0004803742032
11.61   0.00047641389451
11.62   0.00047248613535
11.63   0.00046859065946
11.64   0.0004647272027
11.65   0.00046089550312
11.66   0.00045709530084
11.67   0.00045332633814
11.68   0.00044958835939
11.69   0.00044588111101
11.7   0.0004422043415
11.71   0.00043855780141
11.72   0.0004349412433
11.73   0.00043135442176
11.74   0.00042779709336
11.75   0.00042426901665
11.76   0.00042076995216
11.77   0.00041729966234
11.78   0.00041385791161
11.79   0.00041044446626
11.8   0.00040705909452
11.81   0.00040370156649
11.82   0.00040037165413
11.83   0.00039706913128
11.84   0.0003937937736
11.85   0.00039054535859
11.86   0.00038732366554
11.87   0.00038412847556
11.88   0.00038095957153
11.89   0.00037781673809
11.9   0.00037469976166
11.91   0.00037160843036
11.92   0.00036854253407
11.93   0.00036550186435
11.94   0.0003624862145
11.95   0.00035949537945
11.96   0.00035652915585
11.97   0.00035358734198
11.98   0.00035066973775
11.99   0.00034777614475
12   0.00034490636612
12.01   0.00034206020667
12.02   0.00033923747274
12.03   0.0003364379723
12.04   0.00033366151485
12.05   0.00033090791146
12.06   0.00032817697473
12.07   0.0003254685188
12.08   0.00032278235931
12.09   0.0003201183134
12.1   0.00031747619973
12.11   0.00031485583842
12.12   0.00031225705104
12.13   0.00030967966065
12.14   0.00030712349173
12.15   0.00030458837019
12.16   0.00030207412337
12.17   0.00029958058003
12.18   0.00029710757029
12.19   0.00029465492569
12.2   0.00029222247914
12.21   0.00028981006489
12.22   0.00028741751857
12.23   0.00028504467714
12.24   0.00028269137888
12.25   0.0002803574634
12.26   0.00027804277164
12.27   0.00027574714581
12.28   0.00027347042941
12.29   0.00027121246723
12.3   0.00026897310533
12.31   0.000266752191
12.32   0.00026454957281
12.33   0.00026236510055
12.34   0.00026019862523
12.35   0.00025804999911
12.36   0.0002559190756
12.37   0.00025380570937
12.38   0.00025170975622
12.39   0.00024963107318
12.4   0.00024756951841
12.41   0.00024552495125
12.42   0.00024349723217
12.43   0.00024148622281
12.44   0.00023949178591
12.45   0.00023751378535
12.46   0.00023555208612
12.47   0.00023360655431
12.48   0.0002316770571
12.49   0.00022976346276
12.5   0.00022786564065
12.51   0.00022598346118
12.52   0.00022411679582
12.53   0.0002222655171
12.54   0.00022042949859
12.55   0.00021860861489
12.56   0.00021680274164
12.57   0.00021501175547
12.58   0.00021323553405
12.59   0.00021147395604
12.6   0.00020972690106
12.61   0.00020799424977
12.62   0.00020627588378
12.63   0.00020457168565
12.64   0.00020288153892
12.65   0.0002012053281
12.66   0.00019954293861
12.67   0.00019789425683
12.68   0.00019625917007
12.69   0.00019463756654
12.7   0.0001930293354
12.71   0.00019143436669
12.72   0.00018985255136
12.73   0.00018828378126
12.74   0.00018672794911
12.75   0.00018518494851
12.76   0.00018365467395
12.77   0.00018213702077
12.78   0.00018063188515
12.79   0.00017913916416
12.8   0.00017765875567
12.81   0.00017619055843
12.82   0.00017473447198
12.83   0.0001732903967
12.84   0.00017185823379
12.85   0.00017043788525
12.86   0.00016902925389
12.87   0.00016763224333
12.88   0.00016624675794
12.89   0.0001648727029
12.9   0.00016350998418
12.91   0.00016215850849
12.92   0.00016081818333
12.93   0.00015948891693
12.94   0.00015817061831
12.95   0.0001568631972
12.96   0.00015556656409
12.97   0.0001542806302
12.98   0.00015300530746
12.99   0.00015174050856
13   0.00015048614687
13.01   0.00014924213649
13.02   0.00014800839222
13.03   0.00014678482955
13.04   0.00014557136468
13.05   0.00014436791448
13.06   0.0001431743965
13.07   0.00014199072899
13.08   0.00014081683085
13.09   0.00013965262165
13.1   0.00013849802162
13.11   0.00013735295165
13.12   0.00013621733326
13.13   0.00013509108863
13.14   0.00013397414058
13.15   0.00013286641256
13.16   0.00013176782864
13.17   0.00013067831353
13.18   0.00012959779253
13.19   0.00012852619159
13.2   0.00012746343724
13.21   0.00012640945662
13.22   0.00012536417747
13.23   0.00012432752812
13.24   0.00012329943749
13.25   0.00012227983508
13.26   0.00012126865098
13.27   0.00012026581585
13.28   0.0001192712609
13.29   0.00011828491792
13.3   0.00011730671927
13.31   0.00011633659785
13.32   0.00011537448711
13.33   0.00011442032107
13.34   0.00011347403425
13.35   0.00011253556176
13.36   0.00011160483919
13.37   0.00011068180269
13.38   0.00010976638894
13.39   0.00010885853511
13.4   0.00010795817892
13.41   0.00010706525857
13.42   0.00010617971279
13.43   0.00010530148081
13.44   0.00010443050235
13.45   0.00010356671764
13.46   0.00010271006737
13.47   0.00010186049275
13.48   0.00010101793547
13.49   0.00010018233769
13.5   9.935364203e-05
13.51   9.8531791614e-05
13.52   9.771673001e-05
13.53   9.6908401259e-05
13.54   9.6106749857e-05
13.55   9.5311720761e-05
13.56   9.4523259376e-05
13.57   9.3741311558e-05
13.58   9.2965823607e-05
13.59   9.2196742266e-05
13.6   9.1434014714e-05
13.61   9.0677588565e-05
13.62   8.9927411859e-05
13.63   8.9183433071e-05
13.64   8.8445601097e-05
13.65   8.7713865252e-05
13.66   8.6988175268e-05
13.67   8.626848129e-05
13.68   8.5554733873e-05
13.69   8.4846883979e-05
13.7   8.4144882973e-05
13.71   8.344868262e-05
13.72   8.275823508e-05
13.73   8.2073492909e-05
13.74   8.1394409051e-05
13.75   8.0720936839e-05
13.76   8.0053029989e-05
13.77   7.9390642596e-05
13.78   7.8733729132e-05
13.79   7.8082244446e-05
13.8   7.7436143761e-05
13.81   7.6795382663e-05
13.82   7.6159917106e-05
13.83   7.5529703407e-05
13.84   7.4904698241e-05
13.85   7.4284858639e-05
13.86   7.3670141986e-05
13.87   7.3060506018e-05
13.88   7.2455908818e-05
13.89   7.1856308816e-05
13.9   7.126166478e-05
13.91   7.0671935822e-05
13.92   7.0087081386e-05
13.93   6.9507061254e-05
13.94   6.8931835534e-05
13.95   6.8361364664e-05
13.96   6.7795609411e-05
13.97   6.7234530864e-05
13.98   6.6678090429e-05
13.99   6.6126249833e-05
14   6.5578971115e-05
14.01   6.503621663e-05
14.02   6.449794904e-05
14.03   6.3964131315e-05
14.04   6.343472673e-05
14.05   6.2909698863e-05
14.06   6.2389011591e-05
14.07   6.1872629088e-05
14.08   6.1360515825e-05
14.09   6.0852636562e-05
14.1   6.0348956353e-05
14.11   5.9849440536e-05
14.12   5.9354054735e-05
14.13   5.8862764861e-05
14.14   5.8375537103e-05
14.15   5.7892337929e-05
14.16   5.7413134083e-05
14.17   5.6937892582e-05
14.18   5.6466580716e-05
14.19   5.5999166043e-05
14.2   5.5535616389e-05
14.21   5.5075899844e-05
14.22   5.4619984763e-05
14.23   5.4167839759e-05
14.24   5.3719433706e-05
14.25   5.3274735733e-05
14.26   5.2833715222e-05
14.27   5.2396341811e-05
14.28   5.1962585382e-05
14.29   5.153241607e-05
14.3   5.1105804257e-05
14.31   5.0682720566e-05
14.32   5.0263135864e-05
14.33   4.9847021257e-05
14.34   4.9434348089e-05
14.35   4.9025087939e-05
14.36   4.8619212624e-05
14.37   4.8216694189e-05
14.38   4.7817504911e-05
14.39   4.7421617296e-05
14.4   4.7029004075e-05
14.41   4.6639638207e-05
14.42   4.6253492869e-05
14.43   4.5870541464e-05
14.44   4.549075761e-05
14.45   4.5114115144e-05
14.46   4.4740588117e-05
14.47   4.43701508e-05
14.48   4.4002777669e-05
14.49   4.3638443416e-05
14.5   4.3277122938e-05
14.51   4.2918791339e-05
14.52   4.256342393e-05
14.53   4.2210996224e-05
14.54   4.1861483937e-05
14.55   4.1514862984e-05
14.56   4.1171109479e-05
14.57   4.0830199735e-05
14.58   4.0492110256e-05
14.59   4.0156817743e-05
14.6   3.9824299089e-05
14.61   3.9494531375e-05
14.62   3.9167491874e-05
14.63   3.8843158043e-05
14.64   3.8521507527e-05
14.65   3.8202518158e-05
14.66   3.7886167947e-05
14.67   3.7572435088e-05
14.68   3.7261297954e-05
14.69   3.6952735097e-05
14.7   3.6646725245e-05
14.71   3.6343247302e-05
14.72   3.6042280347e-05
14.73   3.5743803629e-05
14.74   3.5447796571e-05
14.75   3.5154238764e-05
14.76   3.4863109967e-05
14.77   3.4574390107e-05
14.78   3.4288059276e-05
14.79   3.4004097731e-05
14.8   3.372248589e-05
14.81   3.3443204333e-05
14.82   3.3166233803e-05
14.83   3.28915552e-05
14.84   3.2619149581e-05
14.85   3.2348998161e-05
14.86   3.2081082307e-05
14.87   3.1815383543e-05
14.88   3.1551883543e-05
14.89   3.1290564133e-05
14.9   3.103140729e-05
14.91   3.0774395138e-05
14.92   3.051950995e-05
14.93   3.0266734143e-05
14.94   3.0016050282e-05
14.95   2.9767441074e-05
14.96   2.952088937e-05
14.97   2.927637816e-05
14.98   2.9033890576e-05
14.99   2.8793409889e-05
15   2.8554919509e-05
15.01   2.8318402983e-05
15.02   2.8083843993e-05
15.03   2.7851226356e-05
15.04   2.7620534021e-05
15.05   2.7391751073e-05
15.06   2.7164861724e-05
15.07   2.6939850319e-05
15.08   2.6716701332e-05
15.09   2.6495399364e-05
15.1   2.6275929146e-05
15.11   2.605827553e-05
15.12   2.5842423498e-05
15.13   2.5628358153e-05
15.14   2.5416064723e-05
15.15   2.5205528555e-05
15.16   2.4996735119e-05
15.17   2.4789670004e-05
15.18   2.4584318921e-05
15.19   2.4380667696e-05
15.2   2.4178702273e-05
15.21   2.3978408711e-05
15.22   2.3779773186e-05
15.23   2.3582781987e-05
15.24   2.3387421516e-05
15.25   2.3193678287e-05
15.26   2.3001538926e-05
15.27   2.281099017e-05
15.28   2.2622018864e-05
15.29   2.2434611964e-05
15.3   2.224875653e-05
15.31   2.2064439731e-05
15.32   2.1881648844e-05
15.33   2.1700371248e-05
