0   -2.4597469894e-11
0.01   0.00017358206354
0.02   0.00069400767328
0.03   0.0015603154419
0.04   0.0027709043192
0.05   0.0043235355528
0.06   0.0062153355476
0.07   0.0084427997368
0.08   0.0110017976
0.09   0.013887578985
0.1   0.017094781913
0.11   0.020617442034
0.12   0.024449003936
0.13   0.028582334476
0.14   0.033009738303
0.15   0.037722975739
0.16   0.042713283124
0.17   0.047971395748
0.18   0.053487573415
0.19   0.059251628667
0.2   0.065252957658
0.21   0.07148057359
0.22   0.077923142614
0.23   0.084569022029
0.24   0.091406300556
0.25   0.098422840449
0.26   0.10560632113
0.27   0.11294428404
0.28   0.12042417824
0.29   0.12803340658
0.3   0.13575937173
0.31   0.14358952192
0.32   0.15151139581
0.33   0.15951266604
0.34   0.16758118122
0.35   0.1757050058
0.36   0.18387245749
0.37   0.19207214206
0.38   0.20029298498
0.39   0.20852425996
0.4   0.2167556139
0.41   0.22497708848
0.42   0.23317913799
0.43   0.24135264363
0.44   0.24948892424
0.45   0.25757974361
0.46   0.26561731445
0.47   0.27359429937
0.48   0.28150380904
0.49   0.28933939783
0.5   0.2970950573
0.51   0.30476520782
0.52   0.31234468875
0.53   0.31982874752
0.54   0.3272130279
0.55   0.33449355795
0.56   0.34166673782
0.57   0.34872932783
0.58   0.35567843692
0.59   0.36251151187
0.6   0.36922632737
0.61   0.37582097699
0.62   0.38229386526
0.63   0.3886437007
0.64   0.39486948994
0.65   0.40097053264
0.66   0.40694641726
0.67   0.4127970173
0.68   0.41852248792
0.69   0.42412326267
0.7   0.42960004993
0.71   0.43495382898
0.72   0.44018584514
0.73   0.44529760395
0.74   0.45029086389
0.75   0.45516762754
0.76   0.45993013083
0.77   0.46458083028
0.78   0.46912238808
0.79   0.47355765486
0.8   0.47788965019
0.81   0.48212154084
0.82   0.48625661678
0.83   0.49029826532
0.84   0.49424994331
0.85   0.49811514795
0.86   0.50189738635
0.87   0.5056001444
0.88   0.50922685519
0.89   0.51278086766
0.9   0.51626541572
0.91   0.51968358862
0.92   0.52303830282
0.93   0.52633227607
0.94   0.52956800397
0.95   0.53274773971
0.96   0.53587347716
0.97   0.53894693781
0.98   0.54196956178
0.99   0.54494250322
1   0.54786663014
1.01   0.55074252878
1.02   0.55357051257
1.03   0.5563506355
1.04   0.55908270968
1.05   0.56176632696
1.06   0.56440088414
1.07   0.56698561134
1.08   0.56951960311
1.09   0.57200185165
1.1   0.5744312816
1.11   0.57680678571
1.12   0.57912726071
1.13   0.58139164275
1.14   0.58359894173
1.15   0.5857482738
1.16   0.58783889139
1.17   0.5898702104
1.18   0.59184183304
1.19   0.59375356831
1.2   0.59560544545
1.21   0.59739772576
1.22   0.59913087015
1.23   0.60080547139
1.24   0.60242213995
1.25   0.60398146832
1.26   0.60548403801
1.27   0.60693044784
1.28   0.60832130718
1.29   0.60965722163
1.3   0.61093880072
1.31   0.61216665692
1.32   0.61334140452
1.33   0.61446365954
1.34   0.61553403944
1.35   0.61655316272
1.36   0.61752164868
1.37   0.61844011705
1.38   0.61930918771
1.39   0.62012948042
1.4   0.62090161448
1.41   0.62162620849
1.42   0.62230388006
1.43   0.62293524557
1.44   0.62352091989
1.45   0.62406151615
1.46   0.6245576455
1.47   0.62500991689
1.48   0.62541893687
1.49   0.62578530935
1.5   0.62610963546
1.51   0.62639251328
1.52   0.62663453776
1.53   0.62683630048
1.54   0.62699838953
1.55   0.62712138937
1.56   0.62720588064
1.57   0.62725244008
1.58   0.62726164038
1.59   0.6272340501
1.6   0.6271702335
1.61   0.62707075051
1.62   0.62693615659
1.63   0.62676700267
1.64   0.62656383507
1.65   0.62632719541
1.66   0.62605762056
1.67   0.62575564261
1.68   0.62542178875
1.69   0.62505658127
1.7   0.62466053753
1.71   0.62423416989
1.72   0.62377798567
1.73   0.62329248717
1.74   0.62277817161
1.75   0.62223553111
1.76   0.62166505271
1.77   0.62106721831
1.78   0.6204425047
1.79   0.61979138354
1.8   0.61911432138
1.81   0.61841177962
1.82   0.61768421456
1.83   0.61693207738
1.84   0.61615581416
1.85   0.6153558659
1.86   0.61453266853
1.87   0.61368665292
1.88   0.6128182449
1.89   0.6119278653
1.9   0.61101592995
1.91   0.61008284972
1.92   0.60912903055
1.93   0.60815487346
1.94   0.60716077459
1.95   0.60614712523
1.96   0.60511431186
1.97   0.60406271615
1.98   0.60299271506
1.99   0.60190468079
2   0.60079898087
2.01   0.59967597821
2.02   0.59853603107
2.03   0.59737949317
2.04   0.59620671368
2.05   0.59501803729
2.06   0.59381380421
2.07   0.59259435026
2.08   0.59136000686
2.09   0.59011110111
2.1   0.5888479558
2.11   0.58757088946
2.12   0.58628021643
2.13   0.58497624685
2.14   0.58365928673
2.15   0.58232963799
2.16   0.58098759848
2.17   0.57963346206
2.18   0.57826751861
2.19   0.57689005407
2.2   0.57550135048
2.21   0.57410168606
2.22   0.5726913352
2.23   0.5712705685
2.24   0.56983965286
2.25   0.56839885147
2.26   0.56694842386
2.27   0.56548862597
2.28   0.56401971015
2.29   0.5625419252
2.3   0.56105551645
2.31   0.55956072574
2.32   0.55805779151
2.33   0.5565469488
2.34   0.5550284293
2.35   0.5535024614
2.36   0.55196927019
2.37   0.55042907756
2.38   0.54888210215
2.39   0.54732855946
2.4   0.54576866184
2.41   0.54420261854
2.42   0.54263063577
2.43   0.54105291668
2.44   0.53946966141
2.45   0.53788106718
2.46   0.53628732824
2.47   0.53468863596
2.48   0.53308517882
2.49   0.53147714248
2.5   0.52986470979
2.51   0.52824806084
2.52   0.52662737295
2.53   0.52500282076
2.54   0.5233745762
2.55   0.52174280855
2.56   0.52010768449
2.57   0.51846936807
2.58   0.51682802082
2.59   0.51518380169
2.6   0.51353686714
2.61   0.51188737116
2.62   0.51023546526
2.63   0.50858129856
2.64   0.50692501774
2.65   0.50526676715
2.66   0.50360668876
2.67   0.50194492224
2.68   0.50028160497
2.69   0.49861687205
2.7   0.49695085634
2.71   0.4952836885
2.72   0.49361549698
2.73   0.49194640808
2.74   0.49027654594
2.75   0.48860603259
2.76   0.48693498798
2.77   0.48526352998
2.78   0.48359177441
2.79   0.48191983507
2.8   0.48024782377
2.81   0.47857585034
2.82   0.47690402266
2.83   0.47523244668
2.84   0.47356122643
2.85   0.47189046408
2.86   0.47022025993
2.87   0.46855071242
2.88   0.46688191821
2.89   0.46521397213
2.9   0.46354696725
2.91   0.46188099488
2.92   0.46021614462
2.93   0.45855250433
2.94   0.4568901602
2.95   0.45522919675
2.96   0.45356969685
2.97   0.45191174174
2.98   0.45025541106
2.99   0.44860078285
3   0.4469479336
3.01   0.44529693825
3.02   0.44364787021
3.03   0.44200080138
3.04   0.4403558022
3.05   0.4387129416
3.06   0.43707228709
3.07   0.43543390475
3.08   0.43379785925
3.09   0.43216421387
3.1   0.4305330305
3.11   0.42890436971
3.12   0.4272782907
3.13   0.42565485139
3.14   0.42403410838
3.15   0.422416117
3.16   0.4208009313
3.17   0.41918860412
3.18   0.41757918705
3.19   0.41597273047
3.2   0.41436928359
3.21   0.41276889444
3.22   0.41117160987
3.23   0.40957747563
3.24   0.40798653632
3.25   0.40639883546
3.26   0.40481441544
3.27   0.40323331763
3.28   0.4016555823
3.29   0.40008124872
3.3   0.39851035512
3.31   0.3969429387
3.32   0.39537903571
3.33   0.39381868141
3.34   0.39226191008
3.35   0.39070875508
3.36   0.38915924883
3.37   0.38761342285
3.38   0.38607130775
3.39   0.38453293324
3.4   0.3829983282
3.41   0.38146752062
3.42   0.37994053766
3.43   0.37841740566
3.44   0.37689815015
3.45   0.37538279584
3.46   0.37387136669
3.47   0.37236388586
3.48   0.37086037577
3.49   0.36936085808
3.5   0.36786535374
3.51   0.36637388296
3.52   0.36488646525
3.53   0.36340311946
3.54   0.36192386371
3.55   0.36044871548
3.56   0.3589776916
3.57   0.35751080825
3.58   0.35604808097
3.59   0.35458952469
3.6   0.35313515374
3.61   0.35168498183
3.62   0.35023902211
3.63   0.34879728715
3.64   0.34735978896
3.65   0.34592653898
3.66   0.34449754813
3.67   0.34307282679
3.68   0.34165238483
3.69   0.3402362316
3.7   0.33882437596
3.71   0.33741682626
3.72   0.33601359041
3.73   0.33461467581
3.74   0.33322008943
3.75   0.33182983776
3.76   0.33044392688
3.77   0.32906236242
3.78   0.32768514959
3.79   0.32631229319
3.8   0.3249437976
3.81   0.32357966683
3.82   0.32221990447
3.83   0.32086451377
3.84   0.31951349756
3.85   0.31816685834
3.86   0.31682459825
3.87   0.31548671907
3.88   0.31415322225
3.89   0.31282410891
3.9   0.31149937984
3.91   0.31017903549
3.92   0.30886307605
3.93   0.30755150135
3.94   0.30624431097
3.95   0.30494150417
3.96   0.30364307993
3.97   0.30234903698
3.98   0.30105937374
3.99   0.29977408839
4   0.29849317886
4.01   0.29721664279
4.02   0.29594447763
4.03   0.29467668054
4.04   0.29341324847
4.05   0.29215417815
4.06   0.29089946606
4.07   0.28964910848
4.08   0.28840310148
4.09   0.28716144093
4.1   0.28592412247
4.11   0.28469114156
4.12   0.28346249349
4.13   0.28223817332
4.14   0.28101817597
4.15   0.27980249615
4.16   0.27859112841
4.17   0.27738406715
4.18   0.27618130657
4.19   0.27498284074
4.2   0.27378866356
4.21   0.27259876878
4.22   0.27141315001
4.23   0.2702318007
4.24   0.2690547142
4.25   0.26788188367
4.26   0.26671330218
4.27   0.26554896265
4.28   0.26438885789
4.29   0.26323298058
4.3   0.26208132327
4.31   0.26093387843
4.32   0.25979063839
4.33   0.25865159538
4.34   0.25751674152
4.35   0.25638606884
4.36   0.25525956927
4.37   0.25413723463
4.38   0.25301905665
4.39   0.251905027
4.4   0.25079513721
4.41   0.24968937877
4.42   0.24858774307
4.43   0.24749022142
4.44   0.24639680506
4.45   0.24530748514
4.46   0.24422225275
4.47   0.24314109891
4.48   0.24206401457
4.49   0.24099099061
4.5   0.23992201785
4.51   0.23885708706
4.52   0.23779618893
4.53   0.23673931411
4.54   0.23568645318
4.55   0.23463759668
4.56   0.23359273509
4.57   0.23255185884
4.58   0.23151495833
4.59   0.23048202388
4.6   0.2294530458
4.61   0.22842801434
4.62   0.22740691971
4.63   0.22638975208
4.64   0.22537650158
4.65   0.22436715831
4.66   0.22336171233
4.67   0.22236015368
4.68   0.22136247234
4.69   0.22036865829
4.7   0.21937870145
4.71   0.21839259175
4.72   0.21741031905
4.73   0.21643187321
4.74   0.21545724406
4.75   0.21448642141
4.76   0.21351939505
4.77   0.21255615473
4.78   0.2115966902
4.79   0.21064099119
4.8   0.2096890474
4.81   0.20874084851
4.82   0.2077963842
4.83   0.20685564414
4.84   0.20591861795
4.85   0.20498529528
4.86   0.20405566574
4.87   0.20312971893
4.88   0.20220744445
4.89   0.20128883189
4.9   0.20037387082
4.91   0.19946255081
4.92   0.19855486142
4.93   0.1976507922
4.94   0.1967503327
4.95   0.19585347245
4.96   0.194960201
4.97   0.19407050788
4.98   0.19318438261
4.99   0.19230181471
5   0.19142279372
5.01   0.19054730915
5.02   0.18967535052
5.03   0.18880690734
5.04   0.18794196914
5.05   0.18708052544
5.06   0.18622256575
5.07   0.18536807959
5.08   0.18451705649
5.09   0.18366948597
5.1   0.18282535756
5.11   0.18198466078
5.12   0.18114738518
5.13   0.18031352028
5.14   0.17948305563
5.15   0.17865598078
5.16   0.17783228528
5.17   0.17701195869
5.18   0.17619499056
5.19   0.17538137047
5.2   0.174571088
5.21   0.17376413273
5.22   0.17296049424
5.23   0.17216016214
5.24   0.17136312603
5.25   0.17056937553
5.26   0.16977890026
5.27   0.16899168984
5.28   0.16820773393
5.29   0.16742702216
5.3   0.1666495442
5.31   0.16587528972
5.32   0.16510424839
5.33   0.1643364099
5.34   0.16357176396
5.35   0.16281030028
5.36   0.16205200857
5.37   0.16129687857
5.38   0.16054490003
5.39   0.15979606269
5.4   0.15905035633
5.41   0.15830777073
5.42   0.15756829568
5.43   0.15683192098
5.44   0.15609863646
5.45   0.15536843193
5.46   0.15464129725
5.47   0.15391722227
5.48   0.15319619686
5.49   0.1524782109
5.5   0.1517632543
5.51   0.15105131695
5.52   0.15034238879
5.53   0.14963645975
5.54   0.14893351979
5.55   0.14823355887
5.56   0.14753656697
5.57   0.1468425341
5.58   0.14615145026
5.59   0.14546330548
5.6   0.1447780898
5.61   0.14409579327
5.62   0.14341640598
5.63   0.142739918
5.64   0.14206631944
5.65   0.14139560042
5.66   0.14072775107
5.67   0.14006276154
5.68   0.139400622
5.69   0.13874132263
5.7   0.13808485362
5.71   0.13743120521
5.72   0.1367803676
5.73   0.13613233106
5.74   0.13548708585
5.75   0.13484462224
5.76   0.13420493054
5.77   0.13356800107
5.78   0.13293382414
5.79   0.13230239012
5.8   0.13167368937
5.81   0.13104771226
5.82   0.13042444921
5.83   0.12980389063
5.84   0.12918602696
5.85   0.12857084865
5.86   0.12795834617
5.87   0.12734851
5.88   0.12674133066
5.89   0.12613679868
5.9   0.12553490458
5.91   0.12493563894
5.92   0.12433899233
5.93   0.12374495535
5.94   0.12315351861
5.95   0.12256467275
5.96   0.12197840841
5.97   0.12139471628
5.98   0.12081358704
5.99   0.12023501139
6   0.11965898006
6.01   0.1190854838
6.02   0.11851451337
6.03   0.11794605955
6.04   0.11738011315
6.05   0.11681666498
6.06   0.11625570589
6.07   0.11569722673
6.08   0.11514121838
6.09   0.11458767174
6.1   0.11403657772
6.11   0.11348792726
6.12   0.11294171132
6.13   0.11239792087
6.14   0.11185654691
6.15   0.11131758044
6.16   0.1107810125
6.17   0.11024683415
6.18   0.10971503645
6.19   0.10918561051
6.2   0.10865854742
6.21   0.10813383833
6.22   0.10761147438
6.23   0.10709144676
6.24   0.10657374664
6.25   0.10605836524
6.26   0.1055452938
6.27   0.10503452356
6.28   0.10452604581
6.29   0.10401985182
6.3   0.10351593293
6.31   0.10301428045
6.32   0.10251488574
6.33   0.10201774018
6.34   0.10152283516
6.35   0.1010301621
6.36   0.10053971243
6.37   0.10005147762
6.38   0.099565449125
6.39   0.099081618458
6.4   0.098599977134
6.41   0.098120516692
6.42   0.097643228692
6.43   0.097168104715
6.44   0.096695136362
6.45   0.096224315255
6.46   0.095755633039
6.47   0.095289081378
6.48   0.094824651957
6.49   0.094362336483
6.5   0.093902126682
6.51   0.093444014304
6.52   0.092987991118
6.53   0.092534048915
6.54   0.092082179507
6.55   0.091632374728
6.56   0.091184626431
6.57   0.090738926492
6.58   0.090295266809
6.59   0.089853639299
6.6   0.089414035903
6.61   0.088976448581
6.62   0.088540869316
6.63   0.088107290111
6.64   0.087675702993
6.65   0.087246100006
6.66   0.086818473221
6.67   0.086392814726
6.68   0.085969116633
6.69   0.085547371075
6.7   0.085127570206
6.71   0.084709706202
6.72   0.084293771261
6.73   0.083879757602
6.74   0.083467657465
6.75   0.083057463114
6.76   0.082649166833
6.77   0.082242760927
6.78   0.081838237724
6.79   0.081435589574
6.8   0.081034808848
6.81   0.080635887939
6.82   0.08023881926
6.83   0.079843595249
6.84   0.079450208365
6.85   0.079058651086
6.86   0.078668915915
6.87   0.078280995375
6.88   0.077894882013
6.89   0.077510568394
6.9   0.07712804711
6.91   0.07674731077
6.92   0.076368352007
6.93   0.075991163477
6.94   0.075615737855
6.95   0.075242067842
6.96   0.074870146156
6.97   0.074499965541
6.98   0.074131518761
6.99   0.073764798601
7   0.07339979787
7.01   0.073036509398
7.02   0.072674926037
7.03   0.07231504066
7.04   0.071956846163
7.05   0.071600335464
7.06   0.071245501503
7.07   0.070892337239
7.08   0.070540835658
7.09   0.070190989764
7.1   0.069842792584
7.11   0.069496237167
7.12   0.069151316585
7.13   0.068808023928
7.14   0.068466352314
7.15   0.068126294877
7.16   0.067787844776
7.17   0.067450995192
7.18   0.067115739327
7.19   0.066782070403
7.2   0.066449981668
7.21   0.066119466389
7.22   0.065790517854
7.23   0.065463129376
7.24   0.065137294287
7.25   0.064813005941
7.26   0.064490257716
7.27   0.064169043009
7.28   0.063849355241
7.29   0.063531187854
7.3   0.06321453431
7.31   0.062899388094
7.32   0.062585742715
7.33   0.062273591699
7.34   0.061962928598
7.35   0.061653746982
7.36   0.061346040446
7.37   0.061039802604
7.38   0.060735027093
7.39   0.060431707571
7.4   0.060129837718
7.41   0.059829411234
7.42   0.059530421843
7.43   0.059232863288
7.44   0.058936729335
7.45   0.058642013772
7.46   0.058348710407
7.47   0.058056813069
7.48   0.05776631561
7.49   0.057477211903
7.5   0.057189495841
7.51   0.056903161339
7.52   0.056618202335
7.53   0.056334612786
7.54   0.05605238667
7.55   0.055771517989
7.56   0.055492000763
7.57   0.055213829035
7.58   0.054936996868
7.59   0.054661498347
7.6   0.054387327579
7.61   0.054114478689
7.62   0.053842945826
7.63   0.053572723159
7.64   0.053303804876
7.65   0.053036185189
7.66   0.05276985833
7.67   0.05250481855
7.68   0.052241060123
7.69   0.051978577344
7.7   0.051717364526
7.71   0.051457416005
7.72   0.051198726137
7.73   0.0509412893
7.74   0.050685099891
7.75   0.050430152328
7.76   0.050176441049
7.77   0.049923960514
7.78   0.049672705202
7.79   0.049422669614
7.8   0.04917384827
7.81   0.048926235711
7.82   0.048679826498
7.83   0.048434615214
7.84   0.048190596459
7.85   0.047947764855
7.86   0.047706115047
7.87   0.047465641694
7.88   0.047226339482
7.89   0.046988203111
7.9   0.046751227305
7.91   0.046515406806
7.92   0.046280736378
7.93   0.046047210802
7.94   0.045814824882
7.95   0.04558357344
7.96   0.045353451318
7.97   0.045124453378
7.98   0.044896574502
7.99   0.044669809592
8   0.044444153567
8.01   0.044219601369
8.02   0.043996147959
8.03   0.043773788316
8.04   0.043552517438
8.05   0.043332330346
8.06   0.043113222076
8.07   0.042895187687
8.08   0.042678222255
8.09   0.042462320876
8.1   0.042247478665
8.11   0.042033690757
8.12   0.041820952305
8.13   0.041609258482
8.14   0.041398604479
8.15   0.041188985508
8.16   0.040980396797
8.17   0.040772833596
8.18   0.040566291171
8.19   0.040360764809
8.2   0.040156249815
8.21   0.039952741513
8.22   0.039750235245
8.23   0.039548726371
8.24   0.039348210273
8.25   0.039148682347
8.26   0.038950138011
8.27   0.038752572699
8.28   0.038555981865
8.29   0.038360360981
8.3   0.038165705538
8.31   0.037972011043
8.32   0.037779273023
8.33   0.037587487023
8.34   0.037396648607
8.35   0.037206753354
8.36   0.037017796864
8.37   0.036829774754
8.38   0.036642682659
8.39   0.036456516232
8.4   0.036271271143
8.41   0.03608694308
8.42   0.035903527751
8.43   0.035721020878
8.44   0.035539418203
8.45   0.035358715485
8.46   0.0351789085
8.47   0.034999993044
8.48   0.034821964926
8.49   0.034644819976
8.5   0.034468554041
8.51   0.034293162983
8.52   0.034118642683
8.53   0.033944989039
8.54   0.033772197967
8.55   0.033600265398
8.56   0.033429187282
8.57   0.033258959584
8.58   0.033089578287
8.59   0.032921039393
8.6   0.032753338916
8.61   0.032586472892
8.62   0.03242043737
8.63   0.032255228417
8.64   0.032090842116
8.65   0.031927274569
8.66   0.031764521892
8.67   0.031602580217
8.68   0.031441445695
8.69   0.031281114492
8.7   0.031121582789
8.71   0.030962846786
8.72   0.030804902697
8.73   0.030647746754
8.74   0.030491375202
8.75   0.030335784307
8.76   0.030180970347
8.77   0.030026929616
8.78   0.029873658427
8.79   0.029721153106
8.8   0.029569409996
8.81   0.029418425455
8.82   0.029268195858
8.83   0.029118717595
8.84   0.028969987071
8.85   0.028822000707
8.86   0.028674754941
8.87   0.028528246224
8.88   0.028382471023
8.89   0.028237425821
8.9   0.028093107118
8.91   0.027949511425
8.92   0.027806635272
8.93   0.027664475202
8.94   0.027523027774
8.95   0.027382289563
8.96   0.027242257156
8.97   0.027102927159
8.98   0.026964296189
8.99   0.02682636088
9   0.026689117881
9.01   0.026552563855
9.02   0.02641669548
9.03   0.026281509448
9.04   0.026147002465
9.05   0.026013171255
9.06   0.025880012553
9.07   0.025747523109
9.08   0.025615699688
9.09   0.025484539071
9.1   0.025354038049
9.11   0.025224193432
9.12   0.02509500204
9.13   0.024966460711
9.14   0.024838566294
9.15   0.024711315653
9.16   0.024584705668
9.17   0.024458733229
9.18   0.024333395244
9.19   0.024208688631
9.2   0.024084610325
9.21   0.023961157273
9.22   0.023838326436
9.23   0.023716114789
9.24   0.02359451932
9.25   0.023473537032
9.26   0.023353164938
9.27   0.023233400069
9.28   0.023114239466
9.29   0.022995680184
9.3   0.022877719293
9.31   0.022760353875
9.32   0.022643581025
9.33   0.022527397851
9.34   0.022411801474
9.35   0.022296789029
9.36   0.022182357664
9.37   0.022068504539
9.38   0.021955226828
9.39   0.021842521716
9.4   0.021730386402
9.41   0.021618818099
9.42   0.02150781403
9.43   0.021397371433
9.44   0.021287487557
9.45   0.021178159665
9.46   0.021069385031
9.47   0.020961160943
9.48   0.0208534847
9.49   0.020746353614
9.5   0.02063976501
9.51   0.020533716224
9.52   0.020428204604
9.53   0.020323227513
9.54   0.020218782322
9.55   0.020114866418
9.56   0.020011477196
9.57   0.019908612068
9.58   0.019806268453
9.59   0.019704443784
9.6   0.019603135507
9.61   0.019502341079
9.62   0.019402057967
9.63   0.019302283652
9.64   0.019203015625
9.65   0.019104251391
9.66   0.019005988463
9.67   0.018908224369
9.68   0.018810956646
9.69   0.018714182844
9.7   0.018617900523
9.71   0.018522107256
9.72   0.018426800627
9.73   0.018331978229
9.74   0.018237637668
9.75   0.018143776562
9.76   0.018050392539
9.77   0.017957483238
9.78   0.017865046309
9.79   0.017773079413
9.8   0.017681580223
9.81   0.017590546421
9.82   0.017499975702
9.83   0.017409865769
9.84   0.017320214339
9.85   0.017231019137
9.86   0.0171422779
9.87   0.017053988376
9.88   0.016966148323
9.89   0.016878755509
9.9   0.016791807712
9.91   0.016705302724
9.92   0.016619238343
9.93   0.01653361238
9.94   0.016448422655
9.95   0.016363666999
9.96   0.016279343253
9.97   0.016195449268
9.98   0.016111982906
9.99   0.016028942039
10   0.015946324547
10.01   0.015864128323
10.02   0.015782351268
10.03   0.015700991293
10.04   0.01562004632
10.05   0.01553951428
10.06   0.015459393115
10.07   0.015379680774
10.08   0.015300375219
10.09   0.01522147442
10.1   0.015142976357
10.11   0.015064879019
10.12   0.014987180406
10.13   0.014909878525
10.14   0.014832971395
10.15   0.014756457044
10.16   0.014680333509
10.17   0.014604598835
10.18   0.014529251079
10.19   0.014454288305
10.2   0.014379708587
10.21   0.014305510009
10.22   0.014231690664
10.23   0.014158248653
10.24   0.014085182086
10.25   0.014012489084
10.26   0.013940167775
10.27   0.013868216297
10.28   0.013796632797
10.29   0.01372541543
10.3   0.013654562361
10.31   0.013584071763
10.32   0.013513941817
10.33   0.013444170716
10.34   0.013374756657
10.35   0.01330569785
10.36   0.01323699251
10.37   0.013168638864
10.38   0.013100635145
10.39   0.013032979596
10.4   0.012965670466
10.41   0.012898706017
10.42   0.012832084515
10.43   0.012765804236
10.44   0.012699863465
10.45   0.012634260494
10.46   0.012568993625
10.47   0.012504061166
10.48   0.012439461435
10.49   0.012375192757
10.5   0.012311253466
10.51   0.012247641903
10.52   0.012184356418
10.53   0.012121395369
10.54   0.012058757122
10.55   0.011996440049
10.56   0.011934442532
10.57   0.011872762961
10.58   0.011811399733
10.59   0.011750351253
10.6   0.011689615932
10.61   0.011629192193
10.62   0.011569078462
10.63   0.011509273176
10.64   0.011449774778
10.65   0.011390581718
10.66   0.011331692456
10.67   0.011273105457
10.68   0.011214819194
10.69   0.01115683215
10.7   0.01109914281
10.71   0.011041749673
10.72   0.01098465124
10.73   0.010927846022
10.74   0.010871332537
10.75   0.010815109309
10.76   0.01075917487
10.77   0.01070352776
10.78   0.010648166526
10.79   0.01059308972
10.8   0.010538295904
10.81   0.010483783644
10.82   0.010429551516
10.83   0.010375598101
10.84   0.010321921989
10.85   0.010268521774
10.86   0.010215396058
10.87   0.010162543452
10.88   0.010109962571
10.89   0.010057652039
10.9   0.010005610484
10.91   0.0099538365435
10.92   0.0099023288605
10.93   0.0098510860848
10.94   0.0098001068727
10.95   0.0097493898874
10.96   0.0096989337983
10.97   0.0096487372818
10.98   0.0095987990205
10.99   0.0095491177036
11   0.0094996920268
11.01   0.0094505206921
11.02   0.009401602408
11.03   0.0093529358894
11.04   0.0093045198575
11.05   0.0092563530398
11.06   0.00920843417
11.07   0.0091607619883
11.08   0.0091133352408
11.09   0.0090661526802
11.1   0.0090192130649
11.11   0.0089725151598
11.12   0.0089260577358
11.13   0.0088798395698
11.14   0.0088338594449
11.15   0.0087881161501
11.16   0.0087426084804
11.17   0.0086973352369
11.18   0.0086522952265
11.19   0.008607487262
11.2   0.0085629101624
11.21   0.008518562752
11.22   0.0084744438615
11.23   0.008430552327
11.24   0.0083868869905
11.25   0.0083434466999
11.26   0.0083002303087
11.27   0.0082572366759
11.28   0.0082144646665
11.29   0.008171913151
11.3   0.0081295810055
11.31   0.0080874671117
11.32   0.0080455703569
11.33   0.0080038896338
11.34   0.0079624238409
11.35   0.0079211718818
11.36   0.0078801326658
11.37   0.0078393051077
11.38   0.0077986881275
11.39   0.0077582806508
11.4   0.0077180816082
11.41   0.0076780899361
11.42   0.0076383045758
11.43   0.0075987244742
11.44   0.0075593485832
11.45   0.00752017586
11.46   0.0074812052672
11.47   0.0074424357723
11.48   0.0074038663481
11.49   0.0073654959725
11.5   0.0073273236285
11.51   0.0072893483042
11.52   0.0072515689928
11.53   0.0072139846925
11.54   0.0071765944065
11.55   0.0071393971429
11.56   0.0071023919149
11.57   0.0070655777406
11.58   0.0070289536431
11.59   0.0069925186501
11.6   0.0069562717944
11.61   0.0069202121138
11.62   0.0068843386506
11.63   0.006848650452
11.64   0.00681314657
11.65   0.0067778260614
11.66   0.0067426879878
11.67   0.0067077314152
11.68   0.0066729554146
11.69   0.0066383590615
11.7   0.0066039414361
11.71   0.0065697016232
11.72   0.0065356387122
11.73   0.0065017517971
11.74   0.0064680399764
11.75   0.0064345023531
11.76   0.0064011380349
11.77   0.0063679461337
11.78   0.0063349257661
11.79   0.006302076053
11.8   0.0062693961198
11.81   0.0062368850962
11.82   0.0062045421165
11.83   0.0061723663191
11.84   0.0061403568469
11.85   0.006108512847
11.86   0.0060768334709
11.87   0.0060453178743
11.88   0.0060139652173
11.89   0.0059827746639
11.9   0.0059517453827
11.91   0.0059208765463
11.92   0.0058901673315
11.93   0.0058596169192
11.94   0.0058292244944
11.95   0.0057989892464
11.96   0.0057689103684
11.97   0.0057389870579
11.98   0.005709218516
11.99   0.0056796039484
12   0.0056501425645
12.01   0.0056208335776
12.02   0.0055916762051
12.03   0.0055626696686
12.04   0.0055338131931
12.05   0.005505106008
12.06   0.0054765473463
12.07   0.005448136445
12.08   0.0054198725449
12.09   0.0053917548908
12.1   0.0053637827311
12.11   0.0053359553182
12.12   0.005308271908
12.13   0.0052807317605
12.14   0.0052533341392
12.15   0.0052260783115
12.16   0.0051989635483
12.17   0.0051719891245
12.18   0.0051451543183
12.19   0.005118458412
12.2   0.005091900691
12.21   0.0050654804448
12.22   0.0050391969663
12.23   0.0050130495518
12.24   0.0049870375016
12.25   0.0049611601192
12.26   0.0049354167118
12.27   0.0049098065899
12.28   0.0048843290678
12.29   0.004858983463
12.3   0.0048337690968
12.31   0.0048086852935
12.32   0.0047837313812
12.33   0.0047589066913
12.34   0.0047342105585
12.35   0.004709642321
12.36   0.0046852013202
12.37   0.0046608869012
12.38   0.0046366984119
12.39   0.004612635204
12.4   0.0045886966321
12.41   0.0045648820545
12.42   0.0045411908324
12.43   0.0045176223305
12.44   0.0044941759164
12.45   0.0044708509614
12.46   0.0044476468395
12.47   0.0044245629282
12.48   0.0044015986081
12.49   0.0043787532629
12.5   0.0043560262794
12.51   0.0043334170478
12.52   0.004310924961
12.53   0.0042885494152
12.54   0.0042662898097
12.55   0.0042441455469
12.56   0.004222116032
12.57   0.0042002006735
12.58   0.0041783988828
12.59   0.0041567100743
12.6   0.0041351336653
12.61   0.0041136690762
12.62   0.0040923157304
12.63   0.0040710730541
12.64   0.0040499404764
12.65   0.0040289174295
12.66   0.0040080033484
12.67   0.0039871976708
12.68   0.0039664998376
12.69   0.0039459092923
12.7   0.0039254254814
12.71   0.0039050478541
12.72   0.0038847758624
12.73   0.0038646089613
12.74   0.0038445466084
12.75   0.003824588264
12.76   0.0038047333914
12.77   0.0037849814564
12.78   0.0037653319277
12.79   0.0037457842767
12.8   0.0037263379774
12.81   0.0037069925065
12.82   0.0036877473434
12.83   0.0036686019703
12.84   0.0036495558718
12.85   0.0036306085352
12.86   0.0036117594507
12.87   0.0035930081107
12.88   0.0035743540104
12.89   0.0035557966476
12.9   0.0035373355226
12.91   0.0035189701383
12.92   0.0035007000002
12.93   0.003482524616
12.94   0.0034644434965
12.95   0.0034464561545
12.96   0.0034285621054
12.97   0.0034107608673
12.98   0.0033930519606
12.99   0.0033754349081
13   0.0033579092352
13.01   0.0033404744696
13.02   0.0033231301415
13.03   0.0033058757834
13.04   0.0032887109303
13.05   0.0032716351196
13.06   0.0032546478909
13.07   0.0032377487865
13.08   0.0032209373506
13.09   0.00320421313
13.1   0.0031875756739
13.11   0.0031710245335
13.12   0.0031545592627
13.13   0.0031381794174
13.14   0.0031218845558
13.15   0.0031056742385
13.16   0.0030895480283
13.17   0.0030735054901
13.18   0.0030575461912
13.19   0.0030416697011
13.2   0.0030258755915
13.21   0.0030101634362
13.22   0.0029945328113
13.23   0.002978983295
13.24   0.0029635144678
13.25   0.0029481259122
13.26   0.0029328172128
13.27   0.0029175879566
13.28   0.0029024377325
13.29   0.0028873661316
13.3   0.0028723727469
13.31   0.0028574571738
13.32   0.0028426190096
13.33   0.0028278578536
13.34   0.0028131733074
13.35   0.0027985649745
13.36   0.0027840324603
13.37   0.0027695753725
13.38   0.0027551933206
13.39   0.0027408859163
13.4   0.002726652773
13.41   0.0027124935065
13.42   0.0026984077342
13.43   0.0026843950756
13.44   0.0026704551523
13.45   0.0026565875876
13.46   0.0026427920069
13.47   0.0026290680375
13.48   0.0026154153085
13.49   0.0026018334511
13.5   0.0025883220983
13.51   0.0025748808849
13.52   0.0025615094478
13.53   0.0025482074255
13.54   0.0025349744586
13.55   0.0025218101894
13.56   0.002508714262
13.57   0.0024956863226
13.58   0.0024827260189
13.59   0.0024698330007
13.6   0.0024570069192
13.61   0.0024442474279
13.62   0.0024315541817
13.63   0.0024189268374
13.64   0.0024063650537
13.65   0.0023938684908
13.66   0.0023814368108
13.67   0.0023690696776
13.68   0.0023567667568
13.69   0.0023445277155
13.7   0.0023323522228
13.71   0.0023202399494
13.72   0.0023081905677
13.73   0.0022962037517
13.74   0.0022842791773
13.75   0.0022724165218
13.76   0.0022606154644
13.77   0.0022488756858
13.78   0.0022371968684
13.79   0.0022255786962
13.8   0.0022140208549
13.81   0.0022025230317
13.82   0.0021910849157
13.83   0.0021797061971
13.84   0.0021683865682
13.85   0.0021571257227
13.86   0.0021459233557
13.87   0.0021347791642
13.88   0.0021236928464
13.89   0.0021126641025
13.9   0.0021016926338
13.91   0.0020907781433
13.92   0.0020799203358
13.93   0.0020691189172
13.94   0.0020583735952
13.95   0.0020476840789
13.96   0.0020370500789
13.97   0.0020264713073
13.98   0.0020159474778
13.99   0.0020054783053
14   0.0019950635065
14.01   0.0019847027994
14.02   0.0019743959033
14.03   0.0019641425394
14.04   0.0019539424298
14.05   0.0019437952984
14.06   0.0019337008704
14.07   0.0019236588724
14.08   0.0019136690325
14.09   0.0019037310801
14.1   0.0018938447461
14.11   0.0018840097627
14.12   0.0018742258635
14.13   0.0018644927836
14.14   0.0018548102592
14.15   0.0018451780282
14.16   0.0018355958295
14.17   0.0018260634037
14.18   0.0018165804924
14.19   0.0018071468389
14.2   0.0017977621875
14.21   0.0017884262839
14.22   0.0017791388753
14.23   0.0017698997101
14.24   0.0017607085378
14.25   0.0017515651094
14.26   0.0017424691773
14.27   0.001733420495
14.28   0.0017244188171
14.29   0.0017154639
14.3   0.0017065555007
14.31   0.0016976933781
14.32   0.0016888772918
14.33   0.0016801070031
14.34   0.0016713822741
14.35   0.0016627028685
14.36   0.001654068551
14.37   0.0016454790876
14.38   0.0016369342455
14.39   0.001628433793
14.4   0.0016199774999
14.41   0.0016115651369
14.42   0.0016031964759
14.43   0.0015948712901
14.44   0.0015865893539
14.45   0.0015783504427
14.46   0.0015701543332
14.47   0.0015620008032
14.48   0.0015538896316
14.49   0.0015458205986
14.5   0.0015377934855
14.51   0.0015298080745
14.52   0.0015218641492
14.53   0.0015139614942
14.54   0.0015060998953
14.55   0.0014982791393
14.56   0.0014904990141
14.57   0.0014827593088
14.58   0.0014750598135
14.59   0.0014674003195
14.6   0.001459780619
14.61   0.0014522005055
14.62   0.0014446597733
14.63   0.0014371582181
14.64   0.0014296956363
14.65   0.0014222718257
14.66   0.0014148865848
14.67   0.0014075397134
14.68   0.0014002310122
14.69   0.0013929602831
14.7   0.0013857273288
14.71   0.0013785319532
14.72   0.0013713739611
14.73   0.0013642531584
14.74   0.001357169352
14.75   0.0013501223496
14.76   0.0013431119603
14.77   0.0013361379938
14.78   0.0013292002609
14.79   0.0013222985735
14.8   0.0013154327444
14.81   0.0013086025873
14.82   0.001301807917
14.83   0.0012950485492
14.84   0.0012883243004
14.85   0.0012816349883
14.86   0.0012749804314
14.87   0.0012683604492
14.88   0.0012617748621
14.89   0.0012552234914
14.9   0.0012487061595
14.91   0.0012422226894
14.92   0.0012357729054
14.93   0.0012293566324
14.94   0.0012229736963
14.95   0.001216623924
14.96   0.0012103071432
14.97   0.0012040231825
14.98   0.0011977718715
14.99   0.0011915530404
15   0.0011853665207
15.01   0.0011792121443
15.02   0.0011730897445
15.03   0.0011669991549
15.04   0.0011609402104
15.05   0.0011549127465
15.06   0.0011489165997
15.07   0.0011429516074
15.08   0.0011370176076
15.09   0.0011311144393
15.1   0.0011252419424
15.11   0.0011193999575
15.12   0.001113588326
15.13   0.0011078068903
15.14   0.0011020554934
15.15   0.0010963339794
15.16   0.0010906421929
15.17   0.0010849799795
15.18   0.0010793471855
15.19   0.0010737436581
15.2   0.0010681692451
15.21   0.0010626237954
15.22   0.0010571071584
15.23   0.0010516191844
15.24   0.0010461597244
15.25   0.0010407286304
15.26   0.0010353257549
15.27   0.0010299509513
15.28   0.0010246040737
15.29   0.001019284977
15.3   0.0010139935169
15.31   0.0010087295496
15.32   0.0010034929325
15.33   0.00099828352328
