0   4.7124179559e-12
0.01   0.00027563697462
0.02   0.0011019273474
0.03   0.0024770113365
0.04   0.0043977956372
0.05   0.0068599629347
0.06   0.0098579852151
0.07   0.013385140874
0.08   0.017433535612
0.09   0.021994127111
0.1   0.027056753459
0.11   0.032610165309
0.12   0.038642061716
0.13   0.045139129612
0.14   0.052087086833
0.15   0.059470728624
0.16   0.067273977498
0.17   0.075479936332
0.18   0.084070944521
0.19   0.093028637037
0.2   0.10233400616
0.21   0.11196746567
0.22   0.12190891721
0.23   0.13213781854
0.24   0.14263325346
0.25   0.15337400285
0.26   0.16433861676
0.27   0.17550548692
0.28   0.18685291945
0.29   0.19835920731
0.3   0.21000270206
0.31   0.22176188461
0.32   0.23361543444
0.33   0.24554229699
0.34   0.25752174877
0.35   0.26953345986
0.36   0.28155755346
0.37   0.29357466203
0.38   0.30556597996
0.39   0.31751331232
0.4   0.32939911952
0.41   0.34120655769
0.42   0.35291951465
0.43   0.36452264135
0.44   0.37600137871
0.45   0.38734197987
0.46   0.39853152782
0.47   0.40955794855
0.48   0.42041001975
0.49   0.43107737526
0.5   0.44155050543
0.51   0.45182075355
0.52   0.4618803087
0.53   0.47172219509
0.54   0.48134025839
0.55   0.4907291491
0.56   0.49988430348
0.57   0.5088019221
0.58   0.51747894654
0.59   0.52591303434
0.6   0.53410253256
0.61   0.54204645018
0.62   0.54974442964
0.63   0.55719671766
0.64   0.56440413559
0.65   0.57136804944
0.66   0.57809033975
0.67   0.58457337143
0.68   0.59081996364
0.69   0.59683335978
0.7   0.6026171977
0.71   0.60817548004
0.72   0.61351254487
0.73   0.61863303642
0.74   0.62354187608
0.75   0.62824423354
0.76   0.63274549799
0.77   0.63705124954
0.78   0.6411672306
0.79   0.64509931735
0.8   0.64885349124
0.81   0.65243581057
0.82   0.65585238209
0.83   0.65910933275
0.84   0.66221278155
0.85   0.66516881177
0.86   0.66798344338
0.87   0.67066260613
0.88   0.67321211311
0.89   0.67563763522
0.9   0.67794467655
0.91   0.680138551
0.92   0.68222436026
0.93   0.68420697344
0.94   0.68609100846
0.95   0.68788081558
0.96   0.68958046308
0.97   0.69119372553
0.98   0.69272407454
0.99   0.69417467245
1   0.69554836889
1.01   0.69684770031
1.02   0.69807489275
1.03   0.69923186763
1.04   0.70032025069
1.05   0.70134138402
1.06   0.70229634103
1.07   0.70318594427
1.08   0.70401078589
1.09   0.70477125048
1.1   0.70546754012
1.11   0.70609970116
1.12   0.70666765265
1.13   0.70717121572
1.14   0.70761014379
1.15   0.70798415307
1.16   0.70829295292
1.17   0.70853627568
1.18   0.70871390544
1.19   0.7088257055
1.2   0.70887164386
1.21   0.70885181657
1.22   0.70876646848
1.23   0.70861601092
1.24   0.70840103605
1.25   0.70812232838
1.26   0.70778087267
1.27   0.70737784418
1.28   0.70691455479
1.29   0.7063923669
1.3   0.70581260513
1.31   0.70517655907
1.32   0.70448549235
1.33   0.70374066865
1.34   0.70294333193
1.35   0.70209470274
1.36   0.70119598489
1.37   0.70024836374
1.38   0.69925300594
1.39   0.69821105976
1.4   0.69712365511
1.41   0.69599190361
1.42   0.69481689873
1.43   0.69359971589
1.44   0.6923414126
1.45   0.69104302855
1.46   0.68970558583
1.47   0.68833008902
1.48   0.68691752538
1.49   0.68546886501
1.5   0.68398506105
1.51   0.68246704979
1.52   0.68091575095
1.53   0.67933206779
1.54   0.67771688735
1.55   0.67607108061
1.56   0.67439550273
1.57   0.67269099322
1.58   0.67095837615
1.59   0.66919846036
1.6   0.66741203968
1.61   0.66559989311
1.62   0.66376278506
1.63   0.66190146552
1.64   0.66001667032
1.65   0.65810912129
1.66   0.6561795265
1.67   0.65422858048
1.68   0.65225696438
1.69   0.65026534622
1.7   0.64825438109
1.71   0.64622471133
1.72   0.64417696678
1.73   0.64211176491
1.74   0.64002971112
1.75   0.63793139885
1.76   0.63581740981
1.77   0.6336883142
1.78   0.63154467085
1.79   0.62938702747
1.8   0.62721592079
1.81   0.62503187679
1.82   0.62283541084
1.83   0.62062702792
1.84   0.61840722277
1.85   0.6161764801
1.86   0.61393527474
1.87   0.61168407182
1.88   0.60942332694
1.89   0.60715348634
1.9   0.60487498708
1.91   0.60258825716
1.92   0.60029371573
1.93   0.59799177322
1.94   0.5956828315
1.95   0.59336728404
1.96   0.59104551605
1.97   0.58871790463
1.98   0.58638481893
1.99   0.58404662028
2   0.58170366232
2.01   0.57935629117
2.02   0.57700484554
2.03   0.57464965686
2.04   0.57229104944
2.05   0.56992934058
2.06   0.56756484068
2.07   0.5651978534
2.08   0.56282867576
2.09   0.56045759826
2.1   0.55808490501
2.11   0.55571087384
2.12   0.55333577639
2.13   0.55095987828
2.14   0.54858343916
2.15   0.54620671283
2.16   0.54382994738
2.17   0.54145338526
2.18   0.5390772634
2.19   0.53670181328
2.2   0.53432726107
2.21   0.5319538277
2.22   0.52958172895
2.23   0.52721117558
2.24   0.52484237336
2.25   0.52247552322
2.26   0.52011082129
2.27   0.51774845903
2.28   0.51538862328
2.29   0.51303149635
2.3   0.51067725612
2.31   0.50832607609
2.32   0.5059781255
2.33   0.50363356936
2.34   0.50129256855
2.35   0.49895527993
2.36   0.49662185632
2.37   0.49429244667
2.38   0.49196719609
2.39   0.48964624589
2.4   0.4873297337
2.41   0.48501779352
2.42   0.48271055576
2.43   0.48040814735
2.44   0.47811069176
2.45   0.47581830909
2.46   0.47353111613
2.47   0.4712492264
2.48   0.46897275025
2.49   0.46670179487
2.5   0.46443646439
2.51   0.46217685989
2.52   0.45992307952
2.53   0.45767521849
2.54   0.45543336916
2.55   0.45319762111
2.56   0.45096806114
2.57   0.44874477336
2.58   0.44652783923
2.59   0.44431733761
2.6   0.44211334483
2.61   0.43991593469
2.62   0.43772517855
2.63   0.43554114537
2.64   0.43336390174
2.65   0.43119351193
2.66   0.42903003797
2.67   0.42687353962
2.68   0.4247240745
2.69   0.42258169806
2.7   0.42044646368
2.71   0.41831842265
2.72   0.41619762428
2.73   0.41408411589
2.74   0.41197794287
2.75   0.4098791487
2.76   0.40778777501
2.77   0.40570386163
2.78   0.40362744658
2.79   0.40155856616
2.8   0.39949725493
2.81   0.39744354582
2.82   0.39539747007
2.83   0.39335905735
2.84   0.39132833576
2.85   0.38930533186
2.86   0.38729007069
2.87   0.38528257584
2.88   0.38328286945
2.89   0.38129097226
2.9   0.37930690362
2.91   0.37733068155
2.92   0.37536232274
2.93   0.37340184261
2.94   0.37144925531
2.95   0.36950457375
2.96   0.36756780967
2.97   0.3656389736
2.98   0.36371807496
2.99   0.36180512202
3   0.35990012198
3.01   0.35800308095
3.02   0.35611400401
3.03   0.35423289524
3.04   0.35235975769
3.05   0.35049459347
3.06   0.34863740374
3.07   0.34678818873
3.08   0.34494694778
3.09   0.34311367936
3.1   0.34128838107
3.11   0.33947104968
3.12   0.33766168117
3.13   0.33586027071
3.14   0.3340668127
3.15   0.3322813008
3.16   0.33050372795
3.17   0.32873408635
3.18   0.32697236754
3.19   0.32521856238
3.2   0.32347266106
3.21   0.32173465316
3.22   0.32000452762
3.23   0.31828227279
3.24   0.31656787645
3.25   0.31486132578
3.26   0.31316260745
3.27   0.31147170756
3.28   0.30978861171
3.29   0.308113305
3.3   0.30644577203
3.31   0.30478599693
3.32   0.30313396339
3.33   0.30148965462
3.34   0.29985305343
3.35   0.29822414221
3.36   0.29660290292
3.37   0.29498931717
3.38   0.29338336615
3.39   0.29178503072
3.4   0.29019429137
3.41   0.28861112825
3.42   0.28703552118
3.43   0.28546744967
3.44   0.28390689292
3.45   0.28235382983
3.46   0.28080823902
3.47   0.27927009883
3.48   0.27773938733
3.49   0.27621608237
3.5   0.27470016151
3.51   0.2731916021
3.52   0.27169038126
3.53   0.2701964759
3.54   0.26870986272
3.55   0.2672305182
3.56   0.26575841867
3.57   0.26429354023
3.58   0.26283585886
3.59   0.26138535032
3.6   0.25994199025
3.61   0.25850575413
3.62   0.25707661728
3.63   0.25565455491
3.64   0.25423954207
3.65   0.25283155372
3.66   0.25143056469
3.67   0.25003654968
3.68   0.24864948332
3.69   0.24726934013
3.7   0.24589609452
3.71   0.24452972085
3.72   0.24317019337
3.73   0.24181748628
3.74   0.24047157369
3.75   0.23913242965
3.76   0.23780002816
3.77   0.23647434317
3.78   0.23515534857
3.79   0.2338430182
3.8   0.23253732588
3.81   0.23123824538
3.82   0.22994575045
3.83   0.2286598148
3.84   0.22738041212
3.85   0.22610751609
3.86   0.22484110038
3.87   0.22358113862
3.88   0.22232760446
3.89   0.22108047154
3.9   0.21983971349
3.91   0.21860530394
3.92   0.21737721656
3.93   0.21615542497
3.94   0.21493990286
3.95   0.21373062389
3.96   0.21252756177
3.97   0.2113306902
3.98   0.21013998294
3.99   0.20895541373
4   0.20777695638
4.01   0.20660458471
4.02   0.20543827257
4.03   0.20427799384
4.04   0.20312372246
4.05   0.20197543239
4.06   0.20083309763
4.07   0.19969669223
4.08   0.19856619029
4.09   0.19744156595
4.1   0.19632279339
4.11   0.19520984685
4.12   0.19410270062
4.13   0.19300132905
4.14   0.19190570652
4.15   0.1908158075
4.16   0.18973160649
4.17   0.18865307807
4.18   0.18758019686
4.19   0.18651293756
4.2   0.18545127492
4.21   0.18439518375
4.22   0.18334463894
4.23   0.18229961544
4.24   0.18126008826
4.25   0.18022603248
4.26   0.17919742326
4.27   0.17817423582
4.28   0.17715644544
4.29   0.17614402749
4.3   0.17513695741
4.31   0.1741352107
4.32   0.17313876295
4.33   0.1721475898
4.34   0.17116166699
4.35   0.17018097032
4.36   0.16920547567
4.37   0.16823515901
4.38   0.16726999636
4.39   0.16630996383
4.4   0.16535503762
4.41   0.16440519399
4.42   0.16346040928
4.43   0.16252065993
4.44   0.16158592244
4.45   0.16065617339
4.46   0.15973138945
4.47   0.15881154735
4.48   0.15789662393
4.49   0.15698659609
4.5   0.15608144082
4.51   0.15518113518
4.52   0.15428565633
4.53   0.15339498149
4.54   0.15250908797
4.55   0.15162795318
4.56   0.15075155458
4.57   0.14987986974
4.58   0.14901287629
4.59   0.14815055196
4.6   0.14729287455
4.61   0.14643982195
4.62   0.14559137212
4.63   0.14474750312
4.64   0.14390819308
4.65   0.14307342021
4.66   0.14224316282
4.67   0.14141739928
4.68   0.14059610806
4.69   0.1397792677
4.7   0.13896685682
4.71   0.13815885414
4.72   0.13735523844
4.73   0.1365559886
4.74   0.13576108357
4.75   0.13497050239
4.76   0.13418422416
4.77   0.1334022281
4.78   0.13262449348
4.79   0.13185099966
4.8   0.13108172608
4.81   0.13031665227
4.82   0.12955575783
4.83   0.12879902243
4.84   0.12804642586
4.85   0.12729794794
4.86   0.12655356861
4.87   0.12581326787
4.88   0.1250770258
4.89   0.12434482257
4.9   0.12361663842
4.91   0.12289245368
4.92   0.12217224873
4.93   0.12145600407
4.94   0.12074370025
4.95   0.12003531792
4.96   0.11933083777
4.97   0.11863024061
4.98   0.11793350732
4.99   0.11724061883
5   0.11655155617
5.01   0.11586630045
5.02   0.11518483284
5.03   0.11450713461
5.04   0.11383318708
5.05   0.11316297167
5.06   0.11249646986
5.07   0.11183366322
5.08   0.11117453337
5.09   0.11051906204
5.1   0.10986723101
5.11   0.10921902214
5.12   0.10857441737
5.13   0.10793339872
5.14   0.10729594826
5.15   0.10666204817
5.16   0.10603168067
5.17   0.10540482807
5.18   0.10478147276
5.19   0.10416159718
5.2   0.10354518387
5.21   0.10293221543
5.22   0.10232267452
5.23   0.1017165439
5.24   0.10111380638
5.25   0.10051444484
5.26   0.099918442259
5.27   0.099325781656
5.28   0.098736446138
5.29   0.098150418878
5.3   0.097567683121
5.31   0.096988222181
5.32   0.096412019445
5.33   0.095839058367
5.34   0.095269322472
5.35   0.094702795356
5.36   0.094139460682
5.37   0.093579302184
5.38   0.093022303663
5.39   0.09246844899
5.4   0.091917722106
5.41   0.091370107017
5.42   0.090825587799
5.43   0.090284148596
5.44   0.089745773618
5.45   0.089210447145
5.46   0.088678153522
5.47   0.088148877162
5.48   0.087622602544
5.49   0.087099314214
5.5   0.086578996785
5.51   0.086061634935
5.52   0.085547213409
5.53   0.085035717016
5.54   0.084527130633
5.55   0.0840214392
5.56   0.083518627723
5.57   0.083018681274
5.58   0.082521584987
5.59   0.082027324064
5.6   0.081535883767
5.61   0.081047249426
5.62   0.080561406433
5.63   0.080078340244
5.64   0.079598036378
5.65   0.079120480417
5.66   0.078645658008
5.67   0.078173554858
5.68   0.07770415674
5.69   0.077237449486
5.7   0.076773418993
5.71   0.076312051218
5.72   0.075853332181
5.73   0.075397247964
5.74   0.074943784711
5.75   0.074492928624
5.76   0.074044665969
5.77   0.073598983073
5.78   0.073155866322
5.79   0.072715302165
5.8   0.072277277108
5.81   0.071841777719
5.82   0.071408790627
5.83   0.070978302519
5.84   0.070550300142
5.85   0.070124770302
5.86   0.069701699866
5.87   0.069281075757
5.88   0.068862884959
5.89   0.068447114515
5.9   0.068033751525
5.91   0.067622783147
5.92   0.067214196599
5.93   0.066807979154
5.94   0.066404118146
5.95   0.066002600964
5.96   0.065603415056
5.97   0.065206547925
5.98   0.064811987133
5.99   0.064419720298
6   0.064029735095
6.01   0.063642019254
6.02   0.063256560563
6.03   0.062873346866
6.04   0.06249236606
6.05   0.062113606101
6.06   0.061737055
6.07   0.061362700822
6.08   0.060990531688
6.09   0.060620535773
6.1   0.060252701308
6.11   0.059887016578
6.12   0.059523469923
6.13   0.059162049737
6.14   0.058802744466
6.15   0.058445542614
6.16   0.058090432735
6.17   0.057737403439
6.18   0.057386443387
6.19   0.057037541296
6.2   0.056690685934
6.21   0.056345866122
6.22   0.056003070734
6.23   0.055662288697
6.24   0.055323508989
6.25   0.054986720642
6.26   0.054651912737
6.27   0.054319074411
6.28   0.053988194849
6.29   0.053659263288
6.3   0.053332269018
6.31   0.053007201379
6.32   0.052684049761
6.33   0.052362803607
6.34   0.052043452407
6.35   0.051725985706
6.36   0.051410393095
6.37   0.051096664217
6.38   0.050784788766
6.39   0.050474756483
6.4   0.05016655716
6.41   0.049860180638
6.42   0.049555616809
6.43   0.04925285561
6.44   0.048951887032
6.45   0.048652701109
6.46   0.048355287928
6.47   0.048059637623
6.48   0.047765740375
6.49   0.047473586413
6.5   0.047183166017
6.51   0.04689446951
6.52   0.046607487265
6.53   0.046322209703
6.54   0.046038627291
6.55   0.045756730542
6.56   0.045476510017
6.57   0.045197956324
6.58   0.044921060117
6.59   0.044645812096
6.6   0.044372203006
6.61   0.044100223641
6.62   0.043829864838
6.63   0.043561117481
6.64   0.043293972498
6.65   0.043028420864
6.66   0.042764453598
6.67   0.042502061764
6.68   0.042241236471
6.69   0.041981968874
6.7   0.041724250169
6.71   0.041468071598
6.72   0.04121342445
6.73   0.040960300052
6.74   0.04070868978
6.75   0.040458585051
6.76   0.040209977325
6.77   0.039962858108
6.78   0.039717218946
6.79   0.039473051429
6.8   0.039230347191
6.81   0.038989097907
6.82   0.038749295294
6.83   0.038510931114
6.84   0.038273997167
6.85   0.0380384853
6.86   0.037804387396
6.87   0.037571695385
6.88   0.037340401234
6.89   0.037110496954
6.9   0.036881974597
6.91   0.036654826255
6.92   0.03642904406
6.93   0.036204620186
6.94   0.035981546848
6.95   0.0357598163
6.96   0.035539420836
6.97   0.03532035279
6.98   0.035102604538
6.99   0.034886168492
7   0.034671037107
7.01   0.034457202874
7.02   0.034244658326
7.03   0.034033396033
7.04   0.033823408605
7.05   0.03361468869
7.06   0.033407228976
7.07   0.033201022186
7.08   0.032996061085
7.09   0.032792338474
7.1   0.032589847192
7.11   0.032388580116
7.12   0.03218853016
7.13   0.031989690277
7.14   0.031792053455
7.15   0.03159561272
7.16   0.031400361136
7.17   0.031206291803
7.18   0.031013397856
7.19   0.03082167247
7.2   0.030631108852
7.21   0.030441700249
7.22   0.030253439942
7.23   0.030066321247
7.24   0.029880337518
7.25   0.029695482142
7.26   0.029511748545
7.27   0.029329130183
7.28   0.029147620553
7.29   0.028967213181
7.3   0.028787901632
7.31   0.028609679504
7.32   0.028432540429
7.33   0.028256478075
7.34   0.028081486142
7.35   0.027907558365
7.36   0.027734688513
7.37   0.02756287039
7.38   0.027392097829
7.39   0.027222364702
7.4   0.027053664911
7.41   0.026885992391
7.42   0.026719341111
7.43   0.026553705073
7.44   0.02638907831
7.45   0.026225454889
7.46   0.026062828909
7.47   0.025901194501
7.48   0.025740545828
7.49   0.025580877085
7.5   0.0254221825
7.51   0.025264456329
7.52   0.025107692863
7.53   0.024951886423
7.54   0.024797031362
7.55   0.024643122062
7.56   0.024490152938
7.57   0.024338118435
7.58   0.024187013028
7.59   0.024036831223
7.6   0.023887567556
7.61   0.023739216595
7.62   0.023591772934
7.63   0.023445231201
7.64   0.023299586052
7.65   0.023154832172
7.66   0.023010964276
7.67   0.022867977109
7.68   0.022725865444
7.69   0.022584624084
7.7   0.022444247861
7.71   0.022304731634
7.72   0.022166070294
7.73   0.022028258756
7.74   0.021891291967
7.75   0.021755164902
7.76   0.021619872561
7.77   0.021485409975
7.78   0.021351772201
7.79   0.021218954326
7.8   0.021086951462
7.81   0.02095575875
7.82   0.020825371357
7.83   0.020695784478
7.84   0.020566993334
7.85   0.020438993176
7.86   0.020311779277
7.87   0.020185346941
7.88   0.020059691495
7.89   0.019934808294
7.9   0.01981069272
7.91   0.019687340179
7.92   0.019564746105
7.93   0.019442905957
7.94   0.01932181522
7.95   0.019201469402
7.96   0.019081864041
7.97   0.018962994698
7.98   0.018844856957
7.99   0.018727446431
8   0.018610758756
8.01   0.018494789593
8.02   0.018379534627
8.03   0.018264989569
8.04   0.018151150153
8.05   0.018038012138
8.06   0.017925571308
8.07   0.01781382347
8.08   0.017702764454
8.09   0.017592390117
8.1   0.017482696336
8.11   0.017373679014
8.12   0.017265334077
8.13   0.017157657474
8.14   0.017050645178
8.15   0.016944293183
8.16   0.016838597508
8.17   0.016733554194
8.18   0.016629159306
8.19   0.016525408931
8.2   0.016422299176
8.21   0.016319826175
8.22   0.01621798608
8.23   0.016116775069
8.24   0.016016189338
8.25   0.015916225109
8.26   0.015816878622
8.27   0.015718146143
8.28   0.015620023954
8.29   0.015522508364
8.3   0.015425595701
8.31   0.015329282313
8.32   0.015233564572
8.33   0.015138438868
8.34   0.015043901614
8.35   0.014949949243
8.36   0.014856578209
8.37   0.014763784987
8.38   0.014671566072
8.39   0.014579917979
8.4   0.014488837243
8.41   0.014398320421
8.42   0.014308364089
8.43   0.014218964842
8.44   0.014130119296
8.45   0.014041824086
8.46   0.013954075868
8.47   0.013866871315
8.48   0.013780207123
8.49   0.013694080005
8.5   0.013608486692
8.51   0.013523423937
8.52   0.01343888851
8.53   0.013354877201
8.54   0.013271386819
8.55   0.01318841419
8.56   0.01310595616
8.57   0.013024009593
8.58   0.012942571373
8.59   0.012861638399
8.6   0.012781207591
8.61   0.012701275887
8.62   0.012621840241
8.63   0.012542897627
8.64   0.012464445035
8.65   0.012386479475
8.66   0.012308997973
8.67   0.012231997573
8.68   0.012155475335
8.69   0.012079428339
8.7   0.01200385368
8.71   0.011928748471
8.72   0.011854109843
8.73   0.011779934942
8.74   0.011706220933
8.75   0.011632964996
8.76   0.011560164328
8.77   0.011487816143
8.78   0.011415917672
8.79   0.011344466161
8.8   0.011273458875
8.81   0.011202893091
8.82   0.011132766105
8.83   0.01106307523
8.84   0.010993817793
8.85   0.010924991136
8.86   0.010856592619
8.87   0.010788619618
8.88   0.010721069522
8.89   0.010653939738
8.9   0.010587227686
8.91   0.010520930804
8.92   0.010455046544
8.93   0.010389572373
8.94   0.010324505773
8.95   0.010259844242
8.96   0.010195585292
8.97   0.010131726449
8.98   0.010068265256
8.99   0.01000519927
9   0.0099425260605
9.01   0.0098802432142
9.02   0.0098183483309
9.03   0.0097568390251
9.04   0.0096957129253
9.05   0.0096349676744
9.06   0.0095746009294
9.07   0.0095146103613
9.08   0.0094549936549
9.09   0.0093957485092
9.1   0.0093368726367
9.11   0.0092783637636
9.12   0.00922021963
9.13   0.0091624379893
9.14   0.0091050166086
9.15   0.0090479532681
9.16   0.0089912457617
9.17   0.0089348918963
9.18   0.008878889492
9.19   0.0088232363821
9.2   0.0087679304128
9.21   0.0087129694435
9.22   0.0086583513462
9.23   0.0086040740058
9.24   0.0085501353199
9.25   0.008496533199
9.26   0.0084432655659
9.27   0.008390330356
9.28   0.0083377255171
9.29   0.0082854490096
9.3   0.0082334988059
9.31   0.0081818728908
9.32   0.0081305692613
9.33   0.0080795859263
9.34   0.008028920907
9.35   0.0079785722363
9.36   0.0079285379591
9.37   0.0078788161321
9.38   0.0078294048238
9.39   0.0077803021143
9.4   0.0077315060953
9.41   0.0076830148701
9.42   0.0076348265535
9.43   0.0075869392717
9.44   0.0075393511622
9.45   0.0074920603738
9.46   0.0074450650665
9.47   0.0073983634116
9.48   0.0073519535912
9.49   0.0073058337987
9.5   0.0072600022383
9.51   0.0072144571252
9.52   0.0071691966853
9.53   0.0071242191553
9.54   0.0070795227828
9.55   0.0070351058258
9.56   0.0069909665529
9.57   0.0069471032434
9.58   0.006903514187
9.59   0.0068601976836
9.6   0.0068171520436
9.61   0.0067743755878
9.62   0.0067318666469
9.63   0.0066896235622
9.64   0.0066476446845
9.65   0.0066059283753
9.66   0.0065644730055
9.67   0.0065232769563
9.68   0.0064823386186
9.69   0.0064416563932
9.7   0.0064012286905
9.71   0.0063610539308
9.72   0.0063211305438
9.73   0.006281456969
9.74   0.0062420316553
9.75   0.006202853061
9.76   0.006163919654
9.77   0.0061252299114
9.78   0.0060867823197
9.79   0.0060485753745
9.8   0.0060106075807
9.81   0.0059728774524
9.82   0.0059353835126
9.83   0.0058981242935
9.84   0.0058610983362
9.85   0.0058243041907
9.86   0.0057877404159
9.87   0.0057514055796
9.88   0.0057152982581
9.89   0.0056794170368
9.9   0.0056437605094
9.91   0.0056083272784
9.92   0.0055731159549
9.93   0.0055381251584
9.94   0.0055033535168
9.95   0.0054687996666
9.96   0.0054344622526
9.97   0.0054003399277
9.98   0.0053664313534
9.99   0.0053327351991
10   0.0052992501426
10.01   0.0052659748697
10.02   0.0052329080742
10.03   0.0052000484581
10.04   0.0051673947312
10.05   0.0051349456113
10.06   0.005102699824
10.07   0.0050706561029
10.08   0.0050388131891
10.09   0.0050071698318
10.1   0.0049757247876
10.11   0.0049444768209
10.12   0.0049134247034
10.13   0.0048825672149
10.14   0.0048519031421
10.15   0.0048214312797
10.16   0.0047911504294
10.17   0.0047610594004
10.18   0.0047311570095
10.19   0.0047014420803
10.2   0.004671913444
10.21   0.0046425699389
10.22   0.0046134104105
10.23   0.0045844337112
10.24   0.0045556387007
10.25   0.0045270242458
10.26   0.0044985892199
10.27   0.0044703325037
10.28   0.0044422529846
10.29   0.0044143495571
10.3   0.0043866211222
10.31   0.0043590665879
10.32   0.0043316848688
10.33   0.0043044748864
10.34   0.0042774355687
10.35   0.0042505658502
10.36   0.0042238646722
10.37   0.0041973309825
10.38   0.0041709637353
10.39   0.0041447618913
10.4   0.0041187244176
10.41   0.0040928502878
10.42   0.0040671384816
10.43   0.0040415879852
10.44   0.0040161977911
10.45   0.0039909668978
10.46   0.0039658943103
10.47   0.0039409790394
10.48   0.0039162201023
10.49   0.0038916165222
10.5   0.0038671673283
10.51   0.0038428715558
10.52   0.0038187282458
10.53   0.0037947364456
10.54   0.0037708952082
10.55   0.0037472035923
10.56   0.0037236606628
10.57   0.0037002654901
10.58   0.0036770171505
10.59   0.0036539147259
10.6   0.003630957304
10.61   0.0036081439782
10.62   0.0035854738473
10.63   0.0035629460159
10.64   0.0035405595939
10.65   0.0035183136971
10.66   0.0034962074464
10.67   0.0034742399683
10.68   0.0034524103948
10.69   0.0034307178632
10.7   0.003409161516
10.71   0.0033877405013
10.72   0.0033664539724
10.73   0.0033453010877
10.74   0.0033242810109
10.75   0.0033033929111
10.76   0.0032826359621
10.77   0.0032620093433
10.78   0.0032415122389
10.79   0.0032211438383
10.8   0.0032009033359
10.81   0.003180789931
10.82   0.003160802828
10.83   0.0031409412363
10.84   0.00312120437
10.85   0.0031015914482
10.86   0.0030821016949
10.87   0.0030627343388
10.88   0.0030434886136
10.89   0.0030243637574
10.9   0.0030053590135
10.91   0.0029864736295
10.92   0.0029677068578
10.93   0.0029490579557
10.94   0.0029305261847
10.95   0.0029121108111
10.96   0.0028938111059
10.97   0.0028756263444
10.98   0.0028575558065
10.99   0.0028395987766
11   0.0028217545436
11.01   0.0028040224006
11.02   0.0027864016454
11.03   0.0027688915799
11.04   0.0027514915106
11.05   0.0027342007481
11.06   0.0027170186074
11.07   0.0026999444077
11.08   0.0026829774726
11.09   0.0026661171297
11.1   0.002649362711
11.11   0.0026327135523
11.12   0.002616168994
11.13   0.0025997283803
11.14   0.0025833910596
11.15   0.0025671563843
11.16   0.0025510237109
11.17   0.0025349923999
11.18   0.0025190618157
11.19   0.0025032313268
11.2   0.0024875003054
11.21   0.002471868128
11.22   0.0024563341746
11.23   0.0024408978293
11.24   0.0024255584799
11.25   0.0024103155181
11.26   0.0023951683395
11.27   0.0023801163432
11.28   0.0023651589322
11.29   0.0023502955134
11.3   0.002335525497
11.31   0.0023208482971
11.32   0.0023062633317
11.33   0.0022917700219
11.34   0.0022773677929
11.35   0.0022630560731
11.36   0.0022488342949
11.37   0.0022347018937
11.38   0.002220658309
11.39   0.0022067029833
11.4   0.0021928353629
11.41   0.0021790548975
11.42   0.0021653610401
11.43   0.0021517532473
11.44   0.0021382309789
11.45   0.0021247936982
11.46   0.0021114408719
11.47   0.0020981719698
11.48   0.0020849864654
11.49   0.0020718838351
11.5   0.0020588635587
11.51   0.0020459251195
11.52   0.0020330680035
11.53   0.0020202917005
11.54   0.002007595703
11.55   0.001994979507
11.56   0.0019824426115
11.57   0.0019699845187
11.58   0.0019576047339
11.59   0.0019453027653
11.6   0.0019330781245
11.61   0.0019209303259
11.62   0.0019088588871
11.63   0.0018968633287
11.64   0.0018849431741
11.65   0.0018730979499
11.66   0.0018613271856
11.67   0.0018496304137
11.68   0.0018380071694
11.69   0.001826456991
11.7   0.0018149794197
11.71   0.0018035739996
11.72   0.0017922402774
11.73   0.0017809778029
11.74   0.0017697861286
11.75   0.0017586648099
11.76   0.0017476134048
11.77   0.0017366314742
11.78   0.0017257185818
11.79   0.0017148742939
11.8   0.0017040981796
11.81   0.0016933898106
11.82   0.0016827487614
11.83   0.0016721746091
11.84   0.0016616669334
11.85   0.0016512253168
11.86   0.0016408493443
11.87   0.0016305386034
11.88   0.0016202926843
11.89   0.0016101111798
11.9   0.0015999936852
11.91   0.0015899397984
11.92   0.0015799491196
11.93   0.0015700212518
11.94   0.0015601558002
11.95   0.0015503523728
11.96   0.0015406105798
11.97   0.0015309300339
11.98   0.0015213103502
11.99   0.0015117511463
12   0.0015022520422
12.01   0.0014928126602
12.02   0.001483432625
12.03   0.0014741115636
12.04   0.0014648491055
12.05   0.0014556448823
12.06   0.001446498528
12.07   0.0014374096791
12.08   0.001428377974
12.09   0.0014194030537
12.1   0.0014104845611
12.11   0.0014016221418
12.12   0.0013928154433
12.13   0.0013840641153
12.14   0.0013753678098
12.15   0.001366726181
12.16   0.0013581388852
12.17   0.0013496055809
12.18   0.0013411259287
12.19   0.0013326995913
12.2   0.0013243262337
12.21   0.0013160055228
12.22   0.0013077371277
12.23   0.0012995207195
12.24   0.0012913559713
12.25   0.0012832425585
12.26   0.0012751801583
12.27   0.0012671684501
12.28   0.0012592071151
12.29   0.0012512958367
12.3   0.0012434343001
12.31   0.0012356221928
12.32   0.0012278592038
12.33   0.0012201450244
12.34   0.0012124793477
12.35   0.0012048618688
12.36   0.0011972922847
12.37   0.0011897702942
12.38   0.001182295598
12.39   0.0011748678989
12.4   0.0011674869013
12.41   0.0011601523116
12.42   0.001152863838
12.43   0.0011456211905
12.44   0.001138424081
12.45   0.0011312722232
12.46   0.0011241653324
12.47   0.001117103126
