0   2.0713986082e-12
0.01   0.0036387712128
0.02   0.0072899850082
0.03   0.010966040834
0.04   0.014679252055
0.05   0.018441803346
0.06   0.022265708605
0.07   0.02616276955
0.08   0.03014453518
0.09   0.034222262245
0.1   0.038406876882
0.11   0.042708937584
0.12   0.047138599618
0.13   0.051705581049
0.14   0.05641913049
0.15   0.061287996691
0.16   0.066320400081
0.17   0.07152400637
0.18   0.076905902279
0.19   0.082472573503
0.2   0.088229884952
0.21   0.094183063342
0.22   0.10033668218
0.23   0.10669464916
0.24   0.11326019605
0.25   0.12003587095
0.26   0.12702353315
0.27   0.13422435031
0.28   0.14163879818
0.29   0.14926666261
0.3   0.15710704408
0.31   0.16515836441
0.32   0.1734183758
0.33   0.18188417202
0.34   0.1905522018
0.35   0.19941828412
0.36   0.20847762563
0.37   0.21772483971
0.38   0.2271539675
0.39   0.2367585004
0.4   0.2465314042
0.41   0.25646514463
0.42   0.26655171415
0.43   0.27678266001
0.44   0.28714911335
0.45   0.29764181915
0.46   0.30825116714
0.47   0.3189672233
0.48   0.32977976196
0.49   0.34067829834
0.5   0.3516521214
0.51   0.3626903269
0.52   0.37378185054
0.53   0.38491550103
0.54   0.39607999307
0.55   0.40726398001
0.56   0.41845608612
0.57   0.42964493851
0.58   0.44081919828
0.59   0.45196759119
0.6   0.4630789374
0.61   0.47414218052
0.62   0.48514641553
0.63   0.4960809159
0.64   0.50693515945
0.65   0.51769885314
0.66   0.52836195666
0.67   0.53891470463
0.68   0.54934762763
0.69   0.55965157172
0.7   0.56981771662
0.71   0.5798375924
0.72   0.5897030947
0.73   0.59940649842
0.74   0.6089404699
0.75   0.61829807756
0.76   0.62747280091
0.77   0.63645853813
0.78   0.64524961199
0.79   0.65384077423
0.8   0.66222720848
0.81   0.67040453155
0.82   0.6783687933
0.83   0.68611647506
0.84   0.69364448654
0.85   0.7009501614
0.86   0.70803125149
0.87   0.71488591974
0.88   0.72151273186
0.89   0.72791064678
0.9   0.73407900607
0.91   0.74001752223
0.92   0.745726266
0.93   0.7512056528
0.94   0.75645642832
0.95   0.76147965336
0.96   0.76627668801
0.97   0.77084917526
0.98   0.7751990241
0.99   0.77932839227
1   0.78323966868
1.01   0.78693545558
1.02   0.79041855072
1.03   0.79369192937
1.04   0.79675872649
1.05   0.79962221905
1.06   0.80228580856
1.07   0.80475300402
1.08   0.80702740527
1.09   0.8091126868
1.1   0.81101258228
1.11   0.81273086964
1.12   0.814271357
1.13   0.81563786936
1.14   0.81683423619
1.15   0.81786427999
1.16   0.8187318058
1.17   0.81944059177
1.18   0.8199943809
1.19   0.82039687374
1.2   0.82065172236
1.21   0.82076252582
1.22   0.82073282886
1.23   0.82056612388
1.24   0.82026585462
1.25   0.8198354164
1.26   0.81927815496
1.27   0.81859736454
1.28   0.81779628887
1.29   0.816878121
1.3   0.8158460028
1.31   0.81470302509
1.32   0.81345222754
1.33   0.81209659876
1.34   0.81063907635
1.35   0.80908254707
1.36   0.80742984703
1.37   0.80568376186
1.38   0.80384702703
1.39   0.80192232814
1.4   0.79991230124
1.41   0.79781953317
1.42   0.79564656201
1.43   0.79339587744
1.44   0.79106992122
1.45   0.78867108763
1.46   0.78620172395
1.47   0.78366413098
1.48   0.78106056354
1.49   0.77839323098
1.5   0.77566429779
1.51   0.77287588406
1.52   0.77003006613
1.53   0.76712887711
1.54   0.76417430747
1.55   0.76116830566
1.56   0.75811277864
1.57   0.75500959255
1.58   0.75186057324
1.59   0.74866750693
1.6   0.74543214076
1.61   0.74215618345
1.62   0.73884130587
1.63   0.73548914163
1.64   0.73210128774
1.65   0.72867930516
1.66   0.72522471942
1.67   0.7217390212
1.68   0.71822366695
1.69   0.71468007947
1.7   0.71110964849
1.71   0.70751373123
1.72   0.70389365302
1.73   0.70025070786
1.74   0.69658615896
1.75   0.69290123932
1.76   0.68919715229
1.77   0.6854750721
1.78   0.68173614443
1.79   0.67798148692
1.8   0.67421218972
1.81   0.67042931598
1.82   0.66663390243
1.83   0.66282695981
1.84   0.65900947344
1.85   0.65518240367
1.86   0.65134668642
1.87   0.64750323358
1.88   0.64365293359
1.89   0.6397966518
1.9   0.63593523102
1.91   0.63206949192
1.92   0.6282002335
1.93   0.6243282335
1.94   0.62045424887
1.95   0.61657901619
1.96   0.61270325205
1.97   0.60882765349
1.98   0.60495289843
1.99   0.60107964599
2   0.59720853697
2.01   0.59334019417
2.02   0.58947522278
2.03   0.58561421078
2.04   0.58175772926
2.05   0.57790633281
2.06   0.57406055986
2.07   0.570220933
2.08   0.56638795936
2.09   0.56256213093
2.1   0.55874392484
2.11   0.55493380376
2.12   0.55113221613
2.13   0.54733959652
2.14   0.54355636595
2.15   0.53978293209
2.16   0.53601968968
2.17   0.5322670207
2.18   0.52852529473
2.19   0.52479486917
2.2   0.52107608955
2.21   0.51736928976
2.22   0.51367479234
2.23   0.5099929087
2.24   0.50632393939
2.25   0.50266817435
2.26   0.49902589312
2.27   0.4953973651
2.28   0.49178284979
2.29   0.48818259696
2.3   0.48459684694
2.31   0.48102583079
2.32   0.47746977053
2.33   0.47392887934
2.34   0.47040336177
2.35   0.46689341395
2.36   0.46339922375
2.37   0.45992097102
2.38   0.45645882773
2.39   0.45301295821
2.4   0.44958351927
2.41   0.44617066043
2.42   0.44277452406
2.43   0.43939524556
2.44   0.43603295352
2.45   0.43268776991
2.46   0.42935981021
2.47   0.42604918358
2.48   0.42275599303
2.49   0.41948033552
2.5   0.41622230217
2.51   0.41298197837
2.52   0.40975944393
2.53   0.40655477321
2.54   0.40336803526
2.55   0.40019929399
2.56   0.39704860823
2.57   0.39391603193
2.58   0.39080161423
2.59   0.38770539962
2.6   0.38462742804
2.61   0.38156773501
2.62   0.37852635175
2.63   0.37550330527
2.64   0.3724986185
2.65   0.36951231041
2.66   0.36654439609
2.67   0.36359488686
2.68   0.36066379041
2.69   0.35775111083
2.7   0.35485684878
2.71   0.35198100155
2.72   0.34912356313
2.73   0.34628452437
2.74   0.34346387302
2.75   0.34066159381
2.76   0.33787766858
2.77   0.33511207635
2.78   0.33236479336
2.79   0.32963579322
2.8   0.32692504694
2.81   0.32423252303
2.82   0.32155818757
2.83   0.31890200428
2.84   0.31626393461
2.85   0.31364393778
2.86   0.3110419709
2.87   0.30845798897
2.88   0.30589194502
2.89   0.30334379013
2.9   0.30081347349
2.91   0.2983009425
2.92   0.29580614279
2.93   0.29332901831
2.94   0.29086951139
2.95   0.28842756275
2.96   0.28600311162
2.97   0.28359609576
2.98   0.28120645151
2.99   0.27883411386
3   0.2764790165
3.01   0.27414109184
3.02   0.2718202711
3.03   0.26951648433
3.04   0.26722966047
3.05   0.26495972739
3.06   0.26270661194
3.07   0.26047023998
3.08   0.25825053644
3.09   0.25604742534
3.1   0.25386082986
3.11   0.25169067235
3.12   0.24953687437
3.13   0.24739935677
3.14   0.24527803967
3.15   0.24317284252
3.16   0.24108368414
3.17   0.23901048276
3.18   0.23695315602
3.19   0.23491162103
3.2   0.23288579441
3.21   0.2308755923
3.22   0.22888093037
3.23   0.22690172392
3.24   0.22493788782
3.25   0.22298933661
3.26   0.22105598449
3.27   0.21913774533
3.28   0.21723453276
3.29   0.21534626012
3.3   0.21347284053
3.31   0.2116141869
3.32   0.20977021195
3.33   0.20794082825
3.34   0.20612594821
3.35   0.20432548412
3.36   0.20253934818
3.37   0.2007674525
3.38   0.19900970912
3.39   0.19726603005
3.4   0.19553632726
3.41   0.19382051274
3.42   0.19211849845
3.43   0.1904301964
3.44   0.18875551863
3.45   0.18709437724
3.46   0.18544668441
3.47   0.1838123524
3.48   0.18219129356
3.49   0.18058342037
3.5   0.17898864543
3.51   0.17740688148
3.52   0.17583804142
3.53   0.17428203831
3.54   0.17273878538
3.55   0.17120819606
3.56   0.16969018397
3.57   0.16818466294
3.58   0.16669154702
3.59   0.1652107505
3.6   0.16374218789
3.61   0.16228577396
3.62   0.16084142373
3.63   0.1594090525
3.64   0.15798857582
3.65   0.15657990954
3.66   0.15518296979
3.67   0.153797673
3.68   0.1524239359
3.69   0.15106167554
3.7   0.14971080926
3.71   0.14837125475
3.72   0.14704293003
3.73   0.14572575342
3.74   0.14441964362
3.75   0.14312451965
3.76   0.1418403009
3.77   0.14056690709
3.78   0.13930425831
3.79   0.13805227502
3.8   0.13681087805
3.81   0.13557998859
3.82   0.13435952821
3.83   0.13314941886
3.84   0.13194958287
3.85   0.13075994297
3.86   0.12958042225
3.87   0.12841094423
3.88   0.12725143278
3.89   0.12610181221
3.9   0.12496200719
3.91   0.12383194283
3.92   0.12271154461
3.93   0.12160073844
3.94   0.12049945061
3.95   0.11940760786
3.96   0.11832513729
3.97   0.11725196646
3.98   0.11618802331
3.99   0.11513323621
4   0.11408753394
4.01   0.11305084569
4.02   0.11202310109
4.03   0.11100423015
4.04   0.10999416333
4.05   0.1089928315
4.06   0.10800016595
4.07   0.10701609838
4.08   0.10604056092
4.09   0.10507348613
4.1   0.10411480695
4.11   0.10316445679
4.12   0.10222236944
4.13   0.10128847914
4.14   0.10036272052
4.15   0.099445028658
4.16   0.098535339027
4.17   0.097633587531
4.18   0.096739710486
4.19   0.095853644627
4.2   0.094975327103
4.21   0.094104695482
4.22   0.093241687742
4.23   0.092386242277
4.24   0.091538297895
4.25   0.090697793813
4.26   0.08986466966
4.27   0.089038865476
4.28   0.088220321707
4.29   0.087408979209
4.3   0.086604779242
4.31   0.085807663473
4.32   0.085017573971
4.33   0.084234453208
4.34   0.083458244058
4.35   0.082688889794
4.36   0.081926334086
4.37   0.081170521003
4.38   0.080421395008
4.39   0.079678900958
4.4   0.078942984102
4.41   0.07821359008
4.42   0.077490664921
4.43   0.076774155042
4.44   0.076064007244
4.45   0.075360168715
4.46   0.074662587022
4.47   0.073971210117
4.48   0.073285986326
4.49   0.072606864357
4.5   0.071933793289
4.51   0.071266722579
4.52   0.070605602053
4.53   0.069950381908
4.54   0.06930101271
4.55   0.068657445389
4.56   0.068019631242
4.57   0.067387521929
4.58   0.066761069467
4.59   0.066140226237
4.6   0.065524944974
4.61   0.064915178768
4.62   0.064310881064
4.63   0.063712005656
4.64   0.063118506689
4.65   0.062530338655
4.66   0.061947456391
4.67   0.061369815079
4.68   0.06079737024
4.69   0.060230077737
4.7   0.059667893769
4.71   0.059110774873
4.72   0.058558677916
4.73   0.058011560101
4.74   0.057469378957
4.75   0.056932092344
4.76   0.056399658445
4.77   0.055872035769
4.78   0.055349183146
4.79   0.054831059727
4.8   0.054317624978
4.81   0.053808838685
4.82   0.053304660946
4.83   0.052805052169
4.84   0.052309973077
4.85   0.051819384697
4.86   0.051333248364
4.87   0.050851525716
4.88   0.050374178696
4.89   0.049901169543
4.9   0.049432460799
4.91   0.048968015299
4.92   0.048507796174
4.93   0.048051766847
4.94   0.047599891033
4.95   0.047152132735
4.96   0.046708456241
4.97   0.046268826126
4.98   0.045833207249
4.99   0.045401564747
5   0.044973864037
5.01   0.044550070817
5.02   0.044130151055
5.03   0.043714070996
5.04   0.043301797155
5.05   0.042893296319
5.06   0.042488535542
5.07   0.042087482142
5.08   0.041690103703
5.09   0.041296368073
5.1   0.040906243359
5.11   0.040519697926
5.12   0.040136700398
5.13   0.039757219653
5.14   0.039381224821
5.15   0.039008685287
5.16   0.038639570684
5.17   0.038273850893
5.18   0.03791149604
5.19   0.037552476499
5.2   0.037196762884
5.21   0.036844326051
5.22   0.036495137095
5.23   0.036149167348
5.24   0.035806388381
5.25   0.035466771995
5.26   0.035130290226
5.27   0.03479691534
5.28   0.034466619833
5.29   0.034139376427
5.3   0.033815158072
5.31   0.033493937939
5.32   0.033175689425
5.33   0.032860386146
5.34   0.032548001936
5.35   0.032238510849
5.36   0.031931887155
5.37   0.031628105335
5.38   0.031327140088
5.39   0.03102896632
5.4   0.030733559149
5.41   0.0304408939
5.42   0.030150946104
5.43   0.0298636915
5.44   0.029579106026
5.45   0.029297165826
5.46   0.029017847242
5.47   0.028741126816
5.48   0.028466981286
5.49   0.028195387589
5.5   0.027926322852
5.51   0.027659764399
5.52   0.027395689742
5.53   0.027134076587
5.54   0.026874902826
5.55   0.026618146537
5.56   0.026363785986
5.57   0.026111799623
5.58   0.02586216608
5.59   0.025614864171
5.6   0.02536987289
5.61   0.02512717141
5.62   0.02488673908
5.63   0.024648555426
5.64   0.024412600149
5.65   0.024178853122
5.66   0.023947294391
5.67   0.023717904173
5.68   0.023490662851
5.69   0.02326555098
5.7   0.023042549279
5.71   0.022821638634
5.72   0.022602800093
5.73   0.022386014867
5.74   0.022171264331
5.75   0.021958530018
5.76   0.02174779362
5.77   0.021539036986
5.78   0.021332242123
5.79   0.021127391193
5.8   0.020924466511
5.81   0.020723450546
5.82   0.020524325916
5.83   0.020327075392
5.84   0.020131681893
5.85   0.019938128487
5.86   0.019746398387
5.87   0.019556474952
5.88   0.019368341687
5.89   0.019181982238
5.9   0.018997380396
5.91   0.01881452009
5.92   0.01863338539
5.93   0.018453960506
5.94   0.018276229784
5.95   0.018100177707
5.96   0.017925788894
5.97   0.017753048098
5.98   0.017581940204
5.99   0.017412450231
6   0.017244563328
6.01   0.017078264775
6.02   0.01691353998
6.03   0.01675037448
6.04   0.016588753938
6.05   0.016428664143
6.06   0.016270091009
6.07   0.016113020573
6.08   0.015957438997
6.09   0.015803332563
6.1   0.015650687674
6.11   0.015499490854
6.12   0.015349728744
6.13   0.015201388105
6.14   0.015054455812
6.15   0.014908918859
6.16   0.014764764354
6.17   0.014621979518
6.18   0.014480551687
6.19   0.014340468307
6.2   0.014201716936
6.21   0.014064285244
6.22   0.013928161008
6.23   0.013793332116
6.24   0.01365978656
6.25   0.013527512444
6.26   0.013396497972
6.27   0.013266731457
6.28   0.013138201315
6.29   0.013010896065
6.3   0.012884804328
6.31   0.012759914827
6.32   0.012636216386
6.33   0.012513697929
6.34   0.012392348477
6.35   0.012272157151
6.36   0.01215311317
6.37   0.012035205847
6.38   0.011918424592
6.39   0.011802758912
6.4   0.011688198404
6.41   0.011574732761
6.42   0.011462351769
6.43   0.011351045303
6.44   0.011240803332
6.45   0.011131615914
6.46   0.011023473195
6.47   0.010916365412
6.48   0.010810282889
6.49   0.010705216037
6.5   0.010601155353
6.51   0.01049809142
6.52   0.010396014908
6.53   0.010294916568
6.54   0.010194787236
6.55   0.010095617832
6.56   0.0099973993567
6.57   0.009900122892
6.58   0.0098037796014
6.59   0.0097083607282
6.6   0.0096138575949
6.61   0.0095202616027
6.62   0.009427564231
6.63   0.0093357570364
6.64   0.009244831652
6.65   0.0091547797872
6.66   0.0090655932266
6.67   0.0089772638295
6.68   0.0088897835295
6.69   0.0088031443332
6.7   0.0087173383204
6.71   0.0086323576428
6.72   0.0085481945238
6.73   0.0084648412576
6.74   0.008382290209
6.75   0.008300533812
6.76   0.0082195645702
6.77   0.0081393750554
6.78   0.0080599579074
6.79   0.0079813058333
6.8   0.007903411607
6.81   0.0078262680685
6.82   0.0077498681233
6.83   0.007674204742
6.84   0.0075992709597
6.85   0.0075250598753
6.86   0.0074515646508
6.87   0.0073787785115
6.88   0.0073066947443
6.89   0.0072353066983
6.9   0.0071646077834
6.91   0.0070945914702
6.92   0.0070252512895
6.93   0.0069565808314
6.94   0.0068885737451
6.95   0.0068212237385
6.96   0.0067545245772
6.97   0.0066884700845
6.98   0.0066230541405
6.99   0.0065582706818
7   0.0064941137011
7.01   0.0064305772464
7.02   0.0063676554209
7.03   0.0063053423822
7.04   0.0062436323417
7.05   0.0061825195648
7.06   0.0061219983695
7.07   0.0060620631268
7.08   0.0060027082595
7.09   0.0059439282423
7.1   0.0058857176011
7.11   0.0058280709124
7.12   0.0057709828032
7.13   0.0057144479501
7.14   0.0056584610795
7.15   0.0056030169665
7.16   0.0055481104348
7.17   0.0054937363561
7.18   0.0054398896501
7.19   0.0053865652834
7.2   0.0053337582697
7.21   0.005281463669
7.22   0.0052296765872
7.23   0.005178392176
7.24   0.0051276056321
7.25   0.0050773121971
7.26   0.005027507157
7.27   0.0049781858416
7.28   0.0049293436245
7.29   0.0048809759222
7.3   0.0048330781945
7.31   0.004785645943
7.32   0.0047386747118
7.33   0.0046921600866
7.34   0.0046460976941
7.35   0.0046004832023
7.36   0.0045553123195
7.37   0.0045105807942
7.38   0.0044662844148
7.39   0.0044224190091
7.4   0.004378980444
7.41   0.0043359646252
7.42   0.0042933674968
7.43   0.0042511850409
7.44   0.0042094132773
7.45   0.0041680482633
7.46   0.0041270860929
7.47   0.0040865228972
7.48   0.0040463548435
7.49   0.0040065781349
7.5   0.0039671890106
7.51   0.003928183745
7.52   0.0038895586473
7.53   0.0038513100619
7.54   0.0038134343673
7.55   0.0037759279763
7.56   0.0037387873352
7.57   0.0037020089242
7.58   0.0036655892564
7.59   0.0036295248779
7.6   0.0035938123673
7.61   0.0035584483355
7.62   0.0035234294255
7.63   0.0034887523118
7.64   0.0034544137006
7.65   0.0034204103288
7.66   0.0033867389646
7.67   0.0033533964063
7.68   0.003320379483
7.69   0.0032876850532
7.7   0.0032553100056
7.71   0.0032232512582
7.72   0.003191505758
7.73   0.0031600704811
7.74   0.0031289424322
7.75   0.0030981186445
7.76   0.003067596179
7.77   0.003037372125
7.78   0.003007443599
7.79   0.002977807745
7.8   0.0029484617342
7.81   0.0029194027646
7.82   0.0028906280607
7.83   0.0028621348734
7.84   0.0028339204799
7.85   0.0028059821829
7.86   0.0027783173111
7.87   0.0027509232184
7.88   0.0027237972839
7.89   0.0026969369117
7.9   0.0026703395304
7.91   0.0026440025933
7.92   0.0026179235779
7.93   0.0025920999855
7.94   0.0025665293415
7.95   0.0025412091946
7.96   0.0025161371172
7.97   0.0024913107045
7.98   0.0024667275748
7.99   0.0024423853691
8   0.0024182817508
8.01   0.0023944144057
8.02   0.0023707810417
8.03   0.0023473793886
8.04   0.0023242071976
8.05   0.0023012622418
8.06   0.0022785423152
8.07   0.0022560452332
8.08   0.0022337688318
8.09   0.0022117109678
8.1   0.0021898695186
8.11   0.0021682423817
8.12   0.0021468274749
8.13   0.0021256227358
8.14   0.0021046261217
8.15   0.0020838356097
8.16   0.0020632491959
8.17   0.002042864896
8.18   0.0020226807444
8.19   0.0020026947944
8.2   0.001982905118
8.21   0.0019633098057
8.22   0.0019439069664
8.23   0.0019246947268
8.24   0.0019056712319
8.25   0.0018868346444
8.26   0.0018681831446
8.27   0.0018497149303
8.28   0.0018314282166
8.29   0.0018133212357
8.3   0.0017953922367
8.31   0.0017776394859
8.32   0.0017600612657
8.33   0.0017426558755
8.34   0.0017254216307
8.35   0.0017083568631
8.36   0.0016914599205
8.37   0.0016747291666
8.38   0.0016581629808
8.39   0.001641759758
8.4   0.0016255179088
8.41   0.0016094358589
8.42   0.0015935120493
8.43   0.0015777449358
8.44   0.0015621329892
8.45   0.0015466746952
8.46   0.0015313685538
8.47   0.0015162130797
8.48   0.0015012068017
8.49   0.0014863482629
8.5   0.0014716360206
8.51   0.0014570686456
8.52   0.001442644723
8.53   0.0014283628511
8.54   0.001414221642
8.55   0.0014002197212
8.56   0.0013863557273
8.57   0.0013726283121
8.58   0.0013590361406
8.59   0.0013455778905
8.6   0.0013322522522
8.61   0.0013190579291
8.62   0.0013059936368
8.63   0.0012930581034
8.64   0.0012802500694
8.65   0.0012675682874
8.66   0.001255011522
8.67   0.00124257855
8.68   0.0012302681597
8.69   0.0012180791513
8.7   0.0012060103367
8.71   0.0011940605391
8.72   0.0011822285933
8.73   0.0011705133452
8.74   0.0011589136519
8.75   0.0011474283817
8.76   0.0011360564138
8.77   0.0011247966382
8.78   0.0011136479557
8.79   0.0011026092779
8.8   0.0010916795266
8.81   0.0010808576345
8.82   0.0010701425442
8.83   0.0010595332089
8.84   0.0010490285918
8.85   0.0010386276662
8.86   0.0010283294153
8.87   0.0010181328323
8.88   0.0010080369201
8.89   0.0009980406912
8.9   0.0009881431678
8.91   0.00097834338156
8.92   0.00096864037354
8.93   0.00095903319412
8.94   0.0009495209029
8.95   0.00094010256864
8.96   0.00093077726913
8.97   0.00092154409112
8.98   0.00091240213027
8.99   0.00090335049099
9   0.00089438828643
9.01   0.00088551463836
9.02   0.00087672867708
9.03   0.00086802954137
9.04   0.00085941637837
9.05   0.00085088834353
9.06   0.00084244460052
9.07   0.00083408432115
9.08   0.0008258066853
9.09   0.00081761088083
9.1   0.0008094961035
9.11   0.00080146155692
9.12   0.00079350645244
9.13   0.00078563000911
9.14   0.00077783145358
9.15   0.00077011002004
9.16   0.00076246495013
9.17   0.0007548954929
9.18   0.00074740090472
9.19   0.0007399804492
9.2   0.00073263339715
9.21   0.00072535902646
9.22   0.00071815662209
9.23   0.00071102547597
9.24   0.00070396488694
9.25   0.00069697416066
9.26   0.0006900526096
9.27   0.00068319955291
9.28   0.0006764143164
9.29   0.00066969623248
9.3   0.00066304464004
9.31   0.00065645888446
9.32   0.0006499383175
9.33   0.00064348229724
9.34   0.00063709018805
9.35   0.00063076136051
9.36   0.00062449519132
9.37   0.00061829106331
9.38   0.00061214836532
9.39   0.00060606649217
9.4   0.00060004484459
9.41   0.00059408282918
9.42   0.00058817985833
9.43   0.0005823353502
9.44   0.0005765487286
9.45   0.00057081942302
9.46   0.0005651468685
9.47   0.00055953050562
9.48   0.00055396978043
9.49   0.00054846414439
9.5   0.00054301305436
9.51   0.00053761597249
9.52   0.00053227236621
9.53   0.00052698170814
9.54   0.0005217434761
9.55   0.00051655715299
9.56   0.00051142222679
9.57   0.0005063381905
9.58   0.00050130454207
9.59   0.00049632078438
9.6   0.00049138642518
9.61   0.00048650097704
9.62   0.0004816639573
9.63   0.00047687488805
9.64   0.00047213329605
9.65   0.0004674387127
9.66   0.000462790674
9.67   0.0004581887205
9.68   0.00045363239723
9.69   0.00044912125373
9.7   0.00044465484391
9.71   0.00044023272608
9.72   0.00043585446288
9.73   0.00043151962124
9.74   0.00042722777233
9.75   0.00042297849155
9.76   0.00041877135846
9.77   0.00041460595672
9.78   0.0004104818741
9.79   0.00040639870243
9.8   0.00040235603752
9.81   0.00039835347915
9.82   0.00039439063105
9.83   0.00039046710083
9.84   0.00038658249993
9.85   0.00038273644366
9.86   0.00037892855107
9.87   0.00037515844495
9.88   0.00037142575182
9.89   0.00036773010186
9.9   0.00036407112887
9.91   0.00036044847026
9.92   0.000356861767
9.93   0.00035331066361
9.94   0.00034979480807
9.95   0.00034631385184
9.96   0.00034286744979
9.97   0.00033945526022
9.98   0.00033607694476
9.99   0.00033273216838
10   0.00032942059932
10.01   0.00032614190913
10.02   0.00032289577255
10.03   0.00031968186753
10.04   0.00031649987519
10.05   0.00031334947981
10.06   0.00031023036873
10.07   0.00030714223242
10.08   0.00030408476434
10.09   0.00030105766101
10.1   0.00029806062193
10.11   0.00029509334955
10.12   0.00029215554925
10.13   0.00028924692931
10.14   0.00028636720089
10.15   0.00028351607798
10.16   0.0002806932774
10.17   0.00027789851876
10.18   0.00027513152442
10.19   0.00027239201948
10.2   0.00026967973174
10.21   0.00026699439171
10.22   0.00026433573252
10.23   0.00026170348995
10.24   0.00025909740239
10.25   0.00025651721079
10.26   0.00025396265865
10.27   0.00025143349203
10.28   0.00024892945945
10.29   0.00024645031194
10.3   0.00024399580298
10.31   0.00024156568847
10.32   0.00023915972671
10.33   0.00023677767841
10.34   0.00023441930662
10.35   0.00023208437674
10.36   0.00022977265647
10.37   0.00022748391581
10.38   0.00022521792702
10.39   0.00022297446462
10.4   0.00022075330535
10.41   0.00021855422814
10.42   0.00021637701411
10.43   0.00021422144655
10.44   0.00021208731086
10.45   0.0002099743946
10.46   0.0002078824874
10.47   0.00020581138096
10.48   0.00020376086905
10.49   0.00020173074748
10.5   0.00019972081406
10.51   0.0001977308686
10.52   0.00019576071291
10.53   0.00019381015072
10.54   0.00019187898772
10.55   0.00018996703152
10.56   0.00018807409162
10.57   0.0001861999794
10.58   0.00018434450812
10.59   0.00018250749287
10.6   0.00018068875056
10.61   0.00017888809994
10.62   0.00017710536152
10.63   0.00017534035759
10.64   0.00017359291221
10.65   0.00017186285116
10.66   0.00017015000195
10.67   0.00016845419379
10.68   0.00016677525759
10.69   0.00016511302592
10.7   0.00016346733301
10.71   0.00016183801472
10.72   0.00016022490855
10.73   0.0001586278536
10.74   0.00015704669054
10.75   0.00015548126165
10.76   0.00015393141074
10.77   0.00015239698318
10.78   0.00015087782587
10.79   0.00014937378722
10.8   0.00014788471714
10.81   0.00014641046701
10.82   0.00014495088971
10.83   0.00014350583954
10.84   0.00014207517228
10.85   0.00014065874511
10.86   0.00013925641663
10.87   0.00013786804684
10.88   0.00013649349712
10.89   0.00013513263023
10.9   0.00013378531029
10.91   0.00013245140275
10.92   0.0001311307744
10.93   0.00012982329335
10.94   0.00012852882902
10.95   0.00012724725211
10.96   0.00012597843461
10.97   0.00012472224977
10.98   0.00012347857211
10.99   0.00012224727737
11   0.00012102824253
11.01   0.0001198213458
11.02   0.00011862646658
11.03   0.00011744348546
11.04   0.00011627228424
11.05   0.00011511274587
11.06   0.00011396475445
11.07   0.00011282819524
11.08   0.00011170295465
11.09   0.00011058892018
11.1   0.00010948598049
11.11   0.0001083940253
11.12   0.00010731294545
11.13   0.00010624263286
11.14   0.0001051829805
11.15   0.00010413388242
11.16   0.00010309523372
11.17   0.00010206693052
11.18   0.00010104886999
11.19   0.00010004095032
11.2   9.9043070685e-05
11.21   9.8055131285e-05
11.22   9.7077033292e-05
11.23   9.610867887e-05
11.24   9.5149971148e-05
11.25   9.4200814213e-05
11.26   9.3261113107e-05
11.27   9.2330773809e-05
11.28   9.1409703234e-05
11.29   9.0497809216e-05
11.3   8.9595000507e-05
11.31   8.870118676e-05
11.32   8.7816278525e-05
11.33   8.6940187241e-05
11.34   8.6072825222e-05
11.35   8.5214105651e-05
11.36   8.4363942576e-05
11.37   8.3522250896e-05
11.38   8.2688946356e-05
11.39   8.1863945532e-05
11.4   8.1047165832e-05
11.41   8.0238525481e-05
11.42   7.9437943514e-05
11.43   7.8645339772e-05
11.44   7.7860634889e-05
11.45   7.7083750288e-05
11.46   7.631460817e-05
11.47   7.555313151e-05
11.48   7.4799244044e-05
11.49   7.4052870264e-05
11.5   7.3313935418e-05
11.51   7.2582365493e-05
11.52   7.1858087207e-05
11.53   7.114102801e-05
11.54   7.0431116068e-05
11.55   6.9728280263e-05
11.56   6.9032450181e-05
11.57   6.8343556107e-05
11.58   6.7661529019e-05
11.59   6.6986300579e-05
11.6   6.6317803129e-05
11.61   6.5655969681e-05
11.62   6.500073391e-05
11.63   6.4352030152e-05
11.64   6.3709793398e-05
11.65   6.3073959281e-05
11.66   6.2444464074e-05
11.67   6.1821244683e-05
11.68   6.1204238639e-05
11.69   6.0593384094e-05
11.7   5.9988619816e-05
11.71   5.9389885179e-05
11.72   5.8797120159e-05
11.73   5.8210265329e-05
11.74   5.7629261851e-05
11.75   5.7054051475e-05
11.76   5.6484576522e-05
11.77   5.5920779893e-05
11.78   5.5362605054e-05
11.79   5.4809996035e-05
11.8   5.4262897418e-05
11.81   5.3721254338e-05
11.82   5.3185012474e-05
11.83   5.2654118046e-05
11.84   5.2128517806e-05
11.85   5.1608159036e-05
11.86   5.1092989544e-05
11.87   5.0582957653e-05
11.88   5.0078012202e-05
11.89   4.9578102538e-05
11.9   4.9083178508e-05
11.91   4.8593190461e-05
11.92   4.810808924e-05
11.93   4.7627826175e-05
11.94   4.7152353082e-05
11.95   4.6681622252e-05
11.96   4.6215586454e-05
11.97   4.5754198923e-05
11.98   4.5297413361e-05
11.99   4.484518393e-05
12   4.4397465246e-05
12.01   4.3954212379e-05
12.02   4.3515380844e-05
12.03   4.3080926596e-05
12.04   4.2650806033e-05
12.05   4.2224975978e-05
12.06   4.1803393693e-05
12.07   4.1386016861e-05
12.08   4.0972803586e-05
12.09   4.0563712388e-05
12.1   4.01587022e-05
12.11   3.9757732362e-05
12.12   3.9360762621e-05
12.13   3.8967753121e-05
12.14   3.8578664404e-05
12.15   3.8193457406e-05
12.16   3.7812093448e-05
12.17   3.7434534238e-05
12.18   3.7060741864e-05
12.19   3.669067879e-05
12.2   3.6324307855e-05
12.21   3.596159227e-05
12.22   3.5602495607e-05
12.23   3.5246981805e-05
12.24   3.4895015157e-05
12.25   3.4546560316e-05
12.26   3.4201582283e-05
12.27   3.3860046409e-05
12.28   3.3521918388e-05
12.29   3.3187164257e-05
12.3   3.2855750391e-05
12.31   3.2527643497e-05
12.32   3.2202810616e-05
12.33   3.1881219117e-05
12.34   3.1562836687e-05
12.35   3.1247631345e-05
12.36   3.0935571423e-05
12.37   3.0626625568e-05
12.38   3.0320762741e-05
12.39   3.001795221e-05
12.4   2.9718163548e-05
12.41   2.9421366632e-05
12.42   2.9127531641e-05
12.43   2.8836629046e-05
12.44   2.8548629616e-05
12.45   2.8263504409e-05
12.46   2.7981224772e-05
12.47   2.7701762335e-05
