0   1.219106413e-11
0.01   0.00036494241943
0.02   0.0014589264112
0.03   0.0032794247117
0.04   0.0058222337911
0.05   0.0090814867209
0.06   0.013049671153
0.07   0.01771765238
0.08   0.023074701434
0.09   0.029108528164
0.1   0.035805319234
0.11   0.043149780951
0.12   0.051125186829
0.13   0.059713429783
0.14   0.068895078807
0.15   0.078649440008
0.16   0.088954621805
0.17   0.099787604118
0.18   0.11112431133
0.19   0.12293968879
0.2   0.13520778259
0.21   0.14790182234
0.22   0.16099430666
0.23   0.17445709102
0.24   0.18826147765
0.25   0.20237830706
0.26   0.21677805085
0.27   0.23143090548
0.28   0.24630688635
0.29   0.26137592211
0.3   0.2766079484
0.31   0.29197300092
0.32   0.30744130708
0.33   0.32298337614
0.34   0.338570087
0.35   0.35417277361
0.36   0.36976330737
0.37   0.3853141761
0.38   0.40079855946
0.39   0.41619040012
0.4   0.43146447071
0.41   0.44659643604
0.42   0.46156291041
0.43   0.47634150976
0.44   0.49091089866
0.45   0.50525083164
0.46   0.51934218918
0.47   0.53316700799
0.48   0.54670850571
0.49   0.55995110007
0.5   0.57288042242
0.51   0.58548332596
0.52   0.59774788864
0.53   0.60966341094
0.54   0.62122040876
0.55   0.63241060165
0.56   0.6432268966
0.57   0.65366336772
0.58   0.66371523206
0.59   0.67337882189
0.6   0.68265155373
0.61   0.69153189455
0.62   0.70001932536
0.63   0.70811430248
0.64   0.71581821698
0.65   0.72313335241
0.66   0.73006284119
0.67   0.73661061996
0.68   0.74278138413
0.69   0.7485805418
0.7   0.75401416745
0.71   0.75908895538
0.72   0.76381217325
0.73   0.7681916158
0.74   0.77223555888
0.75   0.77595271397
0.76   0.77935218316
0.77   0.7824434148
0.78   0.78523615984
0.79   0.78774042884
0.8   0.78996644975
0.81   0.79192462656
0.82   0.79362549861
0.83   0.79507970085
0.84   0.79629792493
0.85   0.79729088105
0.86   0.79806926083
0.87   0.79864370103
0.88   0.79902474819
0.89   0.79922282437
0.9   0.79924819382
0.91   0.79911093088
0.92   0.79882088907
0.93   0.79838767141
0.94   0.79782060229
0.95   0.79712870074
0.96   0.79632065542
0.97   0.7954048014
0.98   0.79438909887
0.99   0.79328111394
1   0.79208800161
1.01   0.79081649124
1.02   0.78947287438
1.03   0.78806299536
1.04   0.78659224457
1.05   0.78506555467
1.06   0.7834873997
1.07   0.78186179728
1.08   0.78019231378
1.09   0.77848207266
1.1   0.77673376585
1.11   0.77494966812
1.12   0.77313165447
1.13   0.77128122028
1.14   0.76939950419
1.15   0.76748731357
1.16   0.76554515216
1.17   0.76357324995
1.18   0.76157159471
1.19   0.75953996514
1.2   0.75747796519
1.21   0.75538505915
1.22   0.7532606073
1.23   0.75110390165
1.24   0.74891420139
1.25   0.74669076769
1.26   0.74443289739
1.27   0.74213995537
1.28   0.73981140499
1.29   0.7374468364
1.3   0.73504599241
1.31   0.73260879139
1.32   0.73013534752
1.33   0.72762598588
1.34   0.72508125789
1.35   0.72250194783
1.36   0.71988908036
1.37   0.71724386834
1.38   0.71456764277
1.39   0.71186172463
1.4   0.70912737367
1.41   0.70636579938
1.42   0.70357817888
1.43   0.70076568214
1.44   0.69792944607
1.45   0.6950705727
1.46   0.69219013803
1.47   0.68928919077
1.48   0.68636875224
1.49   0.68342981734
1.5   0.68047335511
1.51   0.6775003093
1.52   0.67451159896
1.53   0.67150811898
1.54   0.66849074068
1.55   0.66546031232
1.56   0.66241765964
1.57   0.65936358639
1.58   0.65629887488
1.59   0.65322428638
1.6   0.65014056173
1.61   0.64704842176
1.62   0.64394856775
1.63   0.64084168194
1.64   0.63772842795
1.65   0.63460945123
1.66   0.63148537951
1.67   0.62835682317
1.68   0.62522437574
1.69   0.62208861423
1.7   0.61895009956
1.71   0.61580937694
1.72   0.61266697625
1.73   0.60952341242
1.74   0.60637918577
1.75   0.60323478236
1.76   0.60009067437
1.77   0.5969473204
1.78   0.59380516581
1.79   0.59066464304
1.8   0.58752617192
1.81   0.58439016
1.82   0.5812570028
1.83   0.57812708415
1.84   0.57500077642
1.85   0.57187844085
1.86   0.56876042781
1.87   0.56564707701
1.88   0.56253871784
1.89   0.55943566955
1.9   0.55633824154
1.91   0.55324673356
1.92   0.550161436
1.93   0.54708263004
1.94   0.54401058795
1.95   0.54094557324
1.96   0.53788784092
1.97   0.53483763769
1.98   0.5317952021
1.99   0.52876076483
2   0.5257345488
2.01   0.52271676941
2.02   0.51970763468
2.03   0.51670734548
2.04   0.51371609563
2.05   0.51073407217
2.06   0.5077614554
2.07   0.50479841916
2.08   0.50184513091
2.09   0.49890175192
2.1   0.49596843739
2.11   0.49304533664
2.12   0.4901325932
2.13   0.487230345
2.14   0.48433872448
2.15   0.48145785872
2.16   0.47858786956
2.17   0.47572887378
2.18   0.47288098316
2.19   0.47004430464
2.2   0.46721894042
2.21   0.46440498809
2.22   0.46160254074
2.23   0.45881168706
2.24   0.45603251144
2.25   0.45326509413
2.26   0.45050951127
2.27   0.44776583504
2.28   0.44503413374
2.29   0.4423144719
2.3   0.43960691034
2.31   0.43691150633
2.32   0.43422831361
2.33   0.4315573825
2.34   0.42889876002
2.35   0.42625248994
2.36   0.42361861286
2.37   0.42099716631
2.38   0.41838818483
2.39   0.41579170004
2.4   0.4132077407
2.41   0.41063633282
2.42   0.40807749971
2.43   0.40553126205
2.44   0.40299763796
2.45   0.4004766431
2.46   0.39796829067
2.47   0.39547259156
2.48   0.39298955434
2.49   0.39051918536
2.5   0.38806148882
2.51   0.3856164668
2.52   0.38318411933
2.53   0.38076444447
2.54   0.37835743834
2.55   0.37596309518
2.56   0.37358140741
2.57   0.37121236569
2.58   0.36885595894
2.59   0.36651217445
2.6   0.36418099787
2.61   0.36186241327
2.62   0.35955640323
2.63   0.35726294884
2.64   0.35498202976
2.65   0.35271362427
2.66   0.35045770931
2.67   0.34821426053
2.68   0.34598325232
2.69   0.34376465785
2.7   0.34155844913
2.71   0.339364597
2.72   0.33718307125
2.73   0.33501384058
2.74   0.33285687268
2.75   0.33071213424
2.76   0.328579591
2.77   0.3264592078
2.78   0.32435094856
2.79   0.32225477639
2.8   0.32017065354
2.81   0.31809854148
2.82   0.31603840095
2.83   0.31399019192
2.84   0.31195387368
2.85   0.30992940484
2.86   0.30791674336
2.87   0.30591584661
2.88   0.30392667133
2.89   0.3019491737
2.9   0.29998330939
2.91   0.29802903353
2.92   0.29608630074
2.93   0.29415506519
2.94   0.29223528061
2.95   0.29032690028
2.96   0.2884298771
2.97   0.28654416357
2.98   0.28466971183
2.99   0.28280647368
3   0.28095440059
3.01   0.27911344374
3.02   0.277283554
3.03   0.27546468198
3.04   0.27365677805
3.05   0.27185979234
3.06   0.27007367474
3.07   0.26829837496
3.08   0.26653384252
3.09   0.26478002676
3.1   0.26303687687
3.11   0.26130434188
3.12   0.25958237072
3.13   0.25787091218
3.14   0.25616991495
3.15   0.25447932763
3.16   0.25279909875
3.17   0.25112917676
3.18   0.24946951007
3.19   0.24782004703
3.2   0.24618073597
3.21   0.24455152519
3.22   0.24293236297
3.23   0.24132319762
3.24   0.23972397741
3.25   0.23813465065
3.26   0.23655516569
3.27   0.23498547089
3.28   0.23342551466
3.29   0.23187524545
3.3   0.23033461179
3.31   0.22880356226
3.32   0.22728204551
3.33   0.22577001027
3.34   0.22426740537
3.35   0.22277417971
3.36   0.22129028231
3.37   0.21981566229
3.38   0.21835026886
3.39   0.21689405138
3.4   0.21544695931
3.41   0.21400894225
3.42   0.2125799499
3.43   0.21115993214
3.44   0.20974883897
3.45   0.20834662053
3.46   0.20695322712
3.47   0.20556860919
3.48   0.20419271734
3.49   0.20282550236
3.5   0.20146691516
3.51   0.20011690686
3.52   0.19877542873
3.53   0.19744243221
3.54   0.19611786893
3.55   0.1948016907
3.56   0.19349384951
3.57   0.19219429752
3.58   0.19090298711
3.59   0.18961987082
3.6   0.1883449014
3.61   0.18707803178
3.62   0.1858192151
3.63   0.18456840469
3.64   0.18332555408
3.65   0.182090617
3.66   0.18086354739
3.67   0.17964429938
3.68   0.17843282731
3.69   0.17722908574
3.7   0.17603302942
3.71   0.17484461332
3.72   0.1736637926
3.73   0.17249052266
3.74   0.17132475908
3.75   0.17016645767
3.76   0.16901557445
3.77   0.16787206565
3.78   0.16673588771
3.79   0.16560699729
3.8   0.16448535126
3.81   0.1633709067
3.82   0.16226362091
3.83   0.1611634514
3.84   0.16007035591
3.85   0.15898429236
3.86   0.15790521892
3.87   0.15683309396
3.88   0.15576787605
3.89   0.15470952401
3.9   0.15365799684
3.91   0.15261325376
3.92   0.15157525423
3.93   0.15054395788
3.94   0.14951932459
3.95   0.14850131443
3.96   0.1474898877
3.97   0.14648500489
3.98   0.14548662671
3.99   0.1444947141
4   0.14350922817
4.01   0.14253013028
4.02   0.14155738197
4.03   0.140590945
4.04   0.13963078134
4.05   0.13867685316
4.06   0.13772912284
4.07   0.13678755297
4.08   0.13585210632
4.09   0.13492274591
4.1   0.13399943492
4.11   0.13308213675
4.12   0.13217081501
4.13   0.13126543348
4.14   0.13036595619
4.15   0.12947234732
4.16   0.12858457127
4.17   0.12770259265
4.18   0.12682637623
4.19   0.12595588702
4.2   0.1250910902
4.21   0.12423195114
4.22   0.12337843541
4.23   0.12253050878
4.24   0.12168813719
4.25   0.1208512868
4.26   0.12001992394
4.27   0.11919401513
4.28   0.11837352707
4.29   0.11755842668
4.3   0.11674868102
4.31   0.11594425736
4.32   0.11514512316
4.33   0.11435124605
4.34   0.11356259384
4.35   0.11277913453
4.36   0.1120008363
4.37   0.11122766751
4.38   0.11045959668
4.39   0.10969659252
4.4   0.10893862393
4.41   0.10818565997
4.42   0.10743766988
4.43   0.10669462306
4.44   0.1059564891
4.45   0.10522323775
4.46   0.10449483894
4.47   0.10377126277
4.48   0.1030524795
4.49   0.10233845956
4.5   0.10162917355
4.51   0.10092459223
4.52   0.10022468654
4.53   0.099529427578
4.54   0.098838786591
4.55   0.098152735006
4.56   0.097471244403
4.57   0.096794286527
4.58   0.09612183328
4.59   0.095453856724
4.6   0.09479032908
4.61   0.094131222725
4.62   0.093476510192
4.63   0.092826164171
4.64   0.092180157506
4.65   0.091538463194
4.66   0.090901054386
4.67   0.090267904384
4.68   0.089638986644
4.69   0.089014274769
4.7   0.088393742514
4.71   0.087777363781
4.72   0.087165112623
4.73   0.086556963236
4.74   0.085952889966
4.75   0.085352867302
4.76   0.084756869881
4.77   0.084164872481
4.78   0.083576850025
4.79   0.082992777577
4.8   0.082412630344
4.81   0.081836383674
4.82   0.081264013053
4.83   0.080695494111
4.84   0.080130802611
4.85   0.079569914458
4.86   0.079012805694
4.87   0.078459452494
4.88   0.077909831174
4.89   0.07736391818
4.9   0.076821690095
4.91   0.076283123635
4.92   0.07574819565
4.93   0.07521688312
4.94   0.074689163158
4.95   0.074165013008
4.96   0.073644410042
4.97   0.073127331764
4.98   0.072613755805
4.99   0.072103659925
5   0.071597022012
5.01   0.071093820078
5.02   0.070594032263
5.03   0.070097636834
5.04   0.069604612179
5.05   0.069114936814
5.06   0.068628589375
5.07   0.068145548622
5.08   0.067665793439
5.09   0.06718930283
5.1   0.066716055919
5.11   0.066246031951
5.12   0.065779210293
5.13   0.065315570428
5.14   0.064855091958
5.15   0.064397754604
5.16   0.063943538203
5.17   0.06349242271
5.18   0.063044388195
5.19   0.062599414845
5.2   0.062157482959
5.21   0.061718572953
5.22   0.061282665355
5.23   0.060849740807
5.24   0.060419780063
5.25   0.059992763991
5.26   0.059568673567
5.27   0.059147489881
5.28   0.058729194131
5.29   0.058313767626
5.3   0.057901191784
5.31   0.05749144813
5.32   0.057084518301
5.33   0.056680384038
5.34   0.056279027189
5.35   0.055880429712
5.36   0.055484573666
5.37   0.055091441219
5.38   0.054701014642
5.39   0.054313276312
5.4   0.053928208709
5.41   0.053545794415
5.42   0.053166016116
5.43   0.0527888566
5.44   0.052414298758
5.45   0.05204232558
5.46   0.051672920158
5.47   0.051306065683
5.48   0.050941745448
5.49   0.050579942844
5.5   0.050220641359
5.51   0.049863824581
5.52   0.049509476196
5.53   0.049157579987
5.54   0.048808119832
5.55   0.048461079707
5.56   0.048116443684
5.57   0.047774195929
5.58   0.047434320702
5.59   0.047096802361
5.6   0.046761625354
5.61   0.046428774223
5.62   0.046098233605
5.63   0.045769988228
5.64   0.045444022911
5.65   0.045120322566
5.66   0.044798872195
5.67   0.044479656891
5.68   0.044162661837
5.69   0.043847872306
5.7   0.04353527366
5.71   0.043224851348
5.72   0.042916590911
5.73   0.042610477973
5.74   0.04230649825
5.75   0.042004637542
5.76   0.041704881736
5.77   0.041407216805
5.78   0.041111628809
5.79   0.040818103891
5.8   0.04052662828
5.81   0.040237188288
5.82   0.039949770313
5.83   0.039664360834
5.84   0.039380946415
5.85   0.039099513701
5.86   0.03882004942
5.87   0.038542540381
5.88   0.038266973475
5.89   0.037993335673
5.9   0.037721614027
5.91   0.037451795669
5.92   0.03718386781
5.93   0.03691781774
5.94   0.036653632829
5.95   0.036391300524
5.96   0.036130808351
5.97   0.035872143912
5.98   0.035615294888
5.99   0.035360249035
6   0.035106994186
6.01   0.03485551825
6.02   0.034605809211
6.03   0.034357855129
6.04   0.034111644138
6.05   0.033867164445
6.06   0.033624404333
6.07   0.033383352157
6.08   0.033143996347
6.09   0.032906325403
6.1   0.032670327899
6.11   0.03243599248
6.12   0.032203307865
6.13   0.03197226284
6.14   0.031742846265
6.15   0.03151504707
6.16   0.031288854252
6.17   0.031064256882
6.18   0.030841244098
6.19   0.030619805106
6.2   0.030399929182
6.21   0.030181605669
6.22   0.029964823979
6.23   0.029749573591
6.24   0.029535844049
6.25   0.029323624966
6.26   0.029112906021
6.27   0.028903676957
6.28   0.028695927586
6.29   0.028489647781
6.3   0.028284827483
6.31   0.028081456695
6.32   0.027879525487
6.33   0.027679023989
6.34   0.027479942399
6.35   0.027282270973
6.36   0.027086000032
6.37   0.026891119962
6.38   0.026697621206
6.39   0.026505494271
6.4   0.026314729726
6.41   0.026125318199
6.42   0.025937250381
6.43   0.025750517022
6.44   0.02556510893
6.45   0.025381016976
6.46   0.025198232087
6.47   0.025016745251
6.48   0.024836547515
6.49   0.024657629981
6.5   0.024479983813
6.51   0.024303600229
6.52   0.024128470507
6.53   0.023954585979
6.54   0.023781938036
6.55   0.023610518124
6.56   0.023440317746
6.57   0.023271328459
6.58   0.023103541876
6.59   0.022936949666
6.6   0.02277154355
6.61   0.022607315306
6.62   0.022444256764
6.63   0.022282359809
6.64   0.022121616379
6.65   0.021962018464
6.66   0.021803558109
6.67   0.021646227409
6.68   0.021490018512
6.69   0.021334923618
6.7   0.021180934979
6.71   0.021028044897
6.72   0.020876245726
6.73   0.020725529869
6.74   0.020575889781
6.75   0.020427317967
6.76   0.02027980698
6.77   0.020133349424
6.78   0.019987937951
6.79   0.019843565262
6.8   0.019700224107
6.81   0.019557907285
6.82   0.019416607641
6.83   0.019276318069
6.84   0.01913703151
6.85   0.018998740951
6.86   0.018861439428
6.87   0.018725120023
6.88   0.018589775861
6.89   0.018455400117
6.9   0.018321986011
6.91   0.018189526806
6.92   0.018058015813
6.93   0.017927446385
6.94   0.017797811922
6.95   0.017669105868
6.96   0.017541321709
6.97   0.017414452976
6.98   0.017288493245
6.99   0.017163436134
7   0.017039275302
7.01   0.016916004453
7.02   0.016793617334
7.03   0.016672107732
7.04   0.016551469477
7.05   0.016431696441
7.06   0.016312782538
7.07   0.01619472172
7.08   0.016077507984
7.09   0.015961135364
7.1   0.015845597937
7.11   0.015730889818
7.12   0.015617005165
7.13   0.015503938172
7.14   0.015391683075
7.15   0.015280234147
7.16   0.015169585702
7.17   0.015059732091
7.18   0.014950667704
7.19   0.01484238697
7.2   0.014734884354
7.21   0.014628154361
7.22   0.014522191532
7.23   0.014416990444
7.24   0.014312545714
7.25   0.014208851994
7.26   0.014105903972
7.27   0.014003696373
7.28   0.013902223959
7.29   0.013801481525
7.3   0.013701463905
7.31   0.013602165966
7.32   0.013503582611
7.33   0.013405708778
7.34   0.013308539439
7.35   0.013212069601
7.36   0.013116294305
7.37   0.013021208627
7.38   0.012926807676
7.39   0.012833086593
7.4   0.012740040556
7.41   0.012647664774
7.42   0.012555954487
7.43   0.012464904972
7.44   0.012374511536
7.45   0.012284769519
7.46   0.012195674291
7.47   0.012107221258
7.48   0.012019405854
7.49   0.011932223546
7.5   0.011845669833
7.51   0.011759740243
7.52   0.011674430337
7.53   0.011589735706
7.54   0.011505651972
7.55   0.011422174785
7.56   0.011339299827
7.57   0.01125702281
7.58   0.011175339476
7.59   0.011094245595
7.6   0.011013736967
7.61   0.010933809421
7.62   0.010854458816
7.63   0.010775681039
7.64   0.010697472004
7.65   0.010619827657
7.66   0.010542743968
7.67   0.010466216938
7.68   0.010390242594
7.69   0.010314816992
7.7   0.010239936215
7.71   0.010165596374
7.72   0.010091793604
7.73   0.010018524071
7.74   0.0099457839644
7.75   0.0098735695027
7.76   0.0098018769293
7.77   0.0097307025141
7.78   0.0096600425533
7.79   0.0095898933685
7.8   0.0095202513075
7.81   0.0094511127431
7.82   0.0093824740738
7.83   0.0093143317231
7.84   0.0092466821397
7.85   0.0091795217969
7.86   0.0091128471928
7.87   0.00904665485
7.88   0.0089809413155
7.89   0.0089157031603
7.9   0.0088509369797
7.91   0.0087866393926
7.92   0.0087228070417
7.93   0.0086594365934
7.94   0.0085965247372
7.95   0.008534068186
7.96   0.0084720636757
7.97   0.0084105079653
7.98   0.0083493978364
7.99   0.0082887300931
8   0.0082285015622
8.01   0.0081687090927
8.02   0.0081093495558
8.03   0.0080504198446
8.04   0.0079919168742
8.05   0.0079338375813
8.06   0.0078761789242
8.07   0.0078189378827
8.08   0.0077621114578
8.09   0.0077056966716
8.1   0.0076496905673
8.11   0.0075940902088
8.12   0.0075388926808
8.13   0.0074840950887
8.14   0.0074296945579
8.15   0.0073756882346
8.16   0.0073220732848
8.17   0.0072688468947
8.18   0.0072160062702
8.19   0.0071635486372
8.2   0.0071114712409
8.21   0.0070597713462
8.22   0.0070084462372
8.23   0.0069574932174
8.24   0.0069069096092
8.25   0.006856692754
8.26   0.006806840012
8.27   0.0067573487621
8.28   0.0067082164018
8.29   0.006659440347
8.3   0.006611018032
8.31   0.0065629469091
8.32   0.0065152244488
8.33   0.0064678481395
8.34   0.0064208154874
8.35   0.0063741240164
8.36   0.006327771268
8.37   0.0062817548011
8.38   0.006236072192
8.39   0.006190721034
8.4   0.0061456989379
8.41   0.006101003531
8.42   0.0060566324578
8.43   0.0060125833794
8.44   0.0059688539736
8.45   0.0059254419345
8.46   0.0058823449729
8.47   0.0058395608158
8.48   0.0057970872061
8.49   0.0057549219031
8.5   0.0057130626819
8.51   0.0056715073335
8.52   0.0056302536646
8.53   0.0055892994975
8.54   0.0055486426699
8.55   0.0055082810352
8.56   0.0054682124619
8.57   0.0054284348336
8.58   0.0053889460492
8.59   0.0053497440226
8.6   0.0053108266823
8.61   0.0052721919717
8.62   0.0052338378492
8.63   0.0051957622872
8.64   0.005157963273
8.65   0.0051204388081
8.66   0.0050831869084
8.67   0.0050462056037
8.68   0.0050094929381
8.69   0.0049730469697
8.7   0.0049368657703
8.71   0.0049009474256
8.72   0.004865290035
8.73   0.0048298917114
8.74   0.0047947505812
8.75   0.0047598647843
8.76   0.0047252324739
8.77   0.0046908518162
8.78   0.0046567209907
8.79   0.00462283819
8.8   0.0045892016196
8.81   0.0045558094976
8.82   0.0045226600552
8.83   0.004489751536
8.84   0.0044570821964
8.85   0.0044246503051
8.86   0.0043924541434
8.87   0.0043604920047
8.88   0.0043287621949
8.89   0.0042972630317
8.9   0.0042659928451
8.91   0.0042349499771
8.92   0.0042041327814
8.93   0.0041735396238
8.94   0.0041431688814
8.95   0.0041130189434
8.96   0.0040830882102
8.97   0.004053375094
8.98   0.004023878018
8.99   0.0039945954171
9   0.0039655257373
9.01   0.0039366674357
9.02   0.0039080189805
9.03   0.003879578851
9.04   0.0038513455373
9.05   0.0038233175404
9.06   0.0037954933721
9.07   0.0037678715549
9.08   0.0037404506218
9.09   0.0037132291165
9.1   0.0036862055932
9.11   0.0036593786163
9.12   0.0036327467607
9.13   0.0036063086114
9.14   0.0035800627637
9.15   0.003554007823
9.16   0.0035281424047
9.17   0.0035024651341
9.18   0.0034769746466
9.19   0.0034516695873
9.2   0.0034265486109
9.21   0.0034016103819
9.22   0.0033768535747
9.23   0.0033522768728
9.24   0.0033278789694
9.25   0.0033036585671
9.26   0.0032796143779
9.27   0.003255745123
9.28   0.0032320495328
9.29   0.0032085263469
9.3   0.0031851743139
9.31   0.0031619921917
9.32   0.0031389787468
9.33   0.0031161327547
9.34   0.0030934529999
9.35   0.0030709382754
9.36   0.0030485873832
9.37   0.0030263991337
9.38   0.0030043723459
9.39   0.0029825058476
9.4   0.0029607984746
9.41   0.0029392490715
9.42   0.0029178564911
9.43   0.0028966195945
9.44   0.0028755372508
9.45   0.0028546083377
9.46   0.0028338317406
9.47   0.0028132063532
9.48   0.002792731077
9.49   0.0027724048216
9.5   0.0027522265044
9.51   0.0027321950507
9.52   0.0027123093934
9.53   0.0026925684732
9.54   0.0026729712386
9.55   0.0026535166454
9.56   0.0026342036571
9.57   0.0026150312448
9.58   0.0025959983869
9.59   0.0025771040693
9.6   0.002558347285
9.61   0.0025397270345
9.62   0.0025212423254
9.63   0.0025028921727
9.64   0.0024846755983
9.65   0.0024665916311
9.66   0.0024486393074
9.67   0.00243081767
9.68   0.002413125769
9.69   0.0023955626612
9.7   0.0023781274103
9.71   0.0023608190866
9.72   0.0023436367674
9.73   0.0023265795365
9.74   0.0023096464844
9.75   0.0022928367081
9.76   0.0022761493113
9.77   0.0022595834039
9.78   0.0022431381026
9.79   0.0022268125302
9.8   0.0022106058161
9.81   0.0021945170958
9.82   0.0021785455112
9.83   0.0021626902104
9.84   0.0021469503474
9.85   0.0021313250829
9.86   0.0021158135831
9.87   0.0021004150205
9.88   0.0020851285737
9.89   0.002069953427
9.9   0.0020548887709
9.91   0.0020399338015
9.92   0.0020250877209
9.93   0.0020103497368
9.94   0.0019957190629
9.95   0.0019811949184
9.96   0.0019667765283
9.97   0.001952463123
9.98   0.0019382539388
9.99   0.0019241482172
10   0.0019101452055
10.01   0.0018962441562
10.02   0.0018824443275
10.03   0.0018687449827
10.04   0.0018551453906
10.05   0.0018416448253
10.06   0.0018282425661
10.07   0.0018149378977
10.08   0.0018017301097
10.09   0.001788618497
10.1   0.0017756023598
10.11   0.001762681003
10.12   0.001749853737
10.13   0.0017371198767
10.14   0.0017244787424
10.15   0.0017119296592
10.16   0.0016994719569
10.17   0.0016871049704
10.18   0.0016748280394
10.19   0.0016626405083
10.2   0.0016505417263
10.21   0.0016385310475
10.22   0.0016266078303
10.23   0.001614771438
10.24   0.0016030212387
10.25   0.0015913566048
10.26   0.0015797769133
10.27   0.0015682815458
10.28   0.0015568698884
10.29   0.0015455413317
10.3   0.0015342952705
10.31   0.0015231311043
10.32   0.0015120482368
10.33   0.0015010460759
10.34   0.0014901240342
10.35   0.0014792815281
10.36   0.0014685179786
10.37   0.0014578328107
10.38   0.0014472254536
10.39   0.0014366953408
10.4   0.0014262419098
10.41   0.0014158646021
10.42   0.0014055628635
10.43   0.0013953361436
10.44   0.0013851838961
10.45   0.0013751055786
10.46   0.0013651006528
10.47   0.0013551685842
10.48   0.0013453088422
10.49   0.0013355209
10.5   0.0013258042348
10.51   0.0013161583273
10.52   0.0013065826624
10.53   0.0012970767283
10.54   0.0012876400173
10.55   0.0012782720251
10.56   0.0012689722513
10.57   0.001259740199
