0   -1.0427284036e-11
0.01   0.0071440177964
0.02   0.014300382883
0.03   0.021481395294
0.04   0.028699260656
0.05   0.035966043188
0.06   0.043293618958
0.07   0.050693629491
0.08   0.058177435821
0.09   0.065756073118
0.1   0.073440205991
0.11   0.081240084614
0.12   0.089165501816
0.13   0.097225751289
0.14   0.1054295871
0.15   0.11378518465
0.16   0.12230010334
0.17   0.13098125102
0.18   0.1398348506
0.19   0.14886640886
0.2   0.15808068777
0.21   0.1674816785
0.22   0.17707257833
0.23   0.18685577068
0.24   0.19683280834
0.25   0.20700440025
0.26   0.21737040179
0.27   0.2279298089
0.28   0.23868075594
0.29   0.24962051759
0.3   0.26074551461
0.31   0.2720513237
0.32   0.2835326913
0.33   0.29518355134
0.34   0.3069970469
0.35   0.31896555553
0.36   0.3310807183
0.37   0.3433334722
0.38   0.35571408579
0.39   0.3682121978
0.4   0.38081685848
0.41   0.3935165734
0.42   0.40629934927
0.43   0.41915274163
0.44   0.43206390399
0.45   0.44501963804
0.46   0.45800644462
0.47   0.47101057512
0.48   0.48401808292
0.49   0.49701487459
0.5   0.50998676045
0.51   0.52291950423
0.52   0.53579887166
0.53   0.54861067746
0.54   0.56134083075
0.55   0.57397537863
0.56   0.58650054761
0.57   0.59890278294
0.58   0.61116878561
0.59   0.62328554698
0.6   0.63524038104
0.61   0.6470209542
0.62   0.65861531266
0.63   0.67001190746
0.64   0.68119961722
0.65   0.69216776858
0.66   0.70290615464
0.67   0.71340505132
0.68   0.72365523185
0.69   0.73364797956
0.7   0.74337509903
0.71   0.75282892577
0.72   0.76200233453
0.73   0.77088874643
0.74   0.77948213492
0.75   0.78777703071
0.76   0.79576852577
0.77   0.80345227643
0.78   0.81082450554
0.79   0.8178820039
0.8   0.82462213074
0.81   0.83104281336
0.82   0.83714254586
0.83   0.8429203868
0.84   0.84837595595
0.85   0.85350942966
0.86   0.85832153521
0.87   0.86281354357
0.88   0.86698726082
0.89   0.87084501788
0.9   0.87438965858
0.91   0.87762452588
0.92   0.88055344616
0.93   0.88318071161
0.94   0.88551106046
0.95   0.88754965525
0.96   0.8893020589
0.97   0.89077420879
0.98   0.89197238878
0.99   0.89290319928
1   0.89357352552
1.01   0.89399050407
1.02   0.89416148788
1.03   0.89409400999
1.04   0.89379574613
1.05   0.89327447653
1.06   0.89253804718
1.07   0.89159433081
1.08   0.89045118804
1.09   0.88911642881
1.1   0.88759777471
1.11   0.88590282228
1.12   0.88403900786
1.13   0.88201357415
1.14   0.87983353884
1.15   0.87750566575
1.16   0.87503643857
1.17   0.87243203736
1.18   0.86969831932
1.19   0.86684080051
1.2   0.86386464407
1.21   0.86077465441
1.22   0.8575753292
1.23   0.85427094956
1.24   0.85086570378
1.25   0.8473636973
1.26   0.84376894422
1.27   0.8400853353
1.28   0.83631666352
1.29   0.83246662919
1.3   0.82853883431
1.31   0.82453678667
1.32   0.82046390161
1.33   0.81632350362
1.34   0.81211882805
1.35   0.80785302295
1.36   0.80352915073
1.37   0.79915018992
1.38   0.7947190369
1.39   0.7902385076
1.4   0.78571133919
1.41   0.78114019177
1.42   0.77652765005
1.43   0.77187622496
1.44   0.76718835532
1.45   0.76246640943
1.46   0.75771268667
1.47   0.75292941904
1.48   0.74811877274
1.49   0.74328284969
1.5   0.73842368901
1.51   0.7335432685
1.52   0.7286435061
1.53   0.72372626133
1.54   0.71879333666
1.55   0.71384647891
1.56   0.7088873806
1.57   0.70391768129
1.58   0.69893896886
1.59   0.69395278079
1.6   0.68896060544
1.61   0.68396388325
1.62   0.67896400796
1.63   0.67396232777
1.64   0.66896014652
1.65   0.66395872481
1.66   0.6589592811
1.67   0.65396299279
1.68   0.6489709973
1.69   0.64398439307
1.7   0.63900424063
1.71   0.63403156352
1.72   0.62906734933
1.73   0.62411255058
1.74   0.61916808569
1.75   0.61423483987
1.76   0.60931366601
1.77   0.60440538553
1.78   0.59951078921
1.79   0.59463063805
1.8   0.58976566405
1.81   0.584916571
1.82   0.58008403522
1.83   0.57526870636
1.84   0.57047120806
1.85   0.56569213872
1.86   0.56093207218
1.87   0.55619155838
1.88   0.55147112401
1.89   0.5467712732
1.9   0.54209248812
1.91   0.53743522957
1.92   0.53279993762
1.93   0.52818703219
1.94   0.52359691357
1.95   0.51902996304
1.96   0.51448654335
1.97   0.5099669993
1.98   0.5054716582
1.99   0.50100083044
2   0.4965548099
2.01   0.49213387448
2.02   0.48773828655
2.03   0.4833682934
2.04   0.47902412766
2.05   0.47470600779
2.06   0.47041413842
2.07   0.46614871083
2.08   0.46190990328
2.09   0.45769788146
2.1   0.45351279883
2.11   0.44935479701
2.12   0.44522400611
2.13   0.44112054511
2.14   0.43704452217
2.15   0.43299603501
2.16   0.42897517118
2.17   0.4249820084
2.18   0.42101661488
2.19   0.4170790496
2.2   0.41316936259
2.21   0.40928759524
2.22   0.40543378059
2.23   0.40160794356
2.24   0.39781010121
2.25   0.39404026305
2.26   0.39029843125
2.27   0.38658460086
2.28   0.38289876012
2.29   0.3792408906
2.3   0.37561096752
2.31   0.37200895987
2.32   0.3684348307
2.33   0.36488853731
2.34   0.36137003142
2.35   0.35787925939
2.36   0.35441616243
2.37   0.35098067675
2.38   0.34757273376
2.39   0.34419226026
2.4   0.34083917859
2.41   0.33751340681
2.42   0.33421485884
2.43   0.33094344467
2.44   0.32769907047
2.45   0.32448163874
2.46   0.3212910485
2.47   0.31812719537
2.48   0.31498997177
2.49   0.31187926702
2.5   0.30879496747
2.51   0.30573695664
2.52   0.30270511535
2.53   0.29969932183
2.54   0.29671945182
2.55   0.29376537873
2.56   0.29083697371
2.57   0.28793410578
2.58   0.28505664193
2.59   0.28220444721
2.6   0.27937738485
2.61   0.27657531634
2.62   0.27379810154
2.63   0.27104559875
2.64   0.26831766482
2.65   0.26561415522
2.66   0.26293492412
2.67   0.26027982449
2.68   0.25764870818
2.69   0.25504142597
2.7   0.25245782764
2.71   0.24989776211
2.72   0.24736107742
2.73   0.24484762085
2.74   0.24235723897
2.75   0.23988977772
2.76   0.23744508244
2.77   0.23502299796
2.78   0.23262336865
2.79   0.23024603845
2.8   0.22789085097
2.81   0.22555764952
2.82   0.22324627713
2.83   0.22095657666
2.84   0.21868839079
2.85   0.21644156212
2.86   0.21421593316
2.87   0.21201134643
2.88   0.20982764443
2.89   0.20766466975
2.9   0.20552226508
2.91   0.20340027324
2.92   0.20129853721
2.93   0.19921690021
2.94   0.19715520568
2.95   0.19511329732
2.96   0.19309101918
2.97   0.19108821559
2.98   0.1891047313
2.99   0.18714041141
3   0.18519510145
3.01   0.18326864741
3.02   0.18136089573
3.03   0.17947169335
3.04   0.17760088773
3.05   0.17574832687
3.06   0.17391385932
3.07   0.17209733421
3.08   0.17029860127
3.09   0.16851751085
3.1   0.16675391394
3.11   0.16500766217
3.12   0.16327860783
3.13   0.16156660392
3.14   0.15987150412
3.15   0.15819316281
3.16   0.15653143512
3.17   0.1548861769
3.18   0.15325724476
3.19   0.15164449606
3.2   0.15004778893
3.21   0.1484669823
3.22   0.14690193588
3.23   0.14535251017
3.24   0.14381856649
3.25   0.14229996698
3.26   0.14079657459
3.27   0.13930825312
3.28   0.1378348672
3.29   0.1363762823
3.3   0.13493236473
3.31   0.13350298169
3.32   0.13208800119
3.33   0.13068729215
3.34   0.12930072434
3.35   0.12792816838
3.36   0.12656949581
3.37   0.125224579
3.38   0.12389329124
3.39   0.12257550668
3.4   0.12127110036
3.41   0.1199799482
3.42   0.11870192703
3.43   0.11743691455
3.44   0.11618478934
3.45   0.11494543089
3.46   0.11371871958
3.47   0.11250453666
3.48   0.11130276428
3.49   0.1101132855
3.5   0.10893598423
3.51   0.1077707453
3.52   0.10661745441
3.53   0.10547599814
3.54   0.10434626399
3.55   0.10322814029
3.56   0.10212151628
3.57   0.10102628208
3.58   0.099942328673
3.59   0.098869547925
3.6   0.097807832568
3.61   0.096757076204
3.62   0.095717173298
3.63   0.094688019181
3.64   0.093669510042
3.65   0.092661542924
3.66   0.091664015726
3.67   0.090676827196
3.68   0.089699876925
3.69   0.088733065349
3.7   0.087776293743
3.71   0.086829464214
3.72   0.085892479703
3.73   0.084965243976
3.74   0.084047661622
3.75   0.083139638048
3.76   0.082241079476
3.77   0.08135189294
3.78   0.080471986277
3.79   0.079601268126
3.8   0.078739647924
3.81   0.077887035899
3.82   0.077043343068
3.83   0.076208481232
3.84   0.075382362968
3.85   0.074564901628
3.86   0.073756011334
3.87   0.072955606973
3.88   0.072163604188
3.89   0.07137991938
3.9   0.0706044697
3.91   0.069837173041
3.92   0.06907794804
3.93   0.068326714066
3.94   0.06758339122
3.95   0.066847900326
3.96   0.066120162932
3.97   0.065400101298
3.98   0.064687638396
3.99   0.063982697902
4   0.063285204194
4.01   0.062595082342
4.02   0.061912258111
4.03   0.061236657947
4.04   0.060568208978
4.05   0.059906839007
4.06   0.059252476507
4.07   0.058605050615
4.08   0.05796449113
4.09   0.057330728505
4.1   0.056703693843
4.11   0.056083318892
4.12   0.05546953604
4.13   0.054862278312
4.14   0.054261479359
4.15   0.053667073461
4.16   0.053078995517
4.17   0.05249718104
4.18   0.051921566156
4.19   0.051352087594
4.2   0.050788682686
4.21   0.050231289357
4.22   0.049679846126
4.23   0.049134292095
4.24   0.04859456695
4.25   0.048060610952
4.26   0.047532364934
4.27   0.047009770297
4.28   0.046492769003
4.29   0.045981303572
4.3   0.045475317078
4.31   0.044974753141
4.32   0.044479555927
4.33   0.04398967014
4.34   0.043505041019
4.35   0.043025614331
4.36   0.042551336372
4.37   0.042082153956
4.38   0.041618014413
4.39   0.041158865589
4.4   0.040704655832
4.41   0.040255333998
4.42   0.039810849438
4.43   0.039371152001
4.44   0.038936192022
4.45   0.038505920326
4.46   0.038080288216
4.47   0.037659247474
4.48   0.037242750356
4.49   0.036830749585
4.5   0.036423198349
4.51   0.036020050299
4.52   0.035621259539
4.53   0.035226780627
4.54   0.034836568571
4.55   0.034450578821
4.56   0.034068767269
4.57   0.033691090241
4.58   0.033317504499
4.59   0.032947967232
4.6   0.032582436052
4.61   0.032220868994
4.62   0.031863224511
4.63   0.031509461465
4.64   0.031159539133
4.65   0.030813417193
4.66   0.030471055728
4.67   0.030132415219
4.68   0.02979745654
4.69   0.029466140958
4.7   0.029138430126
4.71   0.028814286082
4.72   0.028493671245
4.73   0.028176548409
4.74   0.027862880743
4.75   0.027552631784
4.76   0.027245765439
4.77   0.026942245973
4.78   0.026642038016
4.79   0.026345106551
4.8   0.026051416916
4.81   0.025760934796
4.82   0.025473626225
4.83   0.025189457579
4.84   0.024908395576
4.85   0.024630407267
4.86   0.024355460041
4.87   0.024083521614
4.88   0.023814560032
4.89   0.023548543662
4.9   0.023285441197
4.91   0.023025221644
4.92   0.022767854326
4.93   0.022513308881
4.94   0.022261555253
4.95   0.022012563694
4.96   0.021766304758
4.97   0.0215227493
4.98   0.021281868475
4.99   0.021043633729
5   0.020808016803
5.01   0.020574989725
5.02   0.02034452481
5.03   0.020116594658
5.04   0.019891172149
5.05   0.019668230441
5.06   0.019447742968
5.07   0.019229683436
5.08   0.019014025823
5.09   0.018800744373
5.1   0.018589813596
5.11   0.018381208265
5.12   0.018174903411
5.13   0.017970874325
5.14   0.017769096552
5.15   0.017569545889
5.16   0.017372198383
5.17   0.01717703033
5.18   0.01698401827
5.19   0.016793138986
5.2   0.016604369501
5.21   0.016417687078
5.22   0.016233069214
5.23   0.01605049364
5.24   0.015869938319
5.25   0.015691381441
5.26   0.015514801425
5.27   0.015340176913
5.28   0.01516748677
5.29   0.014996710081
5.3   0.014827826148
5.31   0.014660814491
5.32   0.014495654841
5.33   0.014332327141
5.34   0.014170811547
5.35   0.014011088417
5.36   0.013853138319
5.37   0.013696942021
5.38   0.013542480494
5.39   0.013389734908
5.4   0.013238686631
5.41   0.013089317225
5.42   0.012941608446
5.43   0.012795542242
5.44   0.012651100751
5.45   0.012508266296
5.46   0.01236702139
5.47   0.012227348727
5.48   0.012089231183
5.49   0.011952651816
5.5   0.011817593863
5.51   0.011684040735
5.52   0.011551976021
5.53   0.01142138348
5.54   0.011292247046
5.55   0.011164550821
5.56   0.011038279074
5.57   0.010913416242
5.58   0.010789946926
5.59   0.010667855891
5.6   0.010547128063
5.61   0.010427748526
5.62   0.010309702524
5.63   0.010192975458
5.64   0.010077552882
5.65   0.0099634205046
5.66   0.009850564187
5.67   0.0097389699394
5.68   0.0096286239212
5.69   0.0095195124393
5.7   0.0094116219462
5.71   0.0093049390388
5.72   0.0091994504567
5.73   0.0090951430811
5.74   0.0089920039329
5.75   0.0088900201716
5.76   0.008789179094
5.77   0.0086894681324
5.78   0.0085908748535
5.79   0.0084933869568
5.8   0.0083969922736
5.81   0.0083016787653
5.82   0.0082074345224
5.83   0.0081142477626
5.84   0.0080221068304
5.85   0.0079310001948
5.86   0.0078409164488
5.87   0.0077518443077
5.88   0.007663772608
5.89   0.0075766903062
5.9   0.0074905864772
5.91   0.0074054503138
5.92   0.0073212711246
5.93   0.0072380383337
5.94   0.0071557414786
5.95   0.0070743702099
5.96   0.0069939142895
5.97   0.0069143635896
5.98   0.0068357080919
5.99   0.0067579378859
6   0.0066810431682
6.01   0.0066050142414
6.02   0.0065298415125
6.03   0.0064555154926
6.04   0.0063820267951
6.05   0.0063093661351
6.06   0.006237524328
6.07   0.0061664922889
6.08   0.0060962610309
6.09   0.0060268216648
6.1   0.0059581653977
6.11   0.0058902835319
6.12   0.0058231674642
6.13   0.0057568086846
6.14   0.0056911987756
6.15   0.0056263294112
6.16   0.0055621923557
6.17   0.0054987794629
6.18   0.0054360826753
6.19   0.005374094023
6.2   0.0053128056228
6.21   0.0052522096774
6.22   0.0051922984742
6.23   0.0051330643849
6.24   0.0050744998641
6.25   0.0050165974489
6.26   0.0049593497575
6.27   0.0049027494889
6.28   0.0048467894217
6.29   0.0047914624131
6.3   0.0047367613988
6.31   0.0046826793914
6.32   0.0046292094797
6.33   0.0045763448285
6.34   0.004524078677
6.35   0.0044724043385
6.36   0.0044213151996
6.37   0.0043708047191
6.38   0.0043208664277
6.39   0.0042714939267
6.4   0.0042226808878
6.41   0.004174421052
6.42   0.0041267082288
6.43   0.0040795362958
6.44   0.0040328991977
6.45   0.0039867909459
6.46   0.0039412056173
6.47   0.003896137354
6.48   0.0038515803624
6.49   0.0038075289128
6.5   0.0037639773383
6.51   0.0037209200344
6.52   0.0036783514584
6.53   0.0036362661284
6.54   0.0035946586231
6.55   0.0035535235807
6.56   0.0035128556987
6.57   0.0034726497328
6.58   0.0034329004967
6.59   0.0033936028613
6.6   0.003354751754
6.61   0.0033163421583
6.62   0.0032783691129
6.63   0.0032408277114
6.64   0.0032037131016
6.65   0.003167020485
6.66   0.0031307451159
6.67   0.0030948823013
6.68   0.0030594273999
6.69   0.003024375822
6.7   0.0029897230284
6.71   0.0029554645303
6.72   0.0029215958887
6.73   0.0028881127136
6.74   0.0028550106636
6.75   0.0028222854455
6.76   0.0027899328138
6.77   0.0027579485699
6.78   0.0027263285617
6.79   0.0026950686834
6.8   0.0026641648747
6.81   0.0026336131202
6.82   0.0026034094492
6.83   0.0025735499352
6.84   0.0025440306951
6.85   0.0025148478892
6.86   0.0024859977201
6.87   0.0024574764331
6.88   0.002429280315
6.89   0.0024014056938
6.9   0.0023738489385
6.91   0.0023466064585
6.92   0.0023196747032
6.93   0.0022930501615
6.94   0.0022667293614
6.95   0.0022407088696
6.96   0.0022149852909
6.97   0.0021895552683
6.98   0.0021644154818
6.99   0.0021395626489
7   0.0021149935232
7.01   0.0020907048949
7.02   0.0020666935899
7.03   0.0020429564694
7.04   0.00201949043
7.05   0.0019962924025
7.06   0.0019733593524
7.07   0.0019506882788
7.08   0.0019282762145
7.09   0.0019061202254
7.1   0.0018842174103
7.11   0.0018625649003
7.12   0.0018411598588
7.13   0.0018199994806
7.14   0.0017990809922
7.15   0.0017784016511
7.16   0.0017579587455
7.17   0.0017377495937
7.18   0.0017177715444
7.19   0.0016980219759
7.2   0.0016784982958
7.21   0.0016591979407
7.22   0.0016401183762
7.23   0.001621257096
7.24   0.0016026116221
7.25   0.0015841795044
7.26   0.0015659583199
7.27   0.0015479456733
7.28   0.0015301391957
7.29   0.0015125365452
7.3   0.0014951354059
7.31   0.0014779334882
7.32   0.0014609285278
7.33   0.0014441182863
7.34   0.0014275005502
7.35   0.0014110731309
7.36   0.0013948338645
7.37   0.0013787806113
7.38   0.0013629112558
7.39   0.0013472237062
7.4   0.0013317158943
7.41   0.0013163857751
7.42   0.0013012313268
7.43   0.0012862505501
7.44   0.0012714414683
7.45   0.0012568021272
7.46   0.0012423305943
7.47   0.0012280249589
7.48   0.001213883332
7.49   0.0011999038459
7.5   0.0011860846537
7.51   0.0011724239296
7.52   0.0011589198683
7.53   0.0011455706847
7.54   0.0011323746141
7.55   0.0011193299115
7.56   0.0011064348517
7.57   0.001093687729
7.58   0.0010810868568
7.59   0.0010686305677
7.6   0.0010563172131
7.61   0.0010441451629
7.62   0.0010321128056
7.63   0.0010202185478
7.64   0.0010084608141
7.65   0.00099683804693
7.66   0.00098534870629
7.67   0.00097399126963
7.68   0.0009627642316
7.69   0.0009516661039
7.7   0.00094069541502
7.71   0.00092985071014
7.72   0.00091913055087
7.73   0.00090853351511
7.74   0.00089805819685
7.75   0.000887703206
7.76   0.0008774671682
7.77   0.00086734872465
7.78   0.00085734653197
7.79   0.00084745926197
7.8   0.00083768560149
7.81   0.00082802425229
7.82   0.0008184739308
7.83   0.00080903336803
7.84   0.00079970130936
7.85   0.00079047651438
7.86   0.00078135775677
7.87   0.00077234382409
7.88   0.00076343351769
7.89   0.00075462565248
7.9   0.00074591905682
7.91   0.00073731257239
7.92   0.00072880505398
7.93   0.00072039536941
7.94   0.00071208239931
7.95   0.00070386503706
7.96   0.00069574218859
7.97   0.00068771277225
7.98   0.00067977571868
7.99   0.00067192997067
8   0.000664174483
8.01   0.00065650822235
8.02   0.00064893016714
8.03   0.00064143930739
8.04   0.00063403464458
8.05   0.00062671519159
8.06   0.00061947997249
8.07   0.00061232802246
8.08   0.00060525838764
8.09   0.00059827012503
8.1   0.00059136230236
8.11   0.00058453399794
8.12   0.0005777843006
8.13   0.00057111230951
8.14   0.00056451713412
8.15   0.00055799789399
8.16   0.00055155371873
8.17   0.00054518374784
8.18   0.00053888713062
8.19   0.00053266302606
8.2   0.00052651060274
8.21   0.00052042903868
8.22   0.00051441752129
8.23   0.00050847524724
8.24   0.00050260142232
8.25   0.00049679526141
8.26   0.00049105598831
8.27   0.0004853828357
8.28   0.00047977504498
8.29   0.00047423186619
8.3   0.00046875255795
8.31   0.00046333638732
8.32   0.00045798262971
8.33   0.00045269056881
8.34   0.00044745949647
8.35   0.00044228871262
8.36   0.00043717752518
8.37   0.00043212524999
8.38   0.00042713121065
8.39   0.00042219473851
8.4   0.00041731517255
8.41   0.0004124918593
8.42   0.00040772415274
8.43   0.00040301141422
8.44   0.00039835301239
8.45   0.00039374832313
8.46   0.00038919672941
8.47   0.00038469762129
8.48   0.00038025039576
8.49   0.00037585445673
8.5   0.00037150921489
8.51   0.00036721408769
8.52   0.00036296849923
8.53   0.00035877188018
8.54   0.00035462366773
8.55   0.00035052330551
8.56   0.00034647024349
8.57   0.00034246393795
8.58   0.00033850385137
8.59   0.00033458945239
8.6   0.00033072021572
8.61   0.00032689562208
8.62   0.00032311515813
8.63   0.00031937831641
8.64   0.00031568459523
8.65   0.0003120334987
8.66   0.00030842453655
8.67   0.00030485722416
8.68   0.00030133108243
8.69   0.00029784563777
8.7   0.00029440042197
8.71   0.00029099497222
8.72   0.000287628831
8.73   0.000284301546
8.74   0.00028101267013
8.75   0.00027776176138
8.76   0.00027454838285
8.77   0.0002713721026
8.78   0.00026823249367
8.79   0.00026512913397
8.8   0.00026206160625
8.81   0.00025902949804
8.82   0.00025603240161
8.83   0.00025306991388
8.84   0.00025014163641
8.85   0.00024724717531
8.86   0.00024438614122
8.87   0.00024155814923
8.88   0.00023876281885
8.89   0.00023599977395
8.9   0.00023326864272
8.91   0.0002305690576
8.92   0.00022790065526
8.93   0.00022526307652
8.94   0.00022265596633
8.95   0.00022007897371
8.96   0.0002175317517
8.97   0.00021501395734
8.98   0.00021252525158
8.99   0.00021006529928
9   0.00020763376914
9.01   0.00020523033364
9.02   0.00020285466906
9.03   0.00020050645536
9.04   0.00019818537619
9.05   0.00019589111883
9.06   0.00019362337413
9.07   0.00019138183652
9.08   0.00018916620393
9.09   0.00018697617773
9.1   0.00018481146277
9.11   0.00018267176724
9.12   0.00018055680271
9.13   0.00017846628405
9.14   0.00017639992942
9.15   0.00017435746019
9.16   0.00017233860096
9.17   0.00017034307947
9.18   0.0001683706266
9.19   0.00016642097633
9.2   0.00016449386568
9.21   0.0001625890347
9.22   0.00016070622643
9.23   0.00015884518686
9.24   0.00015700566489
9.25   0.00015518741232
9.26   0.00015339018381
9.27   0.0001516137368
9.28   0.00014985783156
9.29   0.0001481222311
9.3   0.00014640670117
9.31   0.00014471101018
9.32   0.00014303492924
9.33   0.00014137823207
9.34   0.000139740695
9.35   0.00013812209692
9.36   0.00013652221928
9.37   0.00013494084604
9.38   0.00013337776364
9.39   0.00013183276097
9.4   0.00013030562936
9.41   0.00012879616254
9.42   0.00012730415661
9.43   0.00012582941002
9.44   0.00012437172354
9.45   0.00012293090022
9.46   0.00012150674539
9.47   0.00012009906661
9.48   0.00011870767367
9.49   0.00011733237853
9.5   0.00011597299532
9.51   0.00011462934033
9.52   0.00011330123193
9.53   0.0001119884906
9.54   0.00011069093891
9.55   0.00010940840142
9.56   0.00010814070476
9.57   0.00010688767753
9.58   0.0001056491503
9.59   0.0001044249556
9.6   0.0001032149279
9.61   0.00010201890356
9.62   0.00010083672082
9.63   9.9668219802e-05
9.64   9.851324246e-05
9.65   9.7371632569e-05
9.66   9.6243235704e-05
9.67   9.5127899217e-05
9.68   9.4025472223e-05
9.69   9.2935805571e-05
9.7   9.185875183e-05
9.71   9.0794165269e-05
9.72   8.9741901835e-05
9.73   8.8701819131e-05
9.74   8.7673776408e-05
9.75   8.6657634538e-05
9.76   8.5653255995e-05
9.77   8.4660504838e-05
9.78   8.3679246694e-05
9.79   8.2709348737e-05
9.8   8.1750679673e-05
9.81   8.0803109722e-05
9.82   7.98665106e-05
9.83   7.89407555e-05
9.84   7.8025719079e-05
9.85   7.7121277435e-05
9.86   7.6227308102e-05
9.87   7.5343690025e-05
9.88   7.4470303541e-05
9.89   7.3607030369e-05
9.9   7.2753753591e-05
9.91   7.191035764e-05
9.92   7.1076728279e-05
9.93   7.0252752588e-05
9.94   6.9438318953e-05
9.95   6.8633317045e-05
9.96   6.7837637805e-05
9.97   6.7051173435e-05
9.98   6.6273817383e-05
9.99   6.5505464325e-05
10   6.4746010151e-05
10.01   6.3995351952e-05
10.02   6.3253388007e-05
10.03   6.2520017769e-05
10.04   6.1795141851e-05
10.05   6.1078662011e-05
10.06   6.0370481144e-05
10.07   5.9670503262e-05
10.08   5.8978633487e-05
10.09   5.8294778032e-05
10.1   5.76188442e-05
10.11   5.6950740361e-05
10.12   5.6290375941e-05
10.13   5.5637661412e-05
10.14   5.4992508281e-05
10.15   5.4354829074e-05
10.16   5.3724537329e-05
10.17   5.310154758e-05
10.18   5.248577535e-05
10.19   5.1877137135e-05
10.2   5.1275550396e-05
10.21   5.0680933544e-05
10.22   5.0093205941e-05
10.23   4.9512287873e-05
10.24   4.8938100549e-05
10.25   4.8370566086e-05
10.26   4.7809607503e-05
10.27   4.7255148705e-05
10.28   4.6707114478e-05
10.29   4.6165430477e-05
10.3   4.5630023213e-05
10.31   4.5100820047e-05
10.32   4.4577749181e-05
10.33   4.406073964e-05
10.34   4.3549721278e-05
10.35   4.3044624755e-05
10.36   4.2545381532e-05
10.37   4.2051923861e-05
10.38   4.156418478e-05
10.39   4.1082098097e-05
10.4   4.0605598385e-05
10.41   4.0134620975e-05
10.42   3.9669101944e-05
10.43   3.9208978107e-05
10.44   3.875418701e-05
10.45   3.8304666919e-05
10.46   3.7860356814e-05
10.47   3.7421196384e-05
10.48   3.6987126012e-05
10.49   3.655808677e-05
10.5   3.6134020412e-05
10.51   3.5714869362e-05
10.52   3.5300576714e-05
10.53   3.4891086216e-05
10.54   3.4486342269e-05
10.55   3.4086289914e-05
10.56   3.369087483e-05
10.57   3.330004332e-05
