0   -4.9418663606e-12
0.01   0.01359356619
0.02   0.027189437637
0.03   0.040789896217
0.04   0.054397177156
0.05   0.068013445888
0.06   0.081640775135
0.07   0.095281122295
0.08   0.10893630719
0.09   0.1226079903
0.1   0.13629765148
0.11   0.1500065693
0.12   0.16373580111
0.13   0.17748616385
0.14   0.19125821562
0.15   0.20505223833
0.16   0.21886822123
0.17   0.23270584558
0.18   0.24656447044
0.19   0.26044311974
0.2   0.27434047062
0.21   0.28825484316
0.22   0.30218419158
0.23   0.3161260969
0.24   0.33007776123
0.25   0.34403600364
0.26   0.35799725766
0.27   0.37195757064
0.28   0.38591260465
0.29   0.39985763929
0.3   0.41378757625
0.31   0.42769694563
0.32   0.44157991406
0.33   0.4554302946
0.34   0.46924155843
0.35   0.48300684813
0.36   0.49671899282
0.37   0.51037052471
0.38   0.52395369739
0.39   0.53746050544
0.4   0.55088270556
0.41   0.56421183887
0.42   0.57743925449
0.43   0.59055613415
0.44   0.60355351775
0.45   0.6164223298
0.46   0.62915340648
0.47   0.64173752329
0.48   0.65416542312
0.49   0.66642784458
0.5   0.67851555045
0.51   0.69041935613
0.52   0.70213015787
0.53   0.71363896073
0.54   0.7249369061
0.55   0.7360152986
0.56   0.7468656323
0.57   0.75747961603
0.58   0.76784919786
0.59   0.77796658836
0.6   0.78782428286
0.61   0.79741508234
0.62   0.80673211306
0.63   0.81576884476
0.64   0.82451910744
0.65   0.83297710659
0.66   0.84113743697
0.67   0.84899509479
0.68   0.85654548829
0.69   0.86378444684
0.7   0.8707082284
0.71   0.87731352551
0.72   0.88359746973
0.73   0.8895576346
0.74   0.89519203719
0.75   0.90049913828
0.76   0.90547784121
0.77   0.9101274894
0.78   0.91444786281
0.79   0.91843917313
0.8   0.92210205799
0.81   0.92543757416
0.82   0.92844718982
0.83   0.931132776
0.84   0.93349659724
0.85   0.93554130147
0.86   0.93726990935
0.87   0.93868580291
0.88   0.93979271373
0.89   0.9405947106
0.9   0.94109618672
0.91   0.94130184655
0.92   0.94121669226
0.93   0.94084600988
0.94   0.94019535513
0.95   0.939270539
0.96   0.93807761303
0.97   0.9366228544
0.98   0.93491275073
0.99   0.93295398476
1   0.93075341869
1.01   0.92831807846
1.02   0.92565513769
1.03   0.92277190158
1.04   0.91967579048
1.05   0.91637432342
1.06   0.91287510135
1.07   0.90918579036
1.08   0.90531410463
1.09   0.90126778938
1.1   0.89705460362
1.11   0.89268230295
1.12   0.88815862219
1.13   0.88349125814
1.14   0.87868785226
1.15   0.87375597353
1.16   0.86870310139
1.17   0.86353660889
1.18   0.85826374606
1.19   0.85289162359
1.2   0.84742719693
1.21   0.84187725072
1.22   0.83624838382
1.23   0.83054699482
1.24   0.82477926831
1.25   0.81895116169
1.26   0.81306839293
1.27   0.80713642907
1.28   0.80116047559
1.29   0.79514546688
1.3   0.78909605758
1.31   0.78301661495
1.32   0.77691121281
1.33   0.7707836259
1.34   0.76463732581
1.35   0.75847547761
1.36   0.75230094564
1.37   0.74611634144
1.38   0.73992408987
1.39   0.73372653123
1.4   0.72752593432
1.41   0.72132449675
1.42   0.71512432238
1.43   0.70892741923
1.44   0.702735722
1.45   0.69655108955
1.46   0.69037530449
1.47   0.68421007704
1.48   0.67805704714
1.49   0.67191778658
1.5   0.66579380113
1.51   0.65968653261
1.52   0.65359736094
1.53   0.64752760605
1.54   0.64147852983
1.55   0.63545133796
1.56   0.6294471817
1.57   0.62346715968
1.58   0.61751231953
1.59   0.61158365959
1.6   0.60568213049
1.61   0.59980863671
1.62   0.59396403807
1.63   0.58814915122
1.64   0.58236475106
1.65   0.5766115721
1.66   0.57089030984
1.67   0.56520162203
1.68   0.55954612996
1.69   0.55392441965
1.7   0.5483370431
1.71   0.54278451937
1.72   0.53726733576
1.73   0.53178594883
1.74   0.52634078553
1.75   0.52093224415
1.76   0.51556069535
1.77   0.51022648308
1.78   0.50492992557
1.79   0.49967131618
1.8   0.49445092429
1.81   0.48926899616
1.82   0.48412575571
1.83   0.47902140538
1.84   0.47395612686
1.85   0.46893008184
1.86   0.46394341273
1.87   0.45899624342
1.88   0.45408867986
1.89   0.44922081083
1.9   0.44439270849
1.91   0.43960442905
1.92   0.43485601338
1.93   0.43014748754
1.94   0.42547886341
1.95   0.42085013917
1.96   0.41626129989
1.97   0.41171231801
1.98   0.40720315386
1.99   0.40273375611
2   0.39830406226
2.01   0.3939139991
2.02   0.38956348312
2.03   0.38525242098
2.04   0.38098070988
2.05   0.37674823796
2.06   0.37255488471
2.07   0.36840052135
2.08   0.36428501116
2.09   0.36020820984
2.1   0.35616996586
2.11   0.35217012081
2.12   0.34820850967
2.13   0.34428496115
2.14   0.34039929798
2.15   0.3365513372
2.16   0.33274089044
2.17   0.3289677642
2.18   0.3252317601
2.19   0.32153267513
2.2   0.31787030191
2.21   0.31424442893
2.22   0.31065484075
2.23   0.30710131825
2.24   0.30358363885
2.25   0.30010157668
2.26   0.29665490284
2.27   0.29324338553
2.28   0.28986679029
2.29   0.28652488014
2.3   0.2832174158
2.31   0.27994415581
2.32   0.27670485674
2.33   0.2734992733
2.34   0.27032715856
2.35   0.26718826402
2.36   0.2640823398
2.37   0.26100913478
2.38   0.2579683967
2.39   0.25495987232
2.4   0.25198330751
2.41   0.24903844743
2.42   0.24612503656
2.43   0.24324281887
2.44   0.24039153791
2.45   0.23757093692
2.46   0.23478075891
2.47   0.23202074677
2.48   0.22929064336
2.49   0.22659019157
2.5   0.22391913447
2.51   0.22127721532
2.52   0.21866417769
2.53   0.21607976551
2.54   0.21352372317
2.55   0.21099579557
2.56   0.20849572818
2.57   0.20602326712
2.58   0.20357815921
2.59   0.20116015204
2.6   0.19876899399
2.61   0.19640443434
2.62   0.19406622327
2.63   0.19175411195
2.64   0.18946785254
2.65   0.18720719827
2.66   0.18497190348
2.67   0.18276172365
2.68   0.18057641541
2.69   0.17841573664
2.7   0.17627944646
2.71   0.17416730526
2.72   0.17207907476
2.73   0.17001451802
2.74   0.16797339945
2.75   0.16595548487
2.76   0.16396054154
2.77   0.16198833813
2.78   0.16003864479
2.79   0.15811123315
2.8   0.15620587637
2.81   0.15432234909
2.82   0.15246042751
2.83   0.1506198894
2.84   0.14880051407
2.85   0.14700208243
2.86   0.14522437697
2.87   0.14346718179
2.88   0.14173028262
2.89   0.14001346678
2.9   0.13831652324
2.91   0.13663924262
2.92   0.13498141717
2.93   0.13334284079
2.94   0.13172330903
2.95   0.13012261912
2.96   0.12854056992
2.97   0.126976962
2.98   0.12543159754
2.99   0.12390428044
3   0.12239481624
3.01   0.12090301215
3.02   0.11942867706
3.03   0.1179716215
3.04   0.1165316577
3.05   0.11510859952
3.06   0.11370226251
3.07   0.11231246384
3.08   0.11093902236
3.09   0.10958175857
3.1   0.10824049459
3.11   0.1069150542
3.12   0.1056052628
3.13   0.10431094744
3.14   0.10303193676
3.15   0.10176806104
3.16   0.10051915217
3.17   0.099285043614
3.18   0.098065570463
3.19   0.096860569379
3.2   0.095669878607
3.21   0.094493337964
3.22   0.093330788828
3.23   0.092182074134
3.24   0.091047038364
3.25   0.089925527534
3.26   0.088817389191
3.27   0.087722472401
3.28   0.086640627738
3.29   0.085571707279
3.3   0.08451556459
3.31   0.083472054717
3.32   0.082441034178
3.33   0.081422360953
3.34   0.080415894471
3.35   0.079421495602
3.36   0.078439026646
3.37   0.077468351325
3.38   0.076509334768
3.39   0.075561843504
3.4   0.074625745449
3.41   0.073700909899
3.42   0.072787207514
3.43   0.071884510313
3.44   0.070992691659
3.45   0.070111626249
3.46   0.069241190105
3.47   0.068381260562
3.48   0.067531716254
3.49   0.066692437111
3.5   0.06586330434
3.51   0.065044200417
3.52   0.064235009079
3.53   0.063435615307
3.54   0.062645905323
3.55   0.061865766572
3.56   0.061095087713
3.57   0.060333758612
3.58   0.059581670326
3.59   0.058838715096
3.6   0.058104786333
3.61   0.057379778612
3.62   0.056663587656
3.63   0.055956110328
3.64   0.05525724462
3.65   0.054566889643
3.66   0.053884945617
3.67   0.053211313857
3.68   0.052545896768
3.69   0.051888597828
3.7   0.051239321586
3.71   0.050597973644
3.72   0.04996446065
3.73   0.049338690288
3.74   0.048720571269
3.75   0.048110013317
3.76   0.047506927164
3.77   0.046911224536
3.78   0.046322818145
3.79   0.045741621679
3.8   0.045167549793
3.81   0.044600518098
3.82   0.04404044315
3.83   0.043487242446
3.84   0.042940834407
3.85   0.042401138376
3.86   0.041868074602
3.87   0.041341564236
3.88   0.040821529318
3.89   0.04030789277
3.9   0.039800578388
3.91   0.039299510829
3.92   0.038804615605
3.93   0.038315819075
3.94   0.037833048434
3.95   0.037356231704
3.96   0.036885297729
3.97   0.03642017616
3.98   0.035960797455
3.99   0.035507092862
4   0.035058994417
4.01   0.034616434932
4.02   0.03417934799
4.03   0.033747667932
4.04   0.033321329855
4.05   0.032900269598
4.06   0.032484423739
4.07   0.032073729584
4.08   0.031668125161
4.09   0.031267549211
4.1   0.030871941181
4.11   0.030481241216
4.12   0.030095390154
4.13   0.029714329513
4.14   0.02933800149
4.15   0.028966348948
4.16   0.028599315414
4.17   0.028236845067
4.18   0.027878882736
4.19   0.027525373887
4.2   0.027176264622
4.21   0.026831501668
4.22   0.02649103237
4.23   0.026154804689
4.24   0.02582276719
4.25   0.025494869038
4.26   0.025171059989
4.27   0.024851290388
4.28   0.024535511159
4.29   0.024223673799
4.3   0.023915730371
4.31   0.023611633501
4.32   0.02331133637
4.33   0.023014792706
4.34   0.022721956779
4.35   0.022432783398
4.36   0.0221472279
4.37   0.021865246148
4.38   0.021586794525
4.39   0.021311829924
4.4   0.021040309749
4.41   0.020772191902
4.42   0.020507434784
4.43   0.020245997286
4.44   0.019987838782
4.45   0.019732919129
4.46   0.019481198656
4.47   0.019232638161
4.48   0.018987198907
4.49   0.018744842615
4.5   0.01850553146
4.51   0.018269228063
4.52   0.01803589549
4.53   0.017805497245
4.54   0.017577997267
4.55   0.017353359919
4.56   0.017131549992
4.57   0.016912532693
4.58   0.016696273645
4.59   0.016482738878
4.6   0.01627189483
4.61   0.016063708335
4.62   0.015858146627
4.63   0.015655177327
4.64   0.015454768445
4.65   0.015256888373
4.66   0.01506150588
4.67   0.01486859011
4.68   0.014678110574
4.69   0.014490037151
4.7   0.014304340079
4.71   0.014120989952
4.72   0.01393995772
4.73   0.013761214678
4.74   0.013584732467
4.75   0.013410483071
4.76   0.013238438806
4.77   0.013068572326
4.78   0.012900856611
4.79   0.012735264967
4.8   0.012571771022
4.81   0.012410348721
4.82   0.012250972324
4.83   0.012093616401
4.84   0.01193825583
4.85   0.011784865792
4.86   0.011633421767
4.87   0.011483899532
4.88   0.011336275157
4.89   0.011190525003
4.9   0.011046625715
4.91   0.010904554223
4.92   0.010764287734
4.93   0.010625803735
4.94   0.010489079983
4.95   0.010354094507
4.96   0.010220825601
4.97   0.010089251826
4.98   0.0099593519992
4.99   0.0098311051994
5   0.0097044907579
5.01   0.0095794882583
5.02   0.0094560775328
5.03   0.0093342386593
5.04   0.0092139519587
5.05   0.009095197992
5.06   0.0089779575574
5.07   0.0088622116876
5.08   0.008747941647
5.09   0.0086351289289
5.1   0.008523755253
5.11   0.0084138025627
5.12   0.0083052530221
5.13   0.008198089014
5.14   0.0080922931369
5.15   0.0079878482026
5.16   0.0078847372335
5.17   0.0077829434604
5.18   0.00768245032
5.19   0.0075832414521
5.2   0.0074853006976
5.21   0.0073886120961
5.22   0.0072931598831
5.23   0.0071989284883
5.24   0.0071059025328
5.25   0.0070140668271
5.26   0.0069234063688
5.27   0.0068339063402
5.28   0.0067455521063
5.29   0.0066583292126
5.3   0.006572223383
5.31   0.0064872205174
5.32   0.00640330669
5.33   0.0063204681467
5.34   0.0062386913037
5.35   0.0061579627448
5.36   0.0060782692201
5.37   0.0059995976433
5.38   0.0059219350901
5.39   0.0058452687965
5.4   0.0057695861562
5.41   0.0056948747195
5.42   0.0056211221908
5.43   0.0055483164271
5.44   0.0054764454359
5.45   0.0054054973737
5.46   0.0053354605441
5.47   0.0052663233957
5.48   0.0051980745209
5.49   0.0051307026537
5.5   0.0050641966685
5.51   0.0049985455778
5.52   0.0049337385309
5.53   0.0048697648122
5.54   0.0048066138397
5.55   0.0047442751629
5.56   0.0046827384619
5.57   0.0046219935452
5.58   0.0045620303486
5.59   0.0045028389333
5.6   0.0044444094846
5.61   0.0043867323104
5.62   0.0043297978395
5.63   0.0042735966206
5.64   0.0042181193201
5.65   0.0041633567214
5.66   0.004109299723
5.67   0.0040559393374
5.68   0.0040032666896
5.69   0.0039512730156
5.7   0.0038999496611
5.71   0.0038492880805
5.72   0.0037992798349
5.73   0.0037499165917
5.74   0.0037011901223
5.75   0.0036530923017
5.76   0.0036056151066
5.77   0.0035587506145
5.78   0.0035124910024
5.79   0.0034668285457
5.8   0.0034217556166
5.81   0.0033772646834
5.82   0.0033333483088
5.83   0.0032899991494
5.84   0.003247209954
5.85   0.0032049735626
5.86   0.0031632829055
5.87   0.0031221310018
5.88   0.0030815109587
5.89   0.0030414159702
5.9   0.0030018393162
5.91   0.002962774361
5.92   0.002924214553
5.93   0.0028861534228
5.94   0.0028485845831
5.95   0.0028115017269
5.96   0.0027748986269
5.97   0.0027387691344
5.98   0.0027031071786
5.99   0.0026679067651
6   0.0026331619755
6.01   0.0025988669662
6.02   0.0025650159674
6.03   0.0025316032824
6.04   0.0024986232864
6.05   0.002466070426
6.06   0.0024339392181
6.07   0.002402224249
6.08   0.0023709201734
6.09   0.002340021714
6.1   0.0023095236602
6.11   0.0022794208676
6.12   0.0022497082569
6.13   0.0022203808134
6.14   0.0021914335858
6.15   0.0021628616858
6.16   0.0021346602871
6.17   0.0021068246246
6.18   0.002079349994
6.19   0.0020522317503
6.2   0.0020254653079
6.21   0.0019990461394
6.22   0.0019729697749
6.23   0.0019472318013
6.24   0.0019218278617
6.25   0.0018967536546
6.26   0.0018720049333
6.27   0.0018475775051
6.28   0.0018234672305
6.29   0.0017996700231
6.3   0.0017761818482
6.31   0.0017529987227
6.32   0.0017301167142
6.33   0.0017075319403
6.34   0.0016852405683
6.35   0.0016632388142
6.36   0.0016415229424
6.37   0.0016200892649
6.38   0.0015989341406
6.39   0.0015780539752
6.4   0.00155744522
6.41   0.0015371043716
6.42   0.0015170279717
6.43   0.0014972126057
6.44   0.0014776549029
6.45   0.0014583515356
6.46   0.0014392992187
6.47   0.001420494709
6.48   0.0014019348048
6.49   0.0013836163455
6.5   0.0013655362106
6.51   0.0013476913197
6.52   0.001330078632
6.53   0.0013126951454
6.54   0.0012955378962
6.55   0.0012786039588
6.56   0.001261890445
6.57   0.0012453945036
6.58   0.0012291133199
6.59   0.0012130441153
6.6   0.0011971841468
6.61   0.0011815307066
6.62   0.0011660811216
6.63   0.0011508327529
6.64   0.0011357829956
6.65   0.001120929278
6.66   0.0011062690617
6.67   0.0010917998405
6.68   0.0010775191408
6.69   0.0010634245203
6.7   0.0010495135685
6.71   0.0010357839055
6.72   0.0010222331821
6.73   0.0010088590794
6.74   0.00099565930811
6.75   0.00098263160846
6.76   0.0009697737497
6.77   0.00095708352976
6.78   0.00094455877487
6.79   0.00093219733924
6.8   0.00091999710465
6.81   0.00090795598017
6.82   0.00089607190173
6.83   0.00088434283184
6.84   0.00087276675923
6.85   0.00086134169853
6.86   0.00085006568991
6.87   0.00083893679879
6.88   0.0008279531155
6.89   0.00081711275496
6.9   0.0008064138564
6.91   0.000795854583
6.92   0.00078543312161
6.93   0.00077514768247
6.94   0.00076499649887
6.95   0.00075497782687
6.96   0.00074508994504
6.97   0.00073533115413
6.98   0.00072569977683
6.99   0.00071619415744
7   0.00070681266165
7.01   0.0006975536762
7.02   0.00068841560869
7.03   0.00067939688723
7.04   0.00067049596026
7.05   0.00066171129624
7.06   0.0006530413834
7.07   0.00064448472949
7.08   0.00063603986155
7.09   0.00062770532564
7.1   0.00061947968659
7.11   0.0006113615278
7.12   0.00060334945095
7.13   0.0005954420758
7.14   0.00058763803997
7.15   0.00057993599868
7.16   0.00057233462454
7.17   0.00056483260731
7.18   0.00055742865372
7.19   0.00055012148722
7.2   0.00054290984775
7.21   0.00053579249157
7.22   0.00052876819106
7.23   0.00052183573444
7.24   0.00051499392566
7.25   0.00050824158411
7.26   0.00050157754448
7.27   0.00049500065657
7.28   0.00048850978503
7.29   0.00048210380925
7.3   0.0004757816231
7.31   0.00046954213483
7.32   0.00046338426678
7.33   0.00045730695529
7.34   0.00045130915047
7.35   0.00044538981602
7.36   0.0004395479291
7.37   0.0004337824801
7.38   0.00042809247251
7.39   0.00042247692276
7.4   0.00041693486
7.41   0.000411465326
7.42   0.00040606737494
7.43   0.00040074007327
7.44   0.00039548249955
7.45   0.0003902937443
7.46   0.00038517290983
7.47   0.00038011911011
7.48   0.00037513147061
7.49   0.00037020912814
7.5   0.00036535123072
7.51   0.00036055693743
7.52   0.00035582541827
7.53   0.00035115585401
7.54   0.00034654743607
7.55   0.00034199936636
7.56   0.00033751085715
7.57   0.00033308113095
7.58   0.00032870942039
7.59   0.00032439496805
7.6   0.00032013702634
7.61   0.0003159348574
7.62   0.00031178773296
7.63   0.00030769493422
7.64   0.0003036557517
7.65   0.00029966948515
7.66   0.00029573544345
7.67   0.00029185294443
7.68   0.00028802131483
7.69   0.0002842398901
7.7   0.00028050801437
7.71   0.00027682504027
7.72   0.00027319032888
7.73   0.00026960324957
7.74   0.00026606317992
7.75   0.00026256950561
7.76   0.00025912162031
7.77   0.00025571892559
7.78   0.00025236083081
7.79   0.000249046753
7.8   0.00024577611679
7.81   0.00024254835429
7.82   0.00023936290502
7.83   0.00023621921578
7.84   0.00023311674058
7.85   0.00023005494054
7.86   0.00022703328381
7.87   0.00022405124545
7.88   0.00022110830736
7.89   0.00021820395819
7.9   0.00021533769326
7.91   0.00021250901445
7.92   0.00020971743014
7.93   0.0002069624551
7.94   0.00020424361046
7.95   0.00020156042355
7.96   0.00019891242788
7.97   0.00019629916305
7.98   0.00019372017463
7.99   0.00019117501415
8   0.00018866323896
8.01   0.00018618441219
8.02   0.00018373810266
8.03   0.00018132388482
8.04   0.00017894133868
8.05   0.00017659004971
8.06   0.00017426960879
8.07   0.00017197961214
8.08   0.00016971966125
8.09   0.0001674893628
8.1   0.0001652883286
8.11   0.00016311617553
8.12   0.00016097252547
8.13   0.00015885700524
8.14   0.00015676924651
8.15   0.00015470888578
8.16   0.00015267556428
8.17   0.00015066892792
8.18   0.00014868862725
8.19   0.00014673431737
8.2   0.00014480565787
8.21   0.00014290231279
8.22   0.00014102395058
8.23   0.00013917024399
8.24   0.00013734087006
8.25   0.00013553551005
8.26   0.00013375384936
8.27   0.00013199557753
8.28   0.00013026038812
8.29   0.00012854797873
8.3   0.00012685805087
8.31   0.00012519030999
8.32   0.00012354446536
8.33   0.00012192023005
8.34   0.0001203173209
8.35   0.00011873545842
8.36   0.00011717436681
8.37   0.00011563377384
8.38   0.00011411341084
8.39   0.00011261301268
8.4   0.00011113231767
8.41   0.00010967106754
8.42   0.0001082290074
8.43   0.00010680588571
8.44   0.00010540145419
8.45   0.00010401546783
8.46   0.00010264768481
8.47   0.00010129786647
8.48   9.9965777282e-05
8.49   9.8651184786e-05
8.5   9.7353859569e-05
8.51   9.6073575213e-05
8.52   9.4810108262e-05
8.53   9.3563238191e-05
8.54   9.2332747352e-05
8.55   9.1118420947e-05
8.56   8.9920046987e-05
8.57   8.8737416254e-05
8.58   8.7570322269e-05
8.59   8.6418561254e-05
8.6   8.5281932098e-05
8.61   8.4160236319e-05
8.62   8.3053278028e-05
8.63   8.1960863912e-05
8.64   8.0882803181e-05
8.65   7.9818907541e-05
8.66   7.8768991164e-05
8.67   7.7732870653e-05
8.68   7.6710365012e-05
8.69   7.5701295612e-05
8.7   7.4705486166e-05
8.71   7.3722762692e-05
8.72   7.2752953481e-05
8.73   7.179588908e-05
8.74   7.0851402255e-05
8.75   6.9919327957e-05
8.76   6.8999503301e-05
8.77   6.8091767532e-05
8.78   6.7195962002e-05
8.79   6.631193014e-05
8.8   6.5439517425e-05
8.81   6.457857136e-05
8.82   6.3728941442e-05
8.83   6.2890479142e-05
8.84   6.2063037879e-05
8.85   6.1246472991e-05
8.86   6.0440641709e-05
8.87   5.9645403136e-05
8.88   5.8860618219e-05
8.89   5.8086149728e-05
8.9   5.7321862229e-05
8.91   5.6567622064e-05
8.92   5.5823297327e-05
8.93   5.5088757833e-05
8.94   5.4363875113e-05
8.95   5.3648522379e-05
8.96   5.2942574502e-05
8.97   5.2245907994e-05
8.98   5.1558400986e-05
8.99   5.0879933204e-05
9   5.0210385953e-05
9.01   4.9549642091e-05
9.02   4.8897586012e-05
9.03   4.8254103628e-05
9.04   4.7619082337e-05
9.05   4.6992411027e-05
9.06   4.6373980036e-05
9.07   4.5763681139e-05
9.08   4.5161407532e-05
9.09   4.4567053809e-05
9.1   4.3980515947e-05
9.11   4.3401691286e-05
9.12   4.2830478514e-05
9.13   4.2266777645e-05
9.14   4.1710490004e-05
9.15   4.1161518209e-05
9.16   4.0619766161e-05
9.17   4.0085139018e-05
9.18   3.955754318e-05
9.19   3.9036886278e-05
9.2   3.852307715e-05
9.21   3.8016025834e-05
9.22   3.7515643545e-05
9.23   3.7021842664e-05
9.24   3.653453672e-05
9.25   3.6053640376e-05
9.26   3.5579069414e-05
9.27   3.5110740726e-05
9.28   3.4648572289e-05
9.29   3.4192483159e-05
9.3   3.3742393453e-05
9.31   3.3298224336e-05
9.32   3.2859898006e-05
9.33   3.2427337683e-05
9.34   3.2000467595e-05
9.35   3.1579212964e-05
