0   3.189123271e-11
0.01   0.00045623423854
0.02   0.001823802785
0.03   0.0040993069666
0.04   0.0072770952531
0.05   0.011349282614
0.06   0.016305777507
0.07   0.022134316393
0.08   0.028820505637
0.09   0.036347870641
0.1   0.044697911994
0.11   0.053850168431
0.12   0.063782286345
0.13   0.074470095574
0.14   0.085887691158
0.15   0.098007520739
0.16   0.11080047726
0.17   0.12423599656
0.18   0.13828215956
0.19   0.15290579846
0.2   0.16807260673
0.21   0.18374725227
0.22   0.19989349338
0.23   0.21647429705
0.24   0.23345195907
0.25   0.25078822549
0.26   0.26844441496
0.27   0.28638154138
0.28   0.30456043652
0.29   0.3229418719
0.3   0.34148667962
0.31   0.36015587162
0.32   0.37891075678
0.33   0.39771305564
0.34   0.41652501199
0.35   0.43530950117
0.36   0.45403013448
0.37   0.47265135943
0.38   0.49113855538
0.39   0.50945812429
0.4   0.52757757616
0.41   0.54546560902
0.42   0.56309218306
0.43   0.58042858877
0.44   0.59744750884
0.45   0.61412307369
0.46   0.63043091042
0.47   0.64634818521
0.48   0.66185363899
0.49   0.67692761641
0.5   0.69155208807
0.51   0.70571066612
0.52   0.7193886132
0.53   0.7325728449
0.54   0.74525192588
0.55   0.75741605973
0.56   0.76905707282
0.57   0.78016839242
0.58   0.79074501914
0.59   0.80078349421
0.6   0.81028186165
0.61   0.81923962583
0.62   0.82765770458
0.63   0.83553837828
0.64   0.84288523529
0.65   0.84970311402
0.66   0.85599804195
0.67   0.86177717219
0.68   0.86704871768
0.69   0.87182188355
0.7   0.876106798
0.71   0.87991444202
0.72   0.88325657831
0.73   0.88614567977
0.74   0.88859485789
0.75   0.89061779134
0.76   0.89222865511
0.77   0.8934420504
0.78   0.89427293574
0.79   0.89473655933
0.8   0.89484839307
0.81   0.89462406839
0.82   0.89407931414
0.83   0.89322989665
0.84   0.89209156226
0.85   0.89067998233
0.86   0.88901070092
0.87   0.88709908533
0.88   0.88496027939
0.89   0.88260915983
0.9   0.88006029559
0.91   0.87732791017
0.92   0.87442584713
0.93   0.87136753861
0.94   0.86816597698
0.95   0.86483368958
0.96   0.86138271648
0.97   0.85782459126
0.98   0.85417032481
0.99   0.85043039197
1   0.84661472105
1.01   0.84273268619
1.02   0.83879310227
1.03   0.83480422262
1.04   0.83077373913
1.05   0.82670878481
1.06   0.82261593875
1.07   0.81850123321
1.08   0.81437016294
1.09   0.81022769646
1.1   0.80607828921
1.11   0.80192589861
1.12   0.79777400067
1.13   0.79362560823
1.14   0.78948329064
1.15   0.78534919467
1.16   0.78122506676
1.17   0.77711227617
1.18   0.77301183922
1.19   0.7689244442
1.2   0.76485047708
1.21   0.76079004767
1.22   0.75674301627
1.23   0.75270902054
1.24   0.74868750256
1.25   0.7446777359
1.26   0.74067885252
1.27   0.73668986945
1.28   0.73270971512
1.29   0.72873725507
1.3   0.7247713171
1.31   0.72081071559
1.32   0.71685427494
1.33   0.71290085198
1.34   0.70894935722
1.35   0.70499877486
1.36   0.70104818145
1.37   0.69709676309
1.38   0.69314383101
1.39   0.68918883564
1.4   0.68523137878
1.41   0.68127122439
1.42   0.67730830606
1.43   0.67334273569
1.44   0.66937480642
1.45   0.66540499734
1.46   0.66143396432
1.47   0.65746249499
1.48   0.65349145055
1.49   0.64952164639
1.5   0.64555384288
1.51   0.64158878952
1.52   0.63762720857
1.53   0.63366979559
1.54   0.62971722121
1.55   0.62577013199
1.56   0.62182915097
1.57   0.61789487844
1.58   0.61396789259
1.59   0.61004875022
1.6   0.60613798733
1.61   0.60223611977
1.62   0.59834364387
1.63   0.59446103697
1.64   0.59058875806
1.65   0.58672724825
1.66   0.5828769314
1.67   0.57903821456
1.68   0.57521148853
1.69   0.57139712832
1.7   0.56759549363
1.71   0.56380692932
1.72   0.56003176584
1.73   0.55627031969
1.74   0.55252289381
1.75   0.54878977802
1.76   0.54507124937
1.77   0.54136757258
1.78   0.53767900036
1.79   0.53400577381
1.8   0.53034812274
1.81   0.52670626604
1.82   0.52308041198
1.83   0.51947075855
1.84   0.51587749375
1.85   0.51230079592
1.86   0.50874083401
1.87   0.50519776787
1.88   0.50167174851
1.89   0.49816291841
1.9   0.49467141173
1.91   0.49119735459
1.92   0.48774086529
1.93   0.4843020546
1.94   0.48088102591
1.95   0.47747787553
1.96   0.47409269288
1.97   0.47072556066
1.98   0.46737655513
1.99   0.46404574626
2   0.46073319792
2.01   0.4574389681
2.02   0.45416310907
2.03   0.45090566758
2.04   0.44766668498
2.05   0.44444619747
2.06   0.44124423618
2.07   0.43806082741
2.08   0.43489599269
2.09   0.43174974903
2.1   0.428622109
2.11   0.42551308089
2.12   0.42242266886
2.13   0.41935087305
2.14   0.41629768974
2.15   0.41326311146
2.16   0.41024712712
2.17   0.40724972212
2.18   0.4042708785
2.19   0.401310575
2.2   0.39836878724
2.21   0.39544548775
2.22   0.39254064616
2.23   0.38965422923
2.24   0.38678620099
2.25   0.38393652283
2.26   0.38110515361
2.27   0.3782920497
2.28   0.37549716514
2.29   0.37272045169
2.3   0.36996185889
2.31   0.3672213342
2.32   0.36449882306
2.33   0.36179426895
2.34   0.35910761347
2.35   0.35643879645
2.36   0.35378775597
2.37   0.35115442847
2.38   0.34853874883
2.39   0.34594065037
2.4   0.343360065
2.41   0.34079692321
2.42   0.3382511542
2.43   0.33572268587
2.44   0.33321144495
2.45   0.33071735698
2.46   0.32824034645
2.47   0.32578033678
2.48   0.32333725042
2.49   0.32091100887
2.5   0.31850153274
2.51   0.31610874184
2.52   0.31373255513
2.53   0.31137289088
2.54   0.30902966662
2.55   0.30670279923
2.56   0.30439220498
2.57   0.30209779957
2.58   0.29981949815
2.59   0.29755721537
2.6   0.29531086542
2.61   0.29308036206
2.62   0.29086561868
2.63   0.28866654829
2.64   0.28648306358
2.65   0.28431507696
2.66   0.28216250055
2.67   0.28002524626
2.68   0.27790322579
2.69   0.27579635068
2.7   0.27370453228
2.71   0.27162768187
2.72   0.2695657106
2.73   0.26751852954
2.74   0.26548604974
2.75   0.26346818221
2.76   0.26146483796
2.77   0.25947592799
2.78   0.25750136339
2.79   0.25554105526
2.8   0.25359491481
2.81   0.25166285332
2.82   0.2497447822
2.83   0.24784061299
2.84   0.24595025737
2.85   0.24407362719
2.86   0.24221063447
2.87   0.24036119142
2.88   0.23852521048
2.89   0.23670260429
2.9   0.23489328573
2.91   0.23309716793
2.92   0.23131416426
2.93   0.22954418838
2.94   0.22778715423
2.95   0.22604297604
2.96   0.22431156833
2.97   0.22259284593
2.98   0.22088672401
2.99   0.21919311806
3   0.2175119439
3.01   0.21584311769
3.02   0.21418655596
3.03   0.2125421756
3.04   0.21090989385
3.05   0.20928962833
3.06   0.20768129704
3.07   0.20608481837
3.08   0.2045001111
3.09   0.20292709438
3.1   0.20136568781
3.11   0.19981581134
3.12   0.19827738537
3.13   0.19675033068
3.14   0.19523456851
3.15   0.19373002046
3.16   0.19223660861
3.17   0.19075425544
3.18   0.18928288384
3.19   0.18782241717
3.2   0.18637277919
3.21   0.18493389412
3.22   0.1835056866
3.23   0.1820880817
3.24   0.18068100497
3.25   0.17928438235
3.26   0.17789814025
3.27   0.17652220552
3.28   0.17515650546
3.29   0.1738009678
3.3   0.17245552071
3.31   0.17112009282
3.32   0.16979461321
3.33   0.16847901137
3.34   0.16717321728
3.35   0.16587716132
3.36   0.16459077435
3.37   0.16331398764
3.38   0.16204673294
3.39   0.16078894241
3.4   0.15954054866
3.41   0.15830148475
3.42   0.15707168415
3.43   0.1558510808
3.44   0.15463960906
3.45   0.15343720373
3.46   0.15224380003
3.47   0.15105933363
3.48   0.14988374062
3.49   0.14871695751
3.5   0.14755892127
3.51   0.14640956925
3.52   0.14526883925
3.53   0.1441366695
3.54   0.14301299862
3.55   0.14189776568
3.56   0.14079091013
3.57   0.13969237187
3.58   0.13860209118
3.59   0.13752000878
3.6   0.13644606576
3.61   0.13538020365
3.62   0.13432236437
3.63   0.13327249023
3.64   0.13223052395
3.65   0.13119640865
3.66   0.13017008782
3.67   0.12915150537
3.68   0.12814060558
3.69   0.12713733313
3.7   0.12614163308
3.71   0.12515345085
3.72   0.12417273228
3.73   0.12319942355
3.74   0.12223347123
3.75   0.12127482227
3.76   0.12032342398
3.77   0.11937922404
3.78   0.11844217049
3.79   0.11751221173
3.8   0.11658929653
3.81   0.11567337402
3.82   0.11476439367
3.83   0.11386230531
3.84   0.11296705912
3.85   0.11207860564
3.86   0.11119689574
3.87   0.11032188062
3.88   0.10945351186
3.89   0.10859174134
3.9   0.1077365213
3.91   0.10688780431
3.92   0.10604554325
3.93   0.10520969135
3.94   0.10438020216
3.95   0.10355702956
3.96   0.10274012774
3.97   0.10192945122
3.98   0.10112495483
3.99   0.10032659372
4   0.099534323348
4.01   0.098748099482
4.02   0.097967878202
4.03   0.09719361589
4.04   0.096425269236
4.05   0.095662795227
4.06   0.094906151151
4.07   0.094155294593
4.08   0.093410183433
4.09   0.092670775843
4.1   0.091937030287
4.11   0.091208905516
4.12   0.090486360569
4.13   0.089769354768
4.14   0.089057847717
4.15   0.088351799302
4.16   0.087651169687
4.17   0.086955919311
4.18   0.086266008888
4.19   0.085581399405
4.2   0.084902052119
4.21   0.084227928553
4.22   0.083558990502
4.23   0.082895200019
4.24   0.082236519426
4.25   0.081582911302
4.26   0.080934338485
4.27   0.080290764073
4.28   0.079652151417
4.29   0.079018464121
4.3   0.078389666044
4.31   0.077765721291
4.32   0.077146594219
4.33   0.076532249429
4.34   0.075922651767
4.35   0.075317766324
4.36   0.07471755843
4.37   0.074121993657
4.38   0.073531037812
4.39   0.072944656942
4.4   0.072362817326
4.41   0.071785485477
4.42   0.071212628141
4.43   0.070644212292
4.44   0.070080205133
4.45   0.069520574094
4.46   0.06896528683
4.47   0.06841431122
4.48   0.067867615365
4.49   0.067325167588
4.5   0.066786936429
4.51   0.066252890646
4.52   0.065722999216
4.53   0.065197231328
4.54   0.064675556386
4.55   0.064157944004
4.56   0.063644364008
4.57   0.063134786433
4.58   0.062629181522
4.59   0.062127519724
4.6   0.061629771692
4.61   0.061135908284
4.62   0.06064590056
4.63   0.060159719781
4.64   0.059677337406
4.65   0.059198725094
4.66   0.058723854701
4.67   0.058252698277
4.68   0.057785228069
4.69   0.057321416516
4.7   0.056861236247
4.71   0.056404660084
4.72   0.055951661037
4.73   0.055502212305
4.74   0.055056287274
4.75   0.054613859515
4.76   0.054174902783
4.77   0.053739391018
4.78   0.053307298341
4.79   0.052878599053
4.8   0.052453267636
4.81   0.052031278752
4.82   0.051612607237
4.83   0.051197228106
4.84   0.050785116547
4.85   0.050376247925
4.86   0.049970597774
4.87   0.049568141804
4.88   0.049168855893
4.89   0.048772716089
4.9   0.048379698609
4.91   0.047989779836
4.92   0.047602936322
4.93   0.047219144782
4.94   0.046838382097
4.95   0.046460625308
4.96   0.046085851622
4.97   0.045714038405
4.98   0.045345163184
4.99   0.044979203643
5   0.044616137627
5.01   0.044255943136
5.02   0.043898598325
5.03   0.043544081508
5.04   0.043192371148
5.05   0.042843445866
5.06   0.04249728443
5.07   0.042153865764
5.08   0.041813168937
5.09   0.041475173173
5.1   0.041139857838
5.11   0.04080720245
5.12   0.040477186671
5.13   0.04014979031
5.14   0.039824993318
5.15   0.03950277579
5.16   0.039183117967
5.17   0.038866000227
5.18   0.038551403092
5.19   0.038239307222
5.2   0.037929693416
5.21   0.037622542613
5.22   0.037317835887
5.23   0.037015554449
5.24   0.036715679646
5.25   0.036418192959
5.26   0.036123076002
5.27   0.035830310523
5.28   0.035539878401
5.29   0.035251761647
5.3   0.034965942402
5.31   0.034682402935
5.32   0.034401125646
5.33   0.03412209306
5.34   0.033845287832
5.35   0.033570692739
5.36   0.033298290688
5.37   0.033028064707
5.38   0.032759997948
5.39   0.032494073688
5.4   0.032230275323
5.41   0.031968586372
5.42   0.031708990475
5.43   0.031451471389
5.44   0.031196012994
5.45   0.030942599284
5.46   0.030691214372
5.47   0.030441842488
5.48   0.030194467977
5.49   0.029949075299
5.5   0.029705649029
5.51   0.029464173855
5.52   0.029224634577
5.53   0.028987016108
5.54   0.028751303471
5.55   0.028517481802
5.56   0.028285536345
5.57   0.028055452452
5.58   0.027827215585
5.59   0.027600811313
5.6   0.027376225313
5.61   0.027153443366
5.62   0.02693245136
5.63   0.026713235288
5.64   0.026495781245
5.65   0.026280075432
5.66   0.026066104151
5.67   0.025853853806
5.68   0.025643310904
5.69   0.025434462049
5.7   0.025227293949
5.71   0.025021793409
5.72   0.024817947333
5.73   0.024615742722
5.74   0.024415166676
5.75   0.02421620639
5.76   0.024018849157
5.77   0.023823082363
5.78   0.023628893489
5.79   0.023436270111
5.8   0.023245199898
5.81   0.023055670612
5.82   0.022867670105
5.83   0.022681186323
5.84   0.022496207302
5.85   0.022312721168
5.86   0.022130716135
5.87   0.02195018051
5.88   0.021771102684
5.89   0.021593471138
5.9   0.021417274441
5.91   0.021242501245
5.92   0.021069140291
5.93   0.020897180404
5.94   0.020726610495
5.95   0.020557419557
5.96   0.02038959667
5.97   0.020223130992
5.98   0.020058011768
5.99   0.019894228323
6   0.019731770062
6.01   0.019570626472
6.02   0.019410787121
6.03   0.019252241655
6.04   0.0190949798
6.05   0.018938991359
6.06   0.018784266214
6.07   0.018630794325
6.08   0.018478565727
6.09   0.018327570533
6.1   0.01817779893
6.11   0.018029241182
6.12   0.017881887626
6.13   0.017735728674
6.14   0.017590754811
6.15   0.017446956595
6.16   0.017304324659
6.17   0.017162849704
6.18   0.017022522505
6.19   0.016883333907
6.2   0.016745274827
6.21   0.016608336251
6.22   0.016472509233
6.23   0.016337784898
6.24   0.016204154439
6.25   0.016071609117
6.26   0.015940140261
6.27   0.015809739265
6.28   0.015680397591
6.29   0.015552106768
6.3   0.015424858389
6.31   0.015298644113
6.32   0.015173455663
6.33   0.015049284826
6.34   0.014926123454
6.35   0.014803963461
6.36   0.014682796823
6.37   0.014562615582
6.38   0.014443411837
6.39   0.014325177751
6.4   0.01420790555
6.41   0.014091587515
6.42   0.013976215993
6.43   0.013861783386
6.44   0.013748282158
6.45   0.013635704831
6.46   0.013524043986
6.47   0.013413292259
6.48   0.013303442348
6.49   0.013194487004
6.5   0.013086419037
6.51   0.012979231313
6.52   0.012872916752
6.53   0.012767468333
6.54   0.012662879085
6.55   0.012559142097
6.56   0.012456250507
6.57   0.012354197511
6.58   0.012252976357
6.59   0.012152580344
6.6   0.012053002826
6.61   0.011954237208
6.62   0.011856276948
6.63   0.011759115554
6.64   0.011662746586
6.65   0.011567163654
6.66   0.011472360419
6.67   0.011378330591
6.68   0.01128506793
6.69   0.011192566246
6.7   0.011100819396
6.71   0.011009821287
6.72   0.010919565873
6.73   0.010830047157
6.74   0.010741259187
6.75   0.01065319606
6.76   0.01056585192
6.77   0.010479220956
6.78   0.010393297402
6.79   0.010308075541
6.8   0.010223549697
6.81   0.010139714243
6.82   0.010056563593
6.83   0.0099740922073
6.84   0.0098922945899
6.85   0.009811165288
6.86   0.0097306988918
6.87   0.0096508900349
6.88   0.009571733393
6.89   0.0094932236845
6.9   0.0094153556693
6.91   0.0093381241493
6.92   0.0092615239674
6.93   0.0091855500075
6.94   0.0091101971944
6.95   0.009035460493
6.96   0.0089613349084
6.97   0.0088878154853
6.98   0.0088148973079
6.99   0.0087425754996
7   0.0086708452226
7.01   0.0085997016776
7.02   0.0085291401035
7.03   0.0084591557772
7.04   0.0083897440134
7.05   0.0083209001639
7.06   0.0082526196177
7.07   0.0081848978008
7.08   0.0081177301752
7.09   0.0080511122398
7.1   0.0079850395288
7.11   0.0079195076126
7.12   0.0078545120967
7.13   0.0077900486218
7.14   0.0077261128635
7.15   0.0076627005319
7.16   0.0075998073715
7.17   0.0075374291609
7.18   0.0074755617123
7.19   0.0074142008716
7.2   0.007353342518
7.21   0.0072929825635
7.22   0.0072331169531
7.23   0.0071737416641
7.24   0.0071148527063
7.25   0.0070564461212
7.26   0.0069985179822
7.27   0.0069410643942
7.28   0.0068840814935
7.29   0.0068275654471
7.3   0.006771512453
7.31   0.0067159187398
7.32   0.0066607805661
7.33   0.0066060942209
7.34   0.0065518560227
7.35   0.0064980623199
7.36   0.0064447094901
7.37   0.0063917939401
7.38   0.0063393121054
7.39   0.0062872604505
7.4   0.0062356354682
7.41   0.0061844336794
7.42   0.0061336516333
7.43   0.0060832859066
7.44   0.0060333331038
7.45   0.0059837898566
7.46   0.005934652824
7.47   0.0058859186917
7.48   0.0058375841724
7.49   0.0057896460051
7.5   0.0057421009552
7.51   0.0056949458141
7.52   0.0056481773993
7.53   0.0056017925536
7.54   0.0055557881457
7.55   0.0055101610693
7.56   0.0054649082434
7.57   0.0054200266116
7.58   0.0053755131426
7.59   0.0053313648291
7.6   0.0052875786885
7.61   0.0052441517621
7.62   0.0052010811152
7.63   0.0051583638368
7.64   0.0051159970395
7.65   0.0050739778592
7.66   0.0050323034549
7.67   0.0049909710088
7.68   0.0049499777256
7.69   0.004909320833
7.7   0.0048689975808
7.71   0.0048290052413
7.72   0.0047893411087
7.73   0.0047500024994
7.74   0.0047109867512
7.75   0.0046722912237
7.76   0.0046339132978
7.77   0.0045958503757
7.78   0.0045580998807
7.79   0.0045206592568
7.8   0.0044835259688
7.81   0.0044466975023
7.82   0.004410171363
7.83   0.0043739450769
7.84   0.0043380161902
7.85   0.004302382269
7.86   0.0042670408988
7.87   0.0042319896853
7.88   0.0041972262532
7.89   0.0041627482467
7.9   0.0041285533289
7.91   0.0040946391822
7.92   0.0040610035075
7.93   0.0040276440248
7.94   0.0039945584721
7.95   0.0039617446063
7.96   0.0039292002021
7.97   0.0038969230526
7.98   0.0038649109687
7.99   0.0038331617792
8   0.0038016733305
8.01   0.0037704434864
8.02   0.0037394701282
8.03   0.0037087511545
8.04   0.003678284481
8.05   0.0036480680401
8.06   0.0036180997814
8.07   0.003588377671
8.08   0.0035588996915
8.09   0.003529663842
8.1   0.003500668138
8.11   0.003471910611
8.12   0.0034433893085
8.13   0.0034151022942
8.14   0.0033870476472
8.15   0.0033592234626
8.16   0.0033316278507
8.17   0.0033042589375
8.18   0.003277114864
8.19   0.0032501937866
8.2   0.0032234938766
8.21   0.0031970133202
8.22   0.0031707503185
8.23   0.003144703087
8.24   0.0031188698562
8.25   0.0030932488707
8.26   0.0030678383894
8.27   0.0030426366857
8.28   0.0030176420467
8.29   0.0029928527739
8.3   0.0029682671823
8.31   0.0029438836009
8.32   0.0029197003722
8.33   0.0028957158522
8.34   0.0028719284106
8.35   0.00284833643
8.36   0.0028249383065
8.37   0.0028017324493
8.38   0.0027787172805
8.39   0.002755891235
8.4   0.0027332527606
8.41   0.002710800318
8.42   0.00268853238
8.43   0.0026664474322
8.44   0.0026445439726
8.45   0.0026228205113
8.46   0.0026012755708
8.47   0.0025799076854
8.48   0.0025587154015
8.49   0.0025376972776
8.5   0.0025168518837
8.51   0.0024961778016
8.52   0.0024756736247
8.53   0.0024553379579
8.54   0.0024351694175
8.55   0.0024151666311
8.56   0.0023953282377
8.57   0.0023756528872
8.58   0.0023561392406
8.59   0.00233678597
8.6   0.0023175917582
8.61   0.0022985552989
8.62   0.0022796752964
8.63   0.0022609504656
8.64   0.0022423795321
8.65   0.0022239612316
8.66   0.0022056943106
8.67   0.0021875775254
8.68   0.0021696096428
8.69   0.0021517894396
8.7   0.0021341157026
8.71   0.0021165872285
8.72   0.0020992028239
8.73   0.0020819613053
8.74   0.0020648614987
8.75   0.0020479022399
8.76   0.0020310823739
8.77   0.0020144007556
8.78   0.001997856249
8.79   0.0019814477275
8.8   0.0019651740737
8.81   0.0019490341794
8.82   0.0019330269455
8.83   0.0019171512818
8.84   0.0019014061072
8.85   0.0018857903492
8.86   0.0018703029444
8.87   0.001854942838
8.88   0.0018397089837
8.89   0.0018246003441
8.9   0.0018096158899
8.91   0.0017947546005
8.92   0.0017800154638
8.93   0.0017653974756
8.94   0.0017508996402
8.95   0.0017365209702
8.96   0.0017222604859
8.97   0.001708117216
8.98   0.001694090197
8.99   0.0016801784733
9   0.0016663810972
9.01   0.0016526971287
9.02   0.0016391256357
9.03   0.0016256656935
9.04   0.0016123163851
9.05   0.001599076801
9.06   0.0015859460392
9.07   0.0015729232052
9.08   0.0015600074116
9.09   0.0015471977784
9.1   0.001534493433
9.11   0.0015218935096
9.12   0.0015093971498
9.13   0.0014970035022
9.14   0.0014847117222
9.15   0.0014725209725
9.16   0.0014604304222
9.17   0.0014484392476
9.18   0.0014365466317
9.19   0.001424751764
9.2   0.0014130538409
9.21   0.0014014520653
9.22   0.0013899456465
9.23   0.0013785338007
9.24   0.00136721575
9.25   0.0013559907233
9.26   0.0013448579558
9.27   0.0013338166886
9.28   0.0013228661696
9.29   0.0013120056524
9.3   0.0013012343971
9.31   0.0012905516695
9.32   0.0012799567417
9.33   0.0012694488918
9.34   0.0012590274036
9.35   0.0012486915671
