0.00000000000000e+00 1.15809452830000e-07 
1.00000000000000e-02 1.49021780120000e-02 
2.00000000000000e-02 5.92596911550000e-02 
3.00000000000000e-02 1.32033246546667e-01 
4.00000000000000e-02 2.31516415117500e-01 
5.00000000000000e-02 3.55373616520000e-01 
6.00000000000000e-02 5.00692104666667e-01 
7.00000000000000e-02 6.64046792728571e-01 
8.00000000000000e-02 8.41576469900000e-01 
9.00000000000000e-02 1.02906970863333e+00 
1.00000000000000e-01 1.22205854460000e+00 
1.10000000000000e-01 1.41591783972727e+00 
1.20000000000000e-01 1.60596811233333e+00 
1.30000000000000e-01 1.78757954300000e+00 
1.40000000000000e-01 1.95627483878571e+00 
1.50000000000000e-01 2.10782866826667e+00 
1.60000000000000e-01 2.23836145525000e+00 
1.70000000000000e-01 2.34442544988235e+00 
1.80000000000000e-01 2.42308116905556e+00 
1.90000000000000e-01 2.47196251494737e+00 
2.00000000000000e-01 2.48932913655000e+00 
2.10000000000000e-01 2.47410488504762e+00 
2.20000000000000e-01 2.42590152563636e+00 
2.30000000000000e-01 2.34502720008696e+00 
2.40000000000000e-01 2.23247947433333e+00 
2.50000000000000e-01 2.08992315132000e+00 
2.60000000000000e-01 1.91965336800000e+00 
2.70000000000000e-01 1.72454482459259e+00 
2.80000000000000e-01 1.50798830128571e+00 
2.90000000000000e-01 1.27381590034483e+00 
3.00000000000000e-01 1.02621669976667e+00 
3.10000000000000e-01 7.69644716225806e-01 
3.20000000000000e-01 5.08721241968750e-01 
3.30000000000000e-01 2.48133742066667e-01 
3.40000000000000e-01 -7.46643034264706e-03 
3.50000000000000e-01 -2.53565221774286e-01 
3.60000000000000e-01 -4.85883720944444e-01 
3.70000000000000e-01 -7.00470488108108e-01 
3.80000000000000e-01 -8.93786332578947e-01 
3.90000000000000e-01 -1.06277967458974e+00 
4.00000000000000e-01 -1.20495084290000e+00 
4.10000000000000e-01 -1.31840391312195e+00 
4.20000000000000e-01 -1.40188497357143e+00 
4.30000000000000e-01 -1.45480601334884e+00 
4.40000000000000e-01 -1.47725395127273e+00 
4.50000000000000e-01 -1.46998465891111e+00 
4.60000000000000e-01 -1.43440216636957e+00 
4.70000000000000e-01 -1.37252357161702e+00 
4.80000000000000e-01 -1.28693049087500e+00 
4.90000000000000e-01 -1.18070818687755e+00 
5.00000000000000e-01 -1.05737378238000e+00 
5.10000000000000e-01 -9.20795205431372e-01 
5.20000000000000e-01 -7.75102713346154e-01 
5.30000000000000e-01 -6.24595001150943e-01 
5.40000000000000e-01 -4.73642012055556e-01 
5.50000000000000e-01 -3.26586632436364e-01 
5.60000000000000e-01 -1.87647468642857e-01 
5.70000000000000e-01 -6.08248678263158e-02 
5.80000000000000e-01 5.01877376879310e-02 
5.90000000000000e-01 1.42085213084746e-01 
6.00000000000000e-01 2.12023054450000e-01 
6.10000000000000e-01 2.57679108622951e-01 
6.20000000000000e-01 2.77303361935484e-01 
6.30000000000000e-01 2.69754755301587e-01 
6.40000000000000e-01 2.34524279781250e-01 
6.50000000000000e-01 1.71743919446154e-01 
6.60000000000000e-01 8.21813285560606e-02 
6.70000000000000e-01 -3.27795497328358e-02 
6.80000000000000e-01 -1.71171400161765e-01 
6.90000000000000e-01 -3.30489164753623e-01 
7.00000000000000e-01 -5.07747282457143e-01 
7.10000000000000e-01 -6.99547181859155e-01 
7.20000000000000e-01 -9.02153449458333e-01 
7.30000000000000e-01 -1.11157691238356e+00 
7.40000000000000e-01 -1.32366273079730e+00 
7.50000000000000e-01 -1.53418149853333e+00 
7.60000000000000e-01 -1.73892129631579e+00 
7.70000000000000e-01 -1.93377863688312e+00 
7.80000000000000e-01 -2.11484628512821e+00 
7.90000000000000e-01 -2.27849601974684e+00 
8.00000000000000e-01 -2.42145453700000e+00 
8.10000000000000e-01 -2.54087086432099e+00 
8.20000000000000e-01 -2.63437386170732e+00 
8.30000000000000e-01 -2.70011861951807e+00 
8.40000000000000e-01 -2.73682083178571e+00 
8.50000000000000e-01 -2.74377849552941e+00 
8.60000000000000e-01 -2.72088058953488e+00 
8.70000000000000e-01 -2.66860267609195e+00 
8.80000000000000e-01 -2.58798967261364e+00 
8.90000000000000e-01 -2.48062632528090e+00 
9.00000000000000e-01 -2.34859619344444e+00 
9.10000000000000e-01 -2.19443020450549e+00 
9.20000000000000e-01 -2.02104606521739e+00 
9.30000000000000e-01 -1.83168001215054e+00 
9.40000000000000e-01 -1.62981253882979e+00 
9.50000000000000e-01 -1.41908985926316e+00 
9.60000000000000e-01 -1.20324294302083e+00 
9.70000000000000e-01 -9.86005992536083e-01 
9.80000000000000e-01 -7.71036222428572e-01 
9.90000000000000e-01 -5.61836750252525e-01 
1.00000000000000e+00 -3.61684312890000e-01 
1.01000000000000e+00 -1.73563392227723e-01 
1.02000000000000e+00 -1.08165102852941e-04 
1.03000000000000e+00 1.56446505533981e-01 
1.04000000000000e+00 2.94304043875000e-01 
1.05000000000000e+00 4.12134361123809e-01 
1.06000000000000e+00 5.09090776575472e-01 
1.07000000000000e+00 5.84815455214953e-01 
1.08000000000000e+00 6.39433405675926e-01 
1.09000000000000e+00 6.73535354165138e-01 
1.10000000000000e+00 6.88150078554545e-01 
1.11000000000000e+00 6.84706981252252e-01 
1.12000000000000e+00 6.64989958883929e-01 
1.13000000000000e+00 6.31083768787611e-01 
1.14000000000000e+00 5.85314285473684e-01 
1.15000000000000e+00 5.30184113817391e-01 
1.16000000000000e+00 4.68305181482759e-01 
1.17000000000000e+00 4.02329933444444e-01 
1.18000000000000e+00 3.34882774305085e-01 
1.19000000000000e+00 2.68493499369748e-01 
1.20000000000000e+00 2.05533748025000e-01 
1.21000000000000e+00 1.48158835413223e-01 
1.22000000000000e+00 9.82748631885246e-02 
1.23000000000000e+00 5.74327508943089e-02 
1.24000000000000e+00 2.67096486419355e-02 
1.25000000000000e+00 7.84706091824000e-03 
1.26000000000000e+00 1.78795551293651e-04 
1.27000000000000e+00 -6.87779001299213e-04 
1.28000000000000e+00 1.70601803156250e-04 
1.29000000000000e+00 7.73384813976744e-05 
1.30000000000000e+00 -4.13633895700000e-05 
1.31000000000000e+00 3.85649882740458e-07 
1.32000000000000e+00 3.89677224371212e-07 
1.33000000000000e+00 0.00000000000000e+00 
1.34000000000000e+00 0.00000000000000e+00 
1.35000000000000e+00 0.00000000000000e+00 
1.36000000000000e+00 0.00000000000000e+00 
1.37000000000000e+00 0.00000000000000e+00 
1.38000000000000e+00 0.00000000000000e+00 
1.39000000000000e+00 0.00000000000000e+00 
1.40000000000000e+00 0.00000000000000e+00 
1.41000000000000e+00 0.00000000000000e+00 
1.42000000000000e+00 0.00000000000000e+00 
1.43000000000000e+00 0.00000000000000e+00 
1.44000000000000e+00 0.00000000000000e+00 
1.45000000000000e+00 0.00000000000000e+00 
1.46000000000000e+00 0.00000000000000e+00 
1.47000000000000e+00 0.00000000000000e+00 
1.48000000000000e+00 0.00000000000000e+00 
1.49000000000000e+00 0.00000000000000e+00 
1.50000000000000e+00 0.00000000000000e+00 
1.51000000000000e+00 0.00000000000000e+00 
1.52000000000000e+00 0.00000000000000e+00 
1.53000000000000e+00 0.00000000000000e+00 
1.54000000000000e+00 0.00000000000000e+00 
1.55000000000000e+00 0.00000000000000e+00 
1.56000000000000e+00 0.00000000000000e+00 
1.57000000000000e+00 0.00000000000000e+00 
1.58000000000000e+00 0.00000000000000e+00 
1.59000000000000e+00 0.00000000000000e+00 
1.60000000000000e+00 0.00000000000000e+00 
1.61000000000000e+00 0.00000000000000e+00 
1.62000000000000e+00 0.00000000000000e+00 
1.63000000000000e+00 0.00000000000000e+00 
1.64000000000000e+00 0.00000000000000e+00 
1.65000000000000e+00 0.00000000000000e+00 
1.66000000000000e+00 0.00000000000000e+00 
1.67000000000000e+00 0.00000000000000e+00 
1.68000000000000e+00 0.00000000000000e+00 
1.69000000000000e+00 0.00000000000000e+00 
1.70000000000000e+00 0.00000000000000e+00 
1.71000000000000e+00 0.00000000000000e+00 
1.72000000000000e+00 0.00000000000000e+00 
1.73000000000000e+00 0.00000000000000e+00 
1.74000000000000e+00 0.00000000000000e+00 
1.75000000000000e+00 0.00000000000000e+00 
1.76000000000000e+00 0.00000000000000e+00 
1.77000000000000e+00 0.00000000000000e+00 
1.78000000000000e+00 0.00000000000000e+00 
1.79000000000000e+00 0.00000000000000e+00 
1.80000000000000e+00 0.00000000000000e+00 
1.81000000000000e+00 0.00000000000000e+00 
1.82000000000000e+00 0.00000000000000e+00 
1.83000000000000e+00 0.00000000000000e+00 
1.84000000000000e+00 0.00000000000000e+00 
1.85000000000000e+00 0.00000000000000e+00 
1.86000000000000e+00 0.00000000000000e+00 
1.87000000000000e+00 0.00000000000000e+00 
1.88000000000000e+00 0.00000000000000e+00 
1.89000000000000e+00 0.00000000000000e+00 
1.90000000000000e+00 0.00000000000000e+00 
1.91000000000000e+00 0.00000000000000e+00 
1.92000000000000e+00 0.00000000000000e+00 
1.93000000000000e+00 0.00000000000000e+00 
1.94000000000000e+00 0.00000000000000e+00 
1.95000000000000e+00 0.00000000000000e+00 
1.96000000000000e+00 0.00000000000000e+00 
1.97000000000000e+00 0.00000000000000e+00 
1.98000000000000e+00 0.00000000000000e+00 
1.99000000000000e+00 0.00000000000000e+00 
2.00000000000000e+00 0.00000000000000e+00 
2.01000000000000e+00 0.00000000000000e+00 
2.02000000000000e+00 0.00000000000000e+00 
2.03000000000000e+00 0.00000000000000e+00 
2.04000000000000e+00 0.00000000000000e+00 
2.05000000000000e+00 0.00000000000000e+00 
2.06000000000000e+00 0.00000000000000e+00 
2.07000000000000e+00 0.00000000000000e+00 
2.08000000000000e+00 0.00000000000000e+00 
2.09000000000000e+00 0.00000000000000e+00 
2.10000000000000e+00 0.00000000000000e+00 
2.11000000000000e+00 0.00000000000000e+00 
2.12000000000000e+00 0.00000000000000e+00 
2.13000000000000e+00 0.00000000000000e+00 
2.14000000000000e+00 0.00000000000000e+00 
2.15000000000000e+00 0.00000000000000e+00 
2.16000000000000e+00 0.00000000000000e+00 
2.17000000000000e+00 0.00000000000000e+00 
2.18000000000000e+00 0.00000000000000e+00 
2.19000000000000e+00 0.00000000000000e+00 
2.20000000000000e+00 0.00000000000000e+00 
2.21000000000000e+00 0.00000000000000e+00 
2.22000000000000e+00 0.00000000000000e+00 
2.23000000000000e+00 0.00000000000000e+00 
2.24000000000000e+00 0.00000000000000e+00 
2.25000000000000e+00 0.00000000000000e+00 
2.26000000000000e+00 0.00000000000000e+00 
2.27000000000000e+00 0.00000000000000e+00 
2.28000000000000e+00 0.00000000000000e+00 
2.29000000000000e+00 0.00000000000000e+00 
2.30000000000000e+00 0.00000000000000e+00 
2.31000000000000e+00 0.00000000000000e+00 
2.32000000000000e+00 0.00000000000000e+00 
2.33000000000000e+00 0.00000000000000e+00 
2.34000000000000e+00 0.00000000000000e+00 
2.35000000000000e+00 0.00000000000000e+00 
2.36000000000000e+00 0.00000000000000e+00 
2.37000000000000e+00 0.00000000000000e+00 
2.38000000000000e+00 0.00000000000000e+00 
2.39000000000000e+00 0.00000000000000e+00 
2.40000000000000e+00 0.00000000000000e+00 
2.41000000000000e+00 0.00000000000000e+00 
2.42000000000000e+00 0.00000000000000e+00 
2.43000000000000e+00 0.00000000000000e+00 
2.44000000000000e+00 0.00000000000000e+00 
2.45000000000000e+00 0.00000000000000e+00 
2.46000000000000e+00 0.00000000000000e+00 
2.47000000000000e+00 0.00000000000000e+00 
2.48000000000000e+00 0.00000000000000e+00 
2.49000000000000e+00 0.00000000000000e+00 
2.50000000000000e+00 0.00000000000000e+00 
2.51000000000000e+00 0.00000000000000e+00 
2.52000000000000e+00 0.00000000000000e+00 
2.53000000000000e+00 0.00000000000000e+00 
2.54000000000000e+00 0.00000000000000e+00 
2.55000000000000e+00 0.00000000000000e+00 
2.56000000000000e+00 0.00000000000000e+00 
2.57000000000000e+00 0.00000000000000e+00 
2.58000000000000e+00 0.00000000000000e+00 
2.59000000000000e+00 0.00000000000000e+00 
2.60000000000000e+00 0.00000000000000e+00 
2.61000000000000e+00 0.00000000000000e+00 
2.62000000000000e+00 0.00000000000000e+00 
2.63000000000000e+00 0.00000000000000e+00 
2.64000000000000e+00 0.00000000000000e+00 
2.65000000000000e+00 0.00000000000000e+00 
2.66000000000000e+00 0.00000000000000e+00 
2.67000000000000e+00 0.00000000000000e+00 
2.68000000000000e+00 0.00000000000000e+00 
2.69000000000000e+00 0.00000000000000e+00 
2.70000000000000e+00 0.00000000000000e+00 
2.71000000000000e+00 0.00000000000000e+00 
2.72000000000000e+00 0.00000000000000e+00 
2.73000000000000e+00 0.00000000000000e+00 
2.74000000000000e+00 0.00000000000000e+00 
2.75000000000000e+00 0.00000000000000e+00 
2.76000000000000e+00 0.00000000000000e+00 
2.77000000000000e+00 0.00000000000000e+00 
2.78000000000000e+00 0.00000000000000e+00 
2.79000000000000e+00 0.00000000000000e+00 
2.80000000000000e+00 0.00000000000000e+00 
2.81000000000000e+00 0.00000000000000e+00 
2.82000000000000e+00 0.00000000000000e+00 
2.83000000000000e+00 0.00000000000000e+00 
2.84000000000000e+00 0.00000000000000e+00 
2.85000000000000e+00 0.00000000000000e+00 
2.86000000000000e+00 0.00000000000000e+00 
2.87000000000000e+00 0.00000000000000e+00 
2.88000000000000e+00 0.00000000000000e+00 
2.89000000000000e+00 0.00000000000000e+00 
2.90000000000000e+00 0.00000000000000e+00 
2.91000000000000e+00 0.00000000000000e+00 
2.92000000000000e+00 0.00000000000000e+00 
2.93000000000000e+00 0.00000000000000e+00 
2.94000000000000e+00 0.00000000000000e+00 
2.95000000000000e+00 0.00000000000000e+00 
2.96000000000000e+00 0.00000000000000e+00 
2.97000000000000e+00 0.00000000000000e+00 
2.98000000000000e+00 0.00000000000000e+00 
2.99000000000000e+00 0.00000000000000e+00 
3.00000000000000e+00 0.00000000000000e+00 
3.01000000000000e+00 0.00000000000000e+00 
3.02000000000000e+00 0.00000000000000e+00 
3.03000000000000e+00 0.00000000000000e+00 
3.04000000000000e+00 0.00000000000000e+00 
3.05000000000000e+00 0.00000000000000e+00 
3.06000000000000e+00 0.00000000000000e+00 
3.07000000000000e+00 0.00000000000000e+00 
3.08000000000000e+00 0.00000000000000e+00 
3.09000000000000e+00 0.00000000000000e+00 
3.10000000000000e+00 0.00000000000000e+00 
3.11000000000000e+00 0.00000000000000e+00 
3.12000000000000e+00 0.00000000000000e+00 
3.13000000000000e+00 0.00000000000000e+00 
3.14000000000000e+00 0.00000000000000e+00 
3.15000000000000e+00 0.00000000000000e+00 
3.16000000000000e+00 0.00000000000000e+00 
3.17000000000000e+00 0.00000000000000e+00 
3.18000000000000e+00 0.00000000000000e+00 
3.19000000000000e+00 0.00000000000000e+00 
3.20000000000000e+00 0.00000000000000e+00 
3.21000000000000e+00 0.00000000000000e+00 
3.22000000000000e+00 0.00000000000000e+00 
3.23000000000000e+00 0.00000000000000e+00 
3.24000000000000e+00 0.00000000000000e+00 
3.25000000000000e+00 0.00000000000000e+00 
3.26000000000000e+00 0.00000000000000e+00 
3.27000000000000e+00 0.00000000000000e+00 
3.28000000000000e+00 0.00000000000000e+00 
3.29000000000000e+00 0.00000000000000e+00 
3.30000000000000e+00 0.00000000000000e+00 
3.31000000000000e+00 0.00000000000000e+00 
3.32000000000000e+00 0.00000000000000e+00 
3.33000000000000e+00 0.00000000000000e+00 
3.34000000000000e+00 0.00000000000000e+00 
3.35000000000000e+00 0.00000000000000e+00 
3.36000000000000e+00 0.00000000000000e+00 
3.37000000000000e+00 0.00000000000000e+00 
3.38000000000000e+00 0.00000000000000e+00 
3.39000000000000e+00 0.00000000000000e+00 
3.40000000000000e+00 0.00000000000000e+00 
3.41000000000000e+00 0.00000000000000e+00 
3.42000000000000e+00 0.00000000000000e+00 
3.43000000000000e+00 0.00000000000000e+00 
3.44000000000000e+00 0.00000000000000e+00 
3.45000000000000e+00 0.00000000000000e+00 
3.46000000000000e+00 0.00000000000000e+00 
3.47000000000000e+00 0.00000000000000e+00 
3.48000000000000e+00 0.00000000000000e+00 
3.49000000000000e+00 0.00000000000000e+00 
3.50000000000000e+00 0.00000000000000e+00 
3.51000000000000e+00 0.00000000000000e+00 
3.52000000000000e+00 0.00000000000000e+00 
3.53000000000000e+00 0.00000000000000e+00 
3.54000000000000e+00 0.00000000000000e+00 
3.55000000000000e+00 0.00000000000000e+00 
3.56000000000000e+00 0.00000000000000e+00 
3.57000000000000e+00 0.00000000000000e+00 
3.58000000000000e+00 0.00000000000000e+00 
3.59000000000000e+00 0.00000000000000e+00 
3.60000000000000e+00 0.00000000000000e+00 
3.61000000000000e+00 0.00000000000000e+00 
3.62000000000000e+00 0.00000000000000e+00 
3.63000000000000e+00 0.00000000000000e+00 
3.64000000000000e+00 0.00000000000000e+00 
3.65000000000000e+00 0.00000000000000e+00 
3.66000000000000e+00 0.00000000000000e+00 
3.67000000000000e+00 0.00000000000000e+00 
3.68000000000000e+00 0.00000000000000e+00 
3.69000000000000e+00 0.00000000000000e+00 
3.70000000000000e+00 0.00000000000000e+00 
3.71000000000000e+00 0.00000000000000e+00 
3.72000000000000e+00 0.00000000000000e+00 
3.73000000000000e+00 0.00000000000000e+00 
3.74000000000000e+00 0.00000000000000e+00 
3.75000000000000e+00 0.00000000000000e+00 
3.76000000000000e+00 0.00000000000000e+00 
3.77000000000000e+00 0.00000000000000e+00 
3.78000000000000e+00 0.00000000000000e+00 
3.79000000000000e+00 0.00000000000000e+00 
3.80000000000000e+00 0.00000000000000e+00 
3.81000000000000e+00 0.00000000000000e+00 
3.82000000000000e+00 0.00000000000000e+00 
3.83000000000000e+00 0.00000000000000e+00 
3.84000000000000e+00 0.00000000000000e+00 
3.85000000000000e+00 0.00000000000000e+00 
3.86000000000000e+00 0.00000000000000e+00 
3.87000000000000e+00 0.00000000000000e+00 
3.88000000000000e+00 0.00000000000000e+00 
3.89000000000000e+00 0.00000000000000e+00 
3.90000000000000e+00 0.00000000000000e+00 
3.91000000000000e+00 0.00000000000000e+00 
3.92000000000000e+00 0.00000000000000e+00 
3.93000000000000e+00 0.00000000000000e+00 
3.94000000000000e+00 0.00000000000000e+00 
3.95000000000000e+00 0.00000000000000e+00 
3.96000000000000e+00 0.00000000000000e+00 
3.97000000000000e+00 0.00000000000000e+00 
3.98000000000000e+00 0.00000000000000e+00 
3.99000000000000e+00 0.00000000000000e+00 
4.00000000000000e+00 0.00000000000000e+00 
4.01000000000000e+00 0.00000000000000e+00 
4.02000000000000e+00 0.00000000000000e+00 
4.03000000000000e+00 0.00000000000000e+00 
4.04000000000000e+00 0.00000000000000e+00 
4.05000000000000e+00 0.00000000000000e+00 
4.06000000000000e+00 0.00000000000000e+00 
4.07000000000000e+00 0.00000000000000e+00 
4.08000000000000e+00 0.00000000000000e+00 
4.09000000000000e+00 0.00000000000000e+00 
4.10000000000000e+00 0.00000000000000e+00 
4.11000000000000e+00 0.00000000000000e+00 
4.12000000000000e+00 0.00000000000000e+00 
4.13000000000000e+00 0.00000000000000e+00 
4.14000000000000e+00 0.00000000000000e+00 
4.15000000000000e+00 0.00000000000000e+00 
4.16000000000000e+00 0.00000000000000e+00 
4.17000000000000e+00 0.00000000000000e+00 
4.18000000000000e+00 0.00000000000000e+00 
4.19000000000000e+00 0.00000000000000e+00 
4.20000000000000e+00 0.00000000000000e+00 
4.21000000000000e+00 0.00000000000000e+00 
4.22000000000000e+00 0.00000000000000e+00 
4.23000000000000e+00 0.00000000000000e+00 
4.24000000000000e+00 0.00000000000000e+00 
4.25000000000000e+00 0.00000000000000e+00 
4.26000000000000e+00 0.00000000000000e+00 
4.27000000000000e+00 0.00000000000000e+00 
4.28000000000000e+00 0.00000000000000e+00 
4.29000000000000e+00 0.00000000000000e+00 
4.30000000000000e+00 0.00000000000000e+00 
4.31000000000000e+00 0.00000000000000e+00 
4.32000000000000e+00 0.00000000000000e+00 
4.33000000000000e+00 0.00000000000000e+00 
4.34000000000000e+00 0.00000000000000e+00 
4.35000000000000e+00 0.00000000000000e+00 
4.36000000000000e+00 0.00000000000000e+00 
4.37000000000000e+00 0.00000000000000e+00 
4.38000000000000e+00 0.00000000000000e+00 
4.39000000000000e+00 0.00000000000000e+00 
4.40000000000000e+00 0.00000000000000e+00 
4.41000000000000e+00 0.00000000000000e+00 
4.42000000000000e+00 0.00000000000000e+00 
4.43000000000000e+00 0.00000000000000e+00 
4.44000000000000e+00 0.00000000000000e+00 
4.45000000000000e+00 0.00000000000000e+00 
4.46000000000000e+00 0.00000000000000e+00 
4.47000000000000e+00 0.00000000000000e+00 
4.48000000000000e+00 0.00000000000000e+00 
4.49000000000000e+00 0.00000000000000e+00 
4.50000000000000e+00 0.00000000000000e+00 
4.51000000000000e+00 0.00000000000000e+00 
4.52000000000000e+00 0.00000000000000e+00 
4.53000000000000e+00 0.00000000000000e+00 
4.54000000000000e+00 0.00000000000000e+00 
4.55000000000000e+00 0.00000000000000e+00 
4.56000000000000e+00 0.00000000000000e+00 
4.57000000000000e+00 0.00000000000000e+00 
4.58000000000000e+00 0.00000000000000e+00 
4.59000000000000e+00 0.00000000000000e+00 
4.60000000000000e+00 0.00000000000000e+00 
4.61000000000000e+00 0.00000000000000e+00 
4.62000000000000e+00 0.00000000000000e+00 
4.63000000000000e+00 0.00000000000000e+00 
4.64000000000000e+00 0.00000000000000e+00 
4.65000000000000e+00 0.00000000000000e+00 
4.66000000000000e+00 0.00000000000000e+00 
4.67000000000000e+00 0.00000000000000e+00 
4.68000000000000e+00 0.00000000000000e+00 
4.69000000000000e+00 0.00000000000000e+00 
4.70000000000000e+00 0.00000000000000e+00 
4.71000000000000e+00 0.00000000000000e+00 
4.72000000000000e+00 0.00000000000000e+00 
4.73000000000000e+00 0.00000000000000e+00 
4.74000000000000e+00 0.00000000000000e+00 
4.75000000000000e+00 0.00000000000000e+00 
4.76000000000000e+00 0.00000000000000e+00 
4.77000000000000e+00 0.00000000000000e+00 
4.78000000000000e+00 0.00000000000000e+00 
4.79000000000000e+00 0.00000000000000e+00 
4.80000000000000e+00 0.00000000000000e+00 
4.81000000000000e+00 0.00000000000000e+00 
4.82000000000000e+00 0.00000000000000e+00 
4.83000000000000e+00 0.00000000000000e+00 
4.84000000000000e+00 0.00000000000000e+00 
4.85000000000000e+00 0.00000000000000e+00 
4.86000000000000e+00 0.00000000000000e+00 
4.87000000000000e+00 0.00000000000000e+00 
4.88000000000000e+00 0.00000000000000e+00 
4.89000000000000e+00 0.00000000000000e+00 
4.90000000000000e+00 0.00000000000000e+00 
4.91000000000000e+00 0.00000000000000e+00 
4.92000000000000e+00 0.00000000000000e+00 
4.93000000000000e+00 0.00000000000000e+00 
4.94000000000000e+00 0.00000000000000e+00 
4.95000000000000e+00 0.00000000000000e+00 
4.96000000000000e+00 0.00000000000000e+00 
4.97000000000000e+00 0.00000000000000e+00 
4.98000000000000e+00 0.00000000000000e+00 
4.99000000000000e+00 0.00000000000000e+00 
5.00000000000000e+00 0.00000000000000e+00 
5.01000000000000e+00 0.00000000000000e+00 
5.02000000000000e+00 0.00000000000000e+00 
5.03000000000000e+00 0.00000000000000e+00 
5.04000000000000e+00 0.00000000000000e+00 
5.05000000000000e+00 0.00000000000000e+00 
5.06000000000000e+00 0.00000000000000e+00 
5.07000000000000e+00 0.00000000000000e+00 
5.08000000000000e+00 0.00000000000000e+00 
5.09000000000000e+00 0.00000000000000e+00 
5.10000000000000e+00 0.00000000000000e+00 
5.11000000000000e+00 0.00000000000000e+00 
5.12000000000000e+00 0.00000000000000e+00 
5.13000000000000e+00 0.00000000000000e+00 
5.14000000000000e+00 0.00000000000000e+00 
5.15000000000000e+00 0.00000000000000e+00 
5.16000000000000e+00 0.00000000000000e+00 
5.17000000000000e+00 0.00000000000000e+00 
5.18000000000000e+00 0.00000000000000e+00 
5.19000000000000e+00 0.00000000000000e+00 
5.20000000000000e+00 0.00000000000000e+00 
5.21000000000000e+00 0.00000000000000e+00 
5.22000000000000e+00 0.00000000000000e+00 
5.23000000000000e+00 0.00000000000000e+00 
5.24000000000000e+00 0.00000000000000e+00 
5.25000000000000e+00 0.00000000000000e+00 
5.26000000000000e+00 0.00000000000000e+00 
5.27000000000000e+00 0.00000000000000e+00 
5.28000000000000e+00 0.00000000000000e+00 
5.29000000000000e+00 0.00000000000000e+00 
5.30000000000000e+00 0.00000000000000e+00 
5.31000000000000e+00 0.00000000000000e+00 
5.32000000000000e+00 0.00000000000000e+00 
5.33000000000000e+00 0.00000000000000e+00 
5.34000000000000e+00 0.00000000000000e+00 
5.35000000000000e+00 0.00000000000000e+00 
5.36000000000000e+00 0.00000000000000e+00 
5.37000000000000e+00 0.00000000000000e+00 
5.38000000000000e+00 0.00000000000000e+00 
5.39000000000000e+00 0.00000000000000e+00 
5.40000000000000e+00 0.00000000000000e+00 
5.41000000000000e+00 0.00000000000000e+00 
5.42000000000000e+00 0.00000000000000e+00 
5.43000000000000e+00 0.00000000000000e+00 
5.44000000000000e+00 0.00000000000000e+00 
5.45000000000000e+00 0.00000000000000e+00 
5.46000000000000e+00 0.00000000000000e+00 
5.47000000000000e+00 0.00000000000000e+00 
5.48000000000000e+00 0.00000000000000e+00 
5.49000000000000e+00 0.00000000000000e+00 
5.50000000000000e+00 0.00000000000000e+00 
5.51000000000000e+00 0.00000000000000e+00 
5.52000000000000e+00 0.00000000000000e+00 
5.53000000000000e+00 0.00000000000000e+00 
5.54000000000000e+00 0.00000000000000e+00 
5.55000000000000e+00 0.00000000000000e+00 
5.56000000000000e+00 0.00000000000000e+00 
5.57000000000000e+00 0.00000000000000e+00 
5.58000000000000e+00 0.00000000000000e+00 
5.59000000000000e+00 0.00000000000000e+00 
5.60000000000000e+00 0.00000000000000e+00 
5.61000000000000e+00 0.00000000000000e+00 
5.62000000000000e+00 0.00000000000000e+00 
5.63000000000000e+00 0.00000000000000e+00 
5.64000000000000e+00 0.00000000000000e+00 
5.65000000000000e+00 0.00000000000000e+00 
5.66000000000000e+00 0.00000000000000e+00 
5.67000000000000e+00 0.00000000000000e+00 
5.68000000000000e+00 0.00000000000000e+00 
5.69000000000000e+00 0.00000000000000e+00 
5.70000000000000e+00 0.00000000000000e+00 
5.71000000000000e+00 0.00000000000000e+00 
5.72000000000000e+00 0.00000000000000e+00 
5.73000000000000e+00 0.00000000000000e+00 
5.74000000000000e+00 0.00000000000000e+00 
5.75000000000000e+00 0.00000000000000e+00 
5.76000000000000e+00 0.00000000000000e+00 
5.77000000000000e+00 0.00000000000000e+00 
5.78000000000000e+00 0.00000000000000e+00 
5.79000000000000e+00 0.00000000000000e+00 
5.80000000000000e+00 0.00000000000000e+00 
5.81000000000000e+00 0.00000000000000e+00 
5.82000000000000e+00 0.00000000000000e+00 
5.83000000000000e+00 0.00000000000000e+00 
5.84000000000000e+00 0.00000000000000e+00 
5.85000000000000e+00 0.00000000000000e+00 
5.86000000000000e+00 0.00000000000000e+00 
5.87000000000000e+00 0.00000000000000e+00 
5.88000000000000e+00 0.00000000000000e+00 
5.89000000000000e+00 0.00000000000000e+00 
5.90000000000000e+00 0.00000000000000e+00 
5.91000000000000e+00 0.00000000000000e+00 
5.92000000000000e+00 0.00000000000000e+00 
5.93000000000000e+00 0.00000000000000e+00 
5.94000000000000e+00 0.00000000000000e+00 
5.95000000000000e+00 0.00000000000000e+00 
5.96000000000000e+00 0.00000000000000e+00 
5.97000000000000e+00 0.00000000000000e+00 
5.98000000000000e+00 0.00000000000000e+00 
5.99000000000000e+00 0.00000000000000e+00 
6.00000000000000e+00 0.00000000000000e+00 
6.01000000000000e+00 0.00000000000000e+00 
6.02000000000000e+00 0.00000000000000e+00 
6.03000000000000e+00 0.00000000000000e+00 
6.04000000000000e+00 0.00000000000000e+00 
6.05000000000000e+00 0.00000000000000e+00 
6.06000000000000e+00 0.00000000000000e+00 
6.07000000000000e+00 0.00000000000000e+00 
6.08000000000000e+00 0.00000000000000e+00 
6.09000000000000e+00 0.00000000000000e+00 
6.10000000000000e+00 0.00000000000000e+00 
6.11000000000000e+00 0.00000000000000e+00 
6.12000000000000e+00 0.00000000000000e+00 
6.13000000000000e+00 0.00000000000000e+00 
6.14000000000000e+00 0.00000000000000e+00 
6.15000000000000e+00 0.00000000000000e+00 
6.16000000000000e+00 0.00000000000000e+00 
6.17000000000000e+00 0.00000000000000e+00 
6.18000000000000e+00 0.00000000000000e+00 
6.19000000000000e+00 0.00000000000000e+00 
6.20000000000000e+00 0.00000000000000e+00 
6.21000000000000e+00 0.00000000000000e+00 
6.22000000000000e+00 0.00000000000000e+00 
6.23000000000000e+00 0.00000000000000e+00 
6.24000000000000e+00 0.00000000000000e+00 
6.25000000000000e+00 0.00000000000000e+00 
6.26000000000000e+00 0.00000000000000e+00 
6.27000000000000e+00 0.00000000000000e+00 
6.28000000000000e+00 0.00000000000000e+00 
6.29000000000000e+00 0.00000000000000e+00 
6.30000000000000e+00 0.00000000000000e+00 
6.31000000000000e+00 0.00000000000000e+00 
6.32000000000000e+00 0.00000000000000e+00 
6.33000000000000e+00 0.00000000000000e+00 
6.34000000000000e+00 0.00000000000000e+00 
6.35000000000000e+00 0.00000000000000e+00 
6.36000000000000e+00 0.00000000000000e+00 
6.37000000000000e+00 0.00000000000000e+00 
6.38000000000000e+00 0.00000000000000e+00 
6.39000000000000e+00 0.00000000000000e+00 
6.40000000000000e+00 0.00000000000000e+00 
6.41000000000000e+00 0.00000000000000e+00 
6.42000000000000e+00 0.00000000000000e+00 
6.43000000000000e+00 0.00000000000000e+00 
6.44000000000000e+00 0.00000000000000e+00 
6.45000000000000e+00 0.00000000000000e+00 
6.46000000000000e+00 0.00000000000000e+00 
6.47000000000000e+00 0.00000000000000e+00 
6.48000000000000e+00 0.00000000000000e+00 
6.49000000000000e+00 0.00000000000000e+00 
6.50000000000000e+00 0.00000000000000e+00 
6.51000000000000e+00 0.00000000000000e+00 
6.52000000000000e+00 0.00000000000000e+00 
6.53000000000000e+00 0.00000000000000e+00 
6.54000000000000e+00 0.00000000000000e+00 
6.55000000000000e+00 0.00000000000000e+00 
6.56000000000000e+00 0.00000000000000e+00 
6.57000000000000e+00 0.00000000000000e+00 
6.58000000000000e+00 0.00000000000000e+00 
6.59000000000000e+00 0.00000000000000e+00 
6.60000000000000e+00 0.00000000000000e+00 
6.61000000000000e+00 0.00000000000000e+00 
6.62000000000000e+00 0.00000000000000e+00 
6.63000000000000e+00 0.00000000000000e+00 
6.64000000000000e+00 0.00000000000000e+00 
6.65000000000000e+00 0.00000000000000e+00 
6.66000000000000e+00 0.00000000000000e+00 
6.67000000000000e+00 0.00000000000000e+00 
6.68000000000000e+00 0.00000000000000e+00 
6.69000000000000e+00 0.00000000000000e+00 
6.70000000000000e+00 0.00000000000000e+00 
6.71000000000000e+00 0.00000000000000e+00 
6.72000000000000e+00 0.00000000000000e+00 
6.73000000000000e+00 0.00000000000000e+00 
6.74000000000000e+00 0.00000000000000e+00 
6.75000000000000e+00 0.00000000000000e+00 
6.76000000000000e+00 0.00000000000000e+00 
6.77000000000000e+00 0.00000000000000e+00 
6.78000000000000e+00 0.00000000000000e+00 
6.79000000000000e+00 0.00000000000000e+00 
6.80000000000000e+00 0.00000000000000e+00 
6.81000000000000e+00 0.00000000000000e+00 
6.82000000000000e+00 0.00000000000000e+00 
6.83000000000000e+00 0.00000000000000e+00 
6.84000000000000e+00 0.00000000000000e+00 
6.85000000000000e+00 0.00000000000000e+00 
6.86000000000000e+00 0.00000000000000e+00 
6.87000000000000e+00 0.00000000000000e+00 
6.88000000000000e+00 0.00000000000000e+00 
6.89000000000000e+00 0.00000000000000e+00 
6.90000000000000e+00 0.00000000000000e+00 
6.91000000000000e+00 0.00000000000000e+00 
6.92000000000000e+00 0.00000000000000e+00 
6.93000000000000e+00 0.00000000000000e+00 
6.94000000000000e+00 0.00000000000000e+00 
6.95000000000000e+00 0.00000000000000e+00 
6.96000000000000e+00 0.00000000000000e+00 
6.97000000000000e+00 0.00000000000000e+00 
6.98000000000000e+00 0.00000000000000e+00 
6.99000000000000e+00 0.00000000000000e+00 
7.00000000000000e+00 0.00000000000000e+00 
7.01000000000000e+00 0.00000000000000e+00 
7.02000000000000e+00 0.00000000000000e+00 
7.03000000000000e+00 0.00000000000000e+00 
7.04000000000000e+00 0.00000000000000e+00 
7.05000000000000e+00 0.00000000000000e+00 
7.06000000000000e+00 0.00000000000000e+00 
7.07000000000000e+00 0.00000000000000e+00 
7.08000000000000e+00 0.00000000000000e+00 
7.09000000000000e+00 0.00000000000000e+00 
7.10000000000000e+00 0.00000000000000e+00 
7.11000000000000e+00 0.00000000000000e+00 
7.12000000000000e+00 0.00000000000000e+00 
7.13000000000000e+00 0.00000000000000e+00 
7.14000000000000e+00 0.00000000000000e+00 
7.15000000000000e+00 0.00000000000000e+00 
7.16000000000000e+00 0.00000000000000e+00 
7.17000000000000e+00 0.00000000000000e+00 
7.18000000000000e+00 0.00000000000000e+00 
7.19000000000000e+00 0.00000000000000e+00 
7.20000000000000e+00 0.00000000000000e+00 
7.21000000000000e+00 0.00000000000000e+00 
7.22000000000000e+00 0.00000000000000e+00 
7.23000000000000e+00 0.00000000000000e+00 
7.24000000000000e+00 0.00000000000000e+00 
7.25000000000000e+00 0.00000000000000e+00 
7.26000000000000e+00 0.00000000000000e+00 
7.27000000000000e+00 0.00000000000000e+00 
7.28000000000000e+00 0.00000000000000e+00 
7.29000000000000e+00 0.00000000000000e+00 
7.30000000000000e+00 0.00000000000000e+00 
7.31000000000000e+00 0.00000000000000e+00 
7.32000000000000e+00 0.00000000000000e+00 
7.33000000000000e+00 0.00000000000000e+00 
7.34000000000000e+00 0.00000000000000e+00 
7.35000000000000e+00 0.00000000000000e+00 
7.36000000000000e+00 0.00000000000000e+00 
7.37000000000000e+00 0.00000000000000e+00 
7.38000000000000e+00 0.00000000000000e+00 
7.39000000000000e+00 0.00000000000000e+00 
7.40000000000000e+00 0.00000000000000e+00 
7.41000000000000e+00 0.00000000000000e+00 
7.42000000000000e+00 0.00000000000000e+00 
7.43000000000000e+00 0.00000000000000e+00 
7.44000000000000e+00 0.00000000000000e+00 
7.45000000000000e+00 0.00000000000000e+00 
7.46000000000000e+00 0.00000000000000e+00 
7.47000000000000e+00 0.00000000000000e+00 
7.48000000000000e+00 0.00000000000000e+00 
7.49000000000000e+00 0.00000000000000e+00 
7.50000000000000e+00 0.00000000000000e+00 
7.51000000000000e+00 0.00000000000000e+00 
7.52000000000000e+00 0.00000000000000e+00 
7.53000000000000e+00 0.00000000000000e+00 
7.54000000000000e+00 0.00000000000000e+00 
7.55000000000000e+00 0.00000000000000e+00 
7.56000000000000e+00 0.00000000000000e+00 
7.57000000000000e+00 0.00000000000000e+00 
7.58000000000000e+00 0.00000000000000e+00 
7.59000000000000e+00 0.00000000000000e+00 
7.60000000000000e+00 0.00000000000000e+00 
7.61000000000000e+00 0.00000000000000e+00 
7.62000000000000e+00 0.00000000000000e+00 
7.63000000000000e+00 0.00000000000000e+00 
7.64000000000000e+00 0.00000000000000e+00 
7.65000000000000e+00 0.00000000000000e+00 
7.66000000000000e+00 0.00000000000000e+00 
7.67000000000000e+00 0.00000000000000e+00 
7.68000000000000e+00 0.00000000000000e+00 
7.69000000000000e+00 0.00000000000000e+00 
7.70000000000000e+00 0.00000000000000e+00 
7.71000000000000e+00 0.00000000000000e+00 
7.72000000000000e+00 0.00000000000000e+00 
7.73000000000000e+00 0.00000000000000e+00 
7.74000000000000e+00 0.00000000000000e+00 
7.75000000000000e+00 0.00000000000000e+00 
7.76000000000000e+00 0.00000000000000e+00 
7.77000000000000e+00 0.00000000000000e+00 
7.78000000000000e+00 0.00000000000000e+00 
7.79000000000000e+00 0.00000000000000e+00 
7.80000000000000e+00 0.00000000000000e+00 
7.81000000000000e+00 0.00000000000000e+00 
7.82000000000000e+00 0.00000000000000e+00 
7.83000000000000e+00 0.00000000000000e+00 
7.84000000000000e+00 0.00000000000000e+00 
7.85000000000000e+00 0.00000000000000e+00 
7.86000000000000e+00 0.00000000000000e+00 
7.87000000000000e+00 0.00000000000000e+00 
7.88000000000000e+00 0.00000000000000e+00 
7.89000000000000e+00 0.00000000000000e+00 
7.90000000000000e+00 0.00000000000000e+00 
7.91000000000000e+00 0.00000000000000e+00 
7.92000000000000e+00 0.00000000000000e+00 
7.93000000000000e+00 0.00000000000000e+00 
7.94000000000000e+00 0.00000000000000e+00 
7.95000000000000e+00 0.00000000000000e+00 
7.96000000000000e+00 0.00000000000000e+00 
7.97000000000000e+00 0.00000000000000e+00 
7.98000000000000e+00 0.00000000000000e+00 
7.99000000000000e+00 0.00000000000000e+00 
8.00000000000000e+00 0.00000000000000e+00 
8.01000000000000e+00 0.00000000000000e+00 
8.02000000000000e+00 0.00000000000000e+00 
8.03000000000000e+00 0.00000000000000e+00 
8.04000000000000e+00 0.00000000000000e+00 
8.05000000000000e+00 0.00000000000000e+00 
8.06000000000000e+00 0.00000000000000e+00 
8.07000000000000e+00 0.00000000000000e+00 
8.08000000000000e+00 0.00000000000000e+00 
8.09000000000000e+00 0.00000000000000e+00 
8.10000000000000e+00 0.00000000000000e+00 
8.11000000000000e+00 0.00000000000000e+00 
8.12000000000000e+00 0.00000000000000e+00 
8.13000000000000e+00 0.00000000000000e+00 
8.14000000000000e+00 0.00000000000000e+00 
8.15000000000000e+00 0.00000000000000e+00 
8.16000000000000e+00 0.00000000000000e+00 
8.17000000000000e+00 0.00000000000000e+00 
8.18000000000000e+00 0.00000000000000e+00 
8.19000000000000e+00 0.00000000000000e+00 
8.20000000000000e+00 0.00000000000000e+00 
8.21000000000000e+00 0.00000000000000e+00 
8.22000000000000e+00 0.00000000000000e+00 
8.23000000000000e+00 0.00000000000000e+00 
8.24000000000000e+00 0.00000000000000e+00 
8.25000000000000e+00 0.00000000000000e+00 
8.26000000000000e+00 0.00000000000000e+00 
8.27000000000000e+00 0.00000000000000e+00 
8.28000000000000e+00 0.00000000000000e+00 
8.29000000000000e+00 0.00000000000000e+00 
8.30000000000000e+00 0.00000000000000e+00 
8.31000000000000e+00 0.00000000000000e+00 
8.32000000000000e+00 0.00000000000000e+00 
8.33000000000000e+00 0.00000000000000e+00 
8.34000000000000e+00 0.00000000000000e+00 
8.35000000000000e+00 0.00000000000000e+00 
8.36000000000000e+00 0.00000000000000e+00 
8.37000000000000e+00 0.00000000000000e+00 
8.38000000000000e+00 0.00000000000000e+00 
8.39000000000000e+00 0.00000000000000e+00 
8.40000000000000e+00 0.00000000000000e+00 
8.41000000000000e+00 0.00000000000000e+00 
8.42000000000000e+00 0.00000000000000e+00 
8.43000000000000e+00 0.00000000000000e+00 
8.44000000000000e+00 0.00000000000000e+00 
8.45000000000000e+00 0.00000000000000e+00 
8.46000000000000e+00 0.00000000000000e+00 
8.47000000000000e+00 0.00000000000000e+00 
8.48000000000000e+00 0.00000000000000e+00 
8.49000000000000e+00 0.00000000000000e+00 
8.50000000000000e+00 0.00000000000000e+00 
8.51000000000000e+00 0.00000000000000e+00 
8.52000000000000e+00 0.00000000000000e+00 
8.53000000000000e+00 0.00000000000000e+00 
8.54000000000000e+00 0.00000000000000e+00 
8.55000000000000e+00 0.00000000000000e+00 
8.56000000000000e+00 0.00000000000000e+00 
8.57000000000000e+00 0.00000000000000e+00 
8.58000000000000e+00 0.00000000000000e+00 
8.59000000000000e+00 0.00000000000000e+00 
8.60000000000000e+00 0.00000000000000e+00 
8.61000000000000e+00 0.00000000000000e+00 
8.62000000000000e+00 0.00000000000000e+00 
8.63000000000000e+00 0.00000000000000e+00 
8.64000000000000e+00 0.00000000000000e+00 
8.65000000000000e+00 0.00000000000000e+00 
8.66000000000000e+00 0.00000000000000e+00 
8.67000000000000e+00 0.00000000000000e+00 
8.68000000000000e+00 0.00000000000000e+00 
8.69000000000000e+00 0.00000000000000e+00 
8.70000000000000e+00 0.00000000000000e+00 
8.71000000000000e+00 0.00000000000000e+00 
8.72000000000000e+00 0.00000000000000e+00 
8.73000000000000e+00 0.00000000000000e+00 
8.74000000000000e+00 0.00000000000000e+00 
8.75000000000000e+00 0.00000000000000e+00 
8.76000000000000e+00 0.00000000000000e+00 
8.77000000000000e+00 0.00000000000000e+00 
8.78000000000000e+00 0.00000000000000e+00 
8.79000000000000e+00 0.00000000000000e+00 
8.80000000000000e+00 0.00000000000000e+00 
8.81000000000000e+00 0.00000000000000e+00 
8.82000000000000e+00 0.00000000000000e+00 
8.83000000000000e+00 0.00000000000000e+00 
8.84000000000000e+00 0.00000000000000e+00 
8.85000000000000e+00 0.00000000000000e+00 
8.86000000000000e+00 0.00000000000000e+00 
8.87000000000000e+00 0.00000000000000e+00 
8.88000000000000e+00 0.00000000000000e+00 
8.89000000000000e+00 0.00000000000000e+00 
8.90000000000000e+00 0.00000000000000e+00 
8.91000000000000e+00 0.00000000000000e+00 
8.92000000000000e+00 0.00000000000000e+00 
8.93000000000000e+00 0.00000000000000e+00 
8.94000000000000e+00 0.00000000000000e+00 
8.95000000000000e+00 0.00000000000000e+00 
8.96000000000000e+00 0.00000000000000e+00 
8.97000000000000e+00 0.00000000000000e+00 
8.98000000000000e+00 0.00000000000000e+00 
8.99000000000000e+00 0.00000000000000e+00 
9.00000000000000e+00 0.00000000000000e+00 
9.01000000000000e+00 0.00000000000000e+00 
9.02000000000000e+00 0.00000000000000e+00 
9.03000000000000e+00 0.00000000000000e+00 
9.04000000000000e+00 0.00000000000000e+00 
9.05000000000000e+00 0.00000000000000e+00 
9.06000000000000e+00 0.00000000000000e+00 
9.07000000000000e+00 0.00000000000000e+00 
9.08000000000000e+00 0.00000000000000e+00 
9.09000000000000e+00 0.00000000000000e+00 
9.10000000000000e+00 0.00000000000000e+00 
9.11000000000000e+00 0.00000000000000e+00 
9.12000000000000e+00 0.00000000000000e+00 
9.13000000000000e+00 0.00000000000000e+00 
9.14000000000000e+00 0.00000000000000e+00 
9.15000000000000e+00 0.00000000000000e+00 
9.16000000000000e+00 0.00000000000000e+00 
9.17000000000000e+00 0.00000000000000e+00 
9.18000000000000e+00 0.00000000000000e+00 
9.19000000000000e+00 0.00000000000000e+00 
9.20000000000000e+00 0.00000000000000e+00 
9.21000000000000e+00 0.00000000000000e+00 
9.22000000000000e+00 0.00000000000000e+00 
9.23000000000000e+00 0.00000000000000e+00 
9.24000000000000e+00 0.00000000000000e+00 
9.25000000000000e+00 0.00000000000000e+00 
9.26000000000000e+00 0.00000000000000e+00 
9.27000000000000e+00 0.00000000000000e+00 
9.28000000000000e+00 0.00000000000000e+00 
9.29000000000000e+00 0.00000000000000e+00 
9.30000000000000e+00 0.00000000000000e+00 
9.31000000000000e+00 0.00000000000000e+00 
9.32000000000000e+00 0.00000000000000e+00 
9.33000000000000e+00 0.00000000000000e+00 
9.34000000000000e+00 0.00000000000000e+00 
9.35000000000000e+00 0.00000000000000e+00 
