0.00000000000000e+00 2.70256497740000e-09 -6.10205309890000e-09 
1.00000000000000e-02 2.33749088970000e-01 -1.39627302540000e-01 
2.00000000000000e-02 4.66768873510000e-01 -2.78348505220000e-01 
3.00000000000000e-02 6.98334186133333e-01 -4.15265249233333e-01 
4.00000000000000e-02 9.27728094800000e-01 -5.49494570250000e-01 
5.00000000000000e-02 1.15424592502000e+00 -6.80176378000000e-01 
6.00000000000000e-02 1.37719916885000e+00 -8.06480677716667e-01 
7.00000000000000e-02 1.59591924457143e+00 -9.27614452942857e-01 
8.00000000000000e-02 1.80976107412500e+00 -1.04282813312500e+00 
9.00000000000000e-02 2.01810644566667e+00 -1.15142157544444e+00 
1.00000000000000e-01 2.22036713330000e+00 -1.25274949630000e+00 
1.10000000000000e-01 2.41598774772727e+00 -1.34622629463636e+00 
1.20000000000000e-01 2.60444829441667e+00 -1.43133021908333e+00 
1.30000000000000e-01 2.78526642115385e+00 -1.50760683615385e+00 
1.40000000000000e-01 2.95799933835714e+00 -1.57467176914286e+00 
1.50000000000000e-01 3.12224540146667e+00 -1.63221268473333e+00 
1.60000000000000e-01 3.27764534750000e+00 -1.67999051418750e+00 
1.70000000000000e-01 3.42388318135294e+00 -1.71783990688235e+00 
1.80000000000000e-01 3.56068671377778e+00 -1.74566892200000e+00 
1.90000000000000e-01 3.68782775421053e+00 -1.76345797521053e+00 
2.00000000000000e-01 3.80512196695000e+00 -1.77125806575000e+00 
2.10000000000000e-01 3.91242840366667e+00 -1.76918831800000e+00 
2.20000000000000e-01 4.00964872581818e+00 -1.75743288081818e+00 
2.30000000000000e-01 4.09672613791304e+00 -1.73623723452174e+00 
2.40000000000000e-01 4.17364405125000e+00 -1.70590396300000e+00 
2.50000000000000e-01 4.24042450440000e+00 -1.66678805460000e+00 
2.60000000000000e-01 4.29712636423077e+00 -1.61929179976923e+00 
2.70000000000000e-01 4.34384333962963e+00 -1.56385935859259e+00 
2.80000000000000e-01 4.38070183392857e+00 -1.50097107375000e+00 
2.90000000000000e-01 4.40785866965517e+00 -1.43113760675862e+00 
3.00000000000000e-01 4.42549871366667e+00 -1.35489397610000e+00 
3.10000000000000e-01 4.43383243967742e+00 -1.27279357600000e+00 
3.20000000000000e-01 4.43309345343750e+00 -1.18540225256250e+00 
3.30000000000000e-01 4.42353601333333e+00 -1.09329251266667e+00 
3.40000000000000e-01 4.40543257676471e+00 -9.97037936764706e-01 
3.50000000000000e-01 4.37907139885714e+00 -8.97207862485714e-01 
3.60000000000000e-01 4.34475420833333e+00 -7.94362401388889e-01 
3.70000000000000e-01 4.30279398567568e+00 -6.89047843864865e-01 
3.80000000000000e-01 4.25351286447368e+00 -5.81792501710526e-01 
3.90000000000000e-01 4.19724017179487e+00 -4.73103029333333e-01 
4.00000000000000e-01 4.13431062575000e+00 -3.63461257500000e-01 
4.10000000000000e-01 4.06506270121951e+00 -2.53321564390244e-01 
4.20000000000000e-01 3.98983717047619e+00 -1.43108800952381e-01 
4.30000000000000e-01 3.90897582720930e+00 -3.32167781302326e-02 
4.40000000000000e-01 3.82282039545455e+00 7.59926846863636e-02 
4.50000000000000e-01 3.73171161866667e+00 1.84190159444444e-01 
4.60000000000000e-01 3.63598853021739e+00 2.91078475195652e-01 
4.70000000000000e-01 3.53598789361702e+00 3.96392075489362e-01 
4.80000000000000e-01 3.43204380375000e+00 4.99895900458333e-01 
4.90000000000000e-01 3.32448743632653e+00 6.01383833571429e-01 
5.00000000000000e-01 3.21364693060000e+00 7.00676759060000e-01 
5.10000000000000e-01 3.09984738647059e+00 7.97620281392157e-01 
5.20000000000000e-01 2.98341096019231e+00 8.92082162519231e-01 
5.30000000000000e-01 2.86465703452830e+00 9.83949536396226e-01 
5.40000000000000e-01 2.74390244574074e+00 1.07312596242593e+00 
5.50000000000000e-01 2.62146174400000e+00 1.15952838125455e+00 
5.60000000000000e-01 2.49764746428571e+00 1.24308403669643e+00 
5.70000000000000e-01 2.37277038877193e+00 1.32372742728070e+00 
5.80000000000000e-01 2.24713977793103e+00 1.40139734867241e+00 
5.90000000000000e-01 2.12106355033898e+00 1.47603408657627e+00 
6.00000000000000e-01 1.99484839333333e+00 1.54757681531667e+00 
6.10000000000000e-01 1.86879978770492e+00 1.61596125357377e+00 
6.20000000000000e-01 1.74322193064516e+00 1.68111762306452e+00 
6.30000000000000e-01 1.61841754587302e+00 1.74296895015873e+00 
6.40000000000000e-01 1.49468756923438e+00 1.80142974468750e+00 
6.50000000000000e-01 1.37233070443077e+00 1.85640508030769e+00 
6.60000000000000e-01 1.25164284290909e+00 1.90779009803030e+00 
6.70000000000000e-01 1.13291634752239e+00 1.95546994208955e+00 
6.80000000000000e-01 1.01643920114706e+00 1.99932013117647e+00 
6.90000000000000e-01 9.02494025072464e-01 2.03920736159420e+00 
7.00000000000000e-01 7.91356974742857e-01 2.07499072857143e+00 
7.10000000000000e-01 6.83296523394366e-01 2.10652334507042e+00 
7.20000000000000e-01 5.78572146736111e-01 2.13365433097222e+00 
7.30000000000000e-01 4.77432924356164e-01 2.15623113767123e+00 
7.40000000000000e-01 3.80116076067568e-01 2.17410216783784e+00 
7.50000000000000e-01 2.86845452866667e-01 2.18711964173333e+00 
7.60000000000000e-01 1.97830004368421e-01 2.19514266118421e+00 
7.70000000000000e-01 1.13262245729870e-01 2.19804041441558e+00 
7.80000000000000e-01 3.33167478846154e-02 2.19569546256410e+00 
7.90000000000000e-01 -4.18513242721519e-02 2.18800704898734e+00 
8.00000000000000e-01 -1.12107601082500e-01 2.17489436737500e+00 
8.10000000000000e-01 -1.77339800246914e-01 2.15629972814815e+00 
8.20000000000000e-01 -2.37458898036585e-01 2.13219156109756e+00 
8.30000000000000e-01 -2.92400156903614e-01 2.10256719590361e+00 
8.40000000000000e-01 -3.42123988071429e-01 2.06745536226190e+00 
8.50000000000000e-01 -3.86616629576471e-01 2.02691836023529e+00 
8.60000000000000e-01 -4.25890622627907e-01 1.98105384918605e+00 
8.70000000000000e-01 -4.59985071057471e-01 1.92999621609195e+00 
8.80000000000000e-01 -4.88965671988636e-01 1.87391748522727e+00 
8.90000000000000e-01 -5.12924508505618e-01 1.81302774112360e+00 
9.00000000000000e-01 -5.31979598311111e-01 1.74757504211111e+00 
9.10000000000000e-01 -5.46274195780220e-01 1.67784481142857e+00 
9.20000000000000e-01 -5.55975848260870e-01 1.60415869913043e+00 
9.30000000000000e-01 -5.61275210774194e-01 1.52687291817204e+00 
9.40000000000000e-01 -5.62384626978723e-01 1.44637606425532e+00 
9.50000000000000e-01 -5.59536487473684e-01 1.36308644000000e+00 
9.60000000000000e-01 -5.52981379916667e-01 1.27744890937500e+00 
9.70000000000000e-01 -5.42986048432990e-01 1.18993131649485e+00 
9.80000000000000e-01 -5.29831182928571e-01 1.10102051316327e+00 
9.90000000000000e-01 -5.13809061434343e-01 1.01121804060606e+00 
1.00000000000000e+00 -4.95221070740000e-01 9.21035521700000e-01 
1.01000000000000e+00 -4.74375133188119e-01 8.30989823445545e-01 
1.02000000000000e+00 -4.51583068509804e-01 7.41598052205882e-01 
1.03000000000000e+00 -4.27157921252427e-01 6.53372450271845e-01 
1.04000000000000e+00 -4.01411284903846e-01 5.66815262778846e-01 
1.05000000000000e+00 -3.74650654600000e-01 4.82413646200000e-01 
1.06000000000000e+00 -3.47176839594340e-01 4.00634689396226e-01 
1.07000000000000e+00 -3.19281467028037e-01 3.21920618112150e-01 
1.08000000000000e+00 -2.91244606814815e-01 2.46684251398148e-01 
1.09000000000000e+00 -2.63332546706422e-01 1.75304775972477e-01 
1.10000000000000e+00 -2.35795744336364e-01 1.08123900363636e-01 
1.11000000000000e+00 -2.08866981360360e-01 4.54424463162162e-02 
1.12000000000000e+00 -1.82759741946429e-01 -1.24825709008929e-02 
1.13000000000000e+00 -1.57666835256637e-01 -6.54403280017699e-02 
1.14000000000000e+00 -1.33759278078947e-01 -1.13268007385965e-01 
1.15000000000000e+00 -1.11185451252174e-01 -1.55852007486957e-01 
1.16000000000000e+00 -9.00705389741379e-02 -1.93128528206897e-01 
1.17000000000000e+00 -7.05162580529915e-02 -2.25083514606838e-01 
1.18000000000000e+00 -5.26008785720339e-02 -2.51751955194915e-01 
1.19000000000000e+00 -3.63795061924370e-02 -2.73216631873950e-01 
1.20000000000000e+00 -2.18847443491667e-02 -2.89605924691667e-01 
1.21000000000000e+00 -9.12751139256198e-03 -3.01091405537190e-01 
1.22000000000000e+00 1.90268922688525e-03 -3.07887614237705e-01 
1.23000000000000e+00 1.12373495195122e-02 -3.10251423146341e-01 
1.24000000000000e+00 1.89281047056452e-02 -3.08480093612903e-01 
1.25000000000000e+00 2.50449599632000e-02 -3.02906402136000e-01 
1.26000000000000e+00 2.96745161373016e-02 -2.93894020738095e-01 
1.27000000000000e+00 3.29180062291339e-02 -2.81832461960630e-01 
1.28000000000000e+00 3.48892080070312e-02 -2.67131781718750e-01 
1.29000000000000e+00 3.57122532085271e-02 -2.50217078813953e-01 
1.30000000000000e+00 3.55193702092308e-02 -2.31522882030769e-01 
1.31000000000000e+00 3.44485894404580e-02 -2.11487491694656e-01 
1.32000000000000e+00 3.26414431181818e-02 -1.90547349318182e-01 
1.33000000000000e+00 3.02406912556391e-02 -1.69131509827068e-01 
1.34000000000000e+00 2.73881032910448e-02 -1.47656284656716e-01 
1.35000000000000e+00 2.42223256251852e-02 -1.26520126385185e-01 
1.36000000000000e+00 2.08768618389706e-02 -1.06098817088235e-01 
1.37000000000000e+00 1.74781922335766e-02 -8.67410226131387e-02 
1.38000000000000e+00 1.41440561681159e-02 -6.87642671333333e-02 
1.39000000000000e+00 1.09819166625899e-02 -5.24513731446043e-02 
1.40000000000000e+00 8.08762906071428e-03 -3.80474175435714e-02 
1.41000000000000e+00 5.54577549815603e-03 -2.57637843453901e-02 
1.42000000000000e+00 3.42203610598592e-03 -1.57457738626761e-02 
1.43000000000000e+00 1.76379496328671e-03 -8.07626422867133e-03 
1.44000000000000e+00 6.51058861479167e-04 -3.01154241576389e-03 
1.45000000000000e+00 9.20249084758621e-05 -5.01581498531034e-04 
1.46000000000000e+00 -6.26784755239726e-05 2.13432078349315e-04 
1.47000000000000e+00 -2.08543020551020e-05 7.91779141292517e-05 
1.48000000000000e+00 1.58966086689189e-05 -6.20005218493243e-05 
1.49000000000000e+00 1.87182991161074e-06 -7.38351032348993e-06 
1.50000000000000e+00 -2.97132565266667e-06 1.14120967960000e-05 
1.51000000000000e+00 2.41164241900662e-08 -4.58262657072848e-08 
1.52000000000000e+00 0.00000000000000e+00 0.00000000000000e+00 
1.53000000000000e+00 0.00000000000000e+00 0.00000000000000e+00 
1.54000000000000e+00 0.00000000000000e+00 0.00000000000000e+00 
1.55000000000000e+00 0.00000000000000e+00 0.00000000000000e+00 
1.56000000000000e+00 0.00000000000000e+00 0.00000000000000e+00 
1.57000000000000e+00 0.00000000000000e+00 0.00000000000000e+00 
1.58000000000000e+00 0.00000000000000e+00 0.00000000000000e+00 
1.59000000000000e+00 0.00000000000000e+00 0.00000000000000e+00 
1.60000000000000e+00 0.00000000000000e+00 0.00000000000000e+00 
1.61000000000000e+00 0.00000000000000e+00 0.00000000000000e+00 
1.62000000000000e+00 0.00000000000000e+00 0.00000000000000e+00 
1.63000000000000e+00 0.00000000000000e+00 0.00000000000000e+00 
1.64000000000000e+00 0.00000000000000e+00 0.00000000000000e+00 
1.65000000000000e+00 0.00000000000000e+00 0.00000000000000e+00 
1.66000000000000e+00 0.00000000000000e+00 0.00000000000000e+00 
1.67000000000000e+00 0.00000000000000e+00 0.00000000000000e+00 
1.68000000000000e+00 0.00000000000000e+00 0.00000000000000e+00 
1.69000000000000e+00 0.00000000000000e+00 0.00000000000000e+00 
1.70000000000000e+00 0.00000000000000e+00 0.00000000000000e+00 
1.71000000000000e+00 0.00000000000000e+00 0.00000000000000e+00 
1.72000000000000e+00 0.00000000000000e+00 0.00000000000000e+00 
1.73000000000000e+00 0.00000000000000e+00 0.00000000000000e+00 
1.74000000000000e+00 0.00000000000000e+00 0.00000000000000e+00 
1.75000000000000e+00 0.00000000000000e+00 0.00000000000000e+00 
1.76000000000000e+00 0.00000000000000e+00 0.00000000000000e+00 
1.77000000000000e+00 0.00000000000000e+00 0.00000000000000e+00 
1.78000000000000e+00 0.00000000000000e+00 0.00000000000000e+00 
1.79000000000000e+00 0.00000000000000e+00 0.00000000000000e+00 
1.80000000000000e+00 0.00000000000000e+00 0.00000000000000e+00 
1.81000000000000e+00 0.00000000000000e+00 0.00000000000000e+00 
1.82000000000000e+00 0.00000000000000e+00 0.00000000000000e+00 
1.83000000000000e+00 0.00000000000000e+00 0.00000000000000e+00 
1.84000000000000e+00 0.00000000000000e+00 0.00000000000000e+00 
1.85000000000000e+00 0.00000000000000e+00 0.00000000000000e+00 
1.86000000000000e+00 0.00000000000000e+00 0.00000000000000e+00 
1.87000000000000e+00 0.00000000000000e+00 0.00000000000000e+00 
1.88000000000000e+00 0.00000000000000e+00 0.00000000000000e+00 
1.89000000000000e+00 0.00000000000000e+00 0.00000000000000e+00 
1.90000000000000e+00 0.00000000000000e+00 0.00000000000000e+00 
1.91000000000000e+00 0.00000000000000e+00 0.00000000000000e+00 
1.92000000000000e+00 0.00000000000000e+00 0.00000000000000e+00 
1.93000000000000e+00 0.00000000000000e+00 0.00000000000000e+00 
1.94000000000000e+00 0.00000000000000e+00 0.00000000000000e+00 
1.95000000000000e+00 0.00000000000000e+00 0.00000000000000e+00 
1.96000000000000e+00 0.00000000000000e+00 0.00000000000000e+00 
1.97000000000000e+00 0.00000000000000e+00 0.00000000000000e+00 
1.98000000000000e+00 0.00000000000000e+00 0.00000000000000e+00 
1.99000000000000e+00 0.00000000000000e+00 0.00000000000000e+00 
2.00000000000000e+00 0.00000000000000e+00 0.00000000000000e+00 
2.01000000000000e+00 0.00000000000000e+00 0.00000000000000e+00 
2.02000000000000e+00 0.00000000000000e+00 0.00000000000000e+00 
2.03000000000000e+00 0.00000000000000e+00 0.00000000000000e+00 
2.04000000000000e+00 0.00000000000000e+00 0.00000000000000e+00 
2.05000000000000e+00 0.00000000000000e+00 0.00000000000000e+00 
2.06000000000000e+00 0.00000000000000e+00 0.00000000000000e+00 
2.07000000000000e+00 0.00000000000000e+00 0.00000000000000e+00 
2.08000000000000e+00 0.00000000000000e+00 0.00000000000000e+00 
2.09000000000000e+00 0.00000000000000e+00 0.00000000000000e+00 
2.10000000000000e+00 0.00000000000000e+00 0.00000000000000e+00 
2.11000000000000e+00 0.00000000000000e+00 0.00000000000000e+00 
2.12000000000000e+00 0.00000000000000e+00 0.00000000000000e+00 
2.13000000000000e+00 0.00000000000000e+00 0.00000000000000e+00 
2.14000000000000e+00 0.00000000000000e+00 0.00000000000000e+00 
2.15000000000000e+00 0.00000000000000e+00 0.00000000000000e+00 
2.16000000000000e+00 0.00000000000000e+00 0.00000000000000e+00 
2.17000000000000e+00 0.00000000000000e+00 0.00000000000000e+00 
2.18000000000000e+00 0.00000000000000e+00 0.00000000000000e+00 
2.19000000000000e+00 0.00000000000000e+00 0.00000000000000e+00 
2.20000000000000e+00 0.00000000000000e+00 0.00000000000000e+00 
2.21000000000000e+00 0.00000000000000e+00 0.00000000000000e+00 
2.22000000000000e+00 0.00000000000000e+00 0.00000000000000e+00 
2.23000000000000e+00 0.00000000000000e+00 0.00000000000000e+00 
2.24000000000000e+00 0.00000000000000e+00 0.00000000000000e+00 
2.25000000000000e+00 0.00000000000000e+00 0.00000000000000e+00 
2.26000000000000e+00 0.00000000000000e+00 0.00000000000000e+00 
2.27000000000000e+00 0.00000000000000e+00 0.00000000000000e+00 
2.28000000000000e+00 0.00000000000000e+00 0.00000000000000e+00 
2.29000000000000e+00 0.00000000000000e+00 0.00000000000000e+00 
2.30000000000000e+00 0.00000000000000e+00 0.00000000000000e+00 
2.31000000000000e+00 0.00000000000000e+00 0.00000000000000e+00 
2.32000000000000e+00 0.00000000000000e+00 0.00000000000000e+00 
2.33000000000000e+00 0.00000000000000e+00 0.00000000000000e+00 
2.34000000000000e+00 0.00000000000000e+00 0.00000000000000e+00 
2.35000000000000e+00 0.00000000000000e+00 0.00000000000000e+00 
2.36000000000000e+00 0.00000000000000e+00 0.00000000000000e+00 
2.37000000000000e+00 0.00000000000000e+00 0.00000000000000e+00 
2.38000000000000e+00 0.00000000000000e+00 0.00000000000000e+00 
2.39000000000000e+00 0.00000000000000e+00 0.00000000000000e+00 
2.40000000000000e+00 0.00000000000000e+00 0.00000000000000e+00 
2.41000000000000e+00 0.00000000000000e+00 0.00000000000000e+00 
2.42000000000000e+00 0.00000000000000e+00 0.00000000000000e+00 
2.43000000000000e+00 0.00000000000000e+00 0.00000000000000e+00 
2.44000000000000e+00 0.00000000000000e+00 0.00000000000000e+00 
2.45000000000000e+00 0.00000000000000e+00 0.00000000000000e+00 
2.46000000000000e+00 0.00000000000000e+00 0.00000000000000e+00 
2.47000000000000e+00 0.00000000000000e+00 0.00000000000000e+00 
2.48000000000000e+00 0.00000000000000e+00 0.00000000000000e+00 
2.49000000000000e+00 0.00000000000000e+00 0.00000000000000e+00 
2.50000000000000e+00 0.00000000000000e+00 0.00000000000000e+00 
2.51000000000000e+00 0.00000000000000e+00 0.00000000000000e+00 
2.52000000000000e+00 0.00000000000000e+00 0.00000000000000e+00 
2.53000000000000e+00 0.00000000000000e+00 0.00000000000000e+00 
2.54000000000000e+00 0.00000000000000e+00 0.00000000000000e+00 
2.55000000000000e+00 0.00000000000000e+00 0.00000000000000e+00 
2.56000000000000e+00 0.00000000000000e+00 0.00000000000000e+00 
2.57000000000000e+00 0.00000000000000e+00 0.00000000000000e+00 
2.58000000000000e+00 0.00000000000000e+00 0.00000000000000e+00 
2.59000000000000e+00 0.00000000000000e+00 0.00000000000000e+00 
2.60000000000000e+00 0.00000000000000e+00 0.00000000000000e+00 
2.61000000000000e+00 0.00000000000000e+00 0.00000000000000e+00 
2.62000000000000e+00 0.00000000000000e+00 0.00000000000000e+00 
2.63000000000000e+00 0.00000000000000e+00 0.00000000000000e+00 
2.64000000000000e+00 0.00000000000000e+00 0.00000000000000e+00 
2.65000000000000e+00 0.00000000000000e+00 0.00000000000000e+00 
2.66000000000000e+00 0.00000000000000e+00 0.00000000000000e+00 
2.67000000000000e+00 0.00000000000000e+00 0.00000000000000e+00 
2.68000000000000e+00 0.00000000000000e+00 0.00000000000000e+00 
2.69000000000000e+00 0.00000000000000e+00 0.00000000000000e+00 
2.70000000000000e+00 0.00000000000000e+00 0.00000000000000e+00 
2.71000000000000e+00 0.00000000000000e+00 0.00000000000000e+00 
2.72000000000000e+00 0.00000000000000e+00 0.00000000000000e+00 
2.73000000000000e+00 0.00000000000000e+00 0.00000000000000e+00 
2.74000000000000e+00 0.00000000000000e+00 0.00000000000000e+00 
2.75000000000000e+00 0.00000000000000e+00 0.00000000000000e+00 
2.76000000000000e+00 0.00000000000000e+00 0.00000000000000e+00 
2.77000000000000e+00 0.00000000000000e+00 0.00000000000000e+00 
2.78000000000000e+00 0.00000000000000e+00 0.00000000000000e+00 
2.79000000000000e+00 0.00000000000000e+00 0.00000000000000e+00 
2.80000000000000e+00 0.00000000000000e+00 0.00000000000000e+00 
2.81000000000000e+00 0.00000000000000e+00 0.00000000000000e+00 
2.82000000000000e+00 0.00000000000000e+00 0.00000000000000e+00 
2.83000000000000e+00 0.00000000000000e+00 0.00000000000000e+00 
2.84000000000000e+00 0.00000000000000e+00 0.00000000000000e+00 
2.85000000000000e+00 0.00000000000000e+00 0.00000000000000e+00 
2.86000000000000e+00 0.00000000000000e+00 0.00000000000000e+00 
2.87000000000000e+00 0.00000000000000e+00 0.00000000000000e+00 
2.88000000000000e+00 0.00000000000000e+00 0.00000000000000e+00 
2.89000000000000e+00 0.00000000000000e+00 0.00000000000000e+00 
2.90000000000000e+00 0.00000000000000e+00 0.00000000000000e+00 
2.91000000000000e+00 0.00000000000000e+00 0.00000000000000e+00 
2.92000000000000e+00 0.00000000000000e+00 0.00000000000000e+00 
2.93000000000000e+00 0.00000000000000e+00 0.00000000000000e+00 
2.94000000000000e+00 0.00000000000000e+00 0.00000000000000e+00 
2.95000000000000e+00 0.00000000000000e+00 0.00000000000000e+00 
2.96000000000000e+00 0.00000000000000e+00 0.00000000000000e+00 
2.97000000000000e+00 0.00000000000000e+00 0.00000000000000e+00 
2.98000000000000e+00 0.00000000000000e+00 0.00000000000000e+00 
2.99000000000000e+00 0.00000000000000e+00 0.00000000000000e+00 
3.00000000000000e+00 0.00000000000000e+00 0.00000000000000e+00 
3.01000000000000e+00 0.00000000000000e+00 0.00000000000000e+00 
3.02000000000000e+00 0.00000000000000e+00 0.00000000000000e+00 
3.03000000000000e+00 0.00000000000000e+00 0.00000000000000e+00 
3.04000000000000e+00 0.00000000000000e+00 0.00000000000000e+00 
3.05000000000000e+00 0.00000000000000e+00 0.00000000000000e+00 
3.06000000000000e+00 0.00000000000000e+00 0.00000000000000e+00 
3.07000000000000e+00 0.00000000000000e+00 0.00000000000000e+00 
3.08000000000000e+00 0.00000000000000e+00 0.00000000000000e+00 
3.09000000000000e+00 0.00000000000000e+00 0.00000000000000e+00 
3.10000000000000e+00 0.00000000000000e+00 0.00000000000000e+00 
3.11000000000000e+00 0.00000000000000e+00 0.00000000000000e+00 
3.12000000000000e+00 0.00000000000000e+00 0.00000000000000e+00 
3.13000000000000e+00 0.00000000000000e+00 0.00000000000000e+00 
3.14000000000000e+00 0.00000000000000e+00 0.00000000000000e+00 
3.15000000000000e+00 0.00000000000000e+00 0.00000000000000e+00 
3.16000000000000e+00 0.00000000000000e+00 0.00000000000000e+00 
3.17000000000000e+00 0.00000000000000e+00 0.00000000000000e+00 
3.18000000000000e+00 0.00000000000000e+00 0.00000000000000e+00 
3.19000000000000e+00 0.00000000000000e+00 0.00000000000000e+00 
3.20000000000000e+00 0.00000000000000e+00 0.00000000000000e+00 
3.21000000000000e+00 0.00000000000000e+00 0.00000000000000e+00 
3.22000000000000e+00 0.00000000000000e+00 0.00000000000000e+00 
3.23000000000000e+00 0.00000000000000e+00 0.00000000000000e+00 
3.24000000000000e+00 0.00000000000000e+00 0.00000000000000e+00 
3.25000000000000e+00 0.00000000000000e+00 0.00000000000000e+00 
3.26000000000000e+00 0.00000000000000e+00 0.00000000000000e+00 
3.27000000000000e+00 0.00000000000000e+00 0.00000000000000e+00 
3.28000000000000e+00 0.00000000000000e+00 0.00000000000000e+00 
3.29000000000000e+00 0.00000000000000e+00 0.00000000000000e+00 
3.30000000000000e+00 0.00000000000000e+00 0.00000000000000e+00 
3.31000000000000e+00 0.00000000000000e+00 0.00000000000000e+00 
3.32000000000000e+00 0.00000000000000e+00 0.00000000000000e+00 
3.33000000000000e+00 0.00000000000000e+00 0.00000000000000e+00 
3.34000000000000e+00 0.00000000000000e+00 0.00000000000000e+00 
3.35000000000000e+00 0.00000000000000e+00 0.00000000000000e+00 
3.36000000000000e+00 0.00000000000000e+00 0.00000000000000e+00 
3.37000000000000e+00 0.00000000000000e+00 0.00000000000000e+00 
3.38000000000000e+00 0.00000000000000e+00 0.00000000000000e+00 
3.39000000000000e+00 0.00000000000000e+00 0.00000000000000e+00 
3.40000000000000e+00 0.00000000000000e+00 0.00000000000000e+00 
3.41000000000000e+00 0.00000000000000e+00 0.00000000000000e+00 
3.42000000000000e+00 0.00000000000000e+00 0.00000000000000e+00 
3.43000000000000e+00 0.00000000000000e+00 0.00000000000000e+00 
3.44000000000000e+00 0.00000000000000e+00 0.00000000000000e+00 
3.45000000000000e+00 0.00000000000000e+00 0.00000000000000e+00 
3.46000000000000e+00 0.00000000000000e+00 0.00000000000000e+00 
3.47000000000000e+00 0.00000000000000e+00 0.00000000000000e+00 
3.48000000000000e+00 0.00000000000000e+00 0.00000000000000e+00 
3.49000000000000e+00 0.00000000000000e+00 0.00000000000000e+00 
3.50000000000000e+00 0.00000000000000e+00 0.00000000000000e+00 
3.51000000000000e+00 0.00000000000000e+00 0.00000000000000e+00 
3.52000000000000e+00 0.00000000000000e+00 0.00000000000000e+00 
3.53000000000000e+00 0.00000000000000e+00 0.00000000000000e+00 
3.54000000000000e+00 0.00000000000000e+00 0.00000000000000e+00 
3.55000000000000e+00 0.00000000000000e+00 0.00000000000000e+00 
3.56000000000000e+00 0.00000000000000e+00 0.00000000000000e+00 
3.57000000000000e+00 0.00000000000000e+00 0.00000000000000e+00 
3.58000000000000e+00 0.00000000000000e+00 0.00000000000000e+00 
3.59000000000000e+00 0.00000000000000e+00 0.00000000000000e+00 
3.60000000000000e+00 0.00000000000000e+00 0.00000000000000e+00 
3.61000000000000e+00 0.00000000000000e+00 0.00000000000000e+00 
3.62000000000000e+00 0.00000000000000e+00 0.00000000000000e+00 
3.63000000000000e+00 0.00000000000000e+00 0.00000000000000e+00 
3.64000000000000e+00 0.00000000000000e+00 0.00000000000000e+00 
3.65000000000000e+00 0.00000000000000e+00 0.00000000000000e+00 
3.66000000000000e+00 0.00000000000000e+00 0.00000000000000e+00 
3.67000000000000e+00 0.00000000000000e+00 0.00000000000000e+00 
3.68000000000000e+00 0.00000000000000e+00 0.00000000000000e+00 
3.69000000000000e+00 0.00000000000000e+00 0.00000000000000e+00 
3.70000000000000e+00 0.00000000000000e+00 0.00000000000000e+00 
3.71000000000000e+00 0.00000000000000e+00 0.00000000000000e+00 
3.72000000000000e+00 0.00000000000000e+00 0.00000000000000e+00 
3.73000000000000e+00 0.00000000000000e+00 0.00000000000000e+00 
3.74000000000000e+00 0.00000000000000e+00 0.00000000000000e+00 
3.75000000000000e+00 0.00000000000000e+00 0.00000000000000e+00 
3.76000000000000e+00 0.00000000000000e+00 0.00000000000000e+00 
3.77000000000000e+00 0.00000000000000e+00 0.00000000000000e+00 
3.78000000000000e+00 0.00000000000000e+00 0.00000000000000e+00 
3.79000000000000e+00 0.00000000000000e+00 0.00000000000000e+00 
3.80000000000000e+00 0.00000000000000e+00 0.00000000000000e+00 
3.81000000000000e+00 0.00000000000000e+00 0.00000000000000e+00 
3.82000000000000e+00 0.00000000000000e+00 0.00000000000000e+00 
3.83000000000000e+00 0.00000000000000e+00 0.00000000000000e+00 
3.84000000000000e+00 0.00000000000000e+00 0.00000000000000e+00 
3.85000000000000e+00 0.00000000000000e+00 0.00000000000000e+00 
3.86000000000000e+00 0.00000000000000e+00 0.00000000000000e+00 
3.87000000000000e+00 0.00000000000000e+00 0.00000000000000e+00 
3.88000000000000e+00 0.00000000000000e+00 0.00000000000000e+00 
3.89000000000000e+00 0.00000000000000e+00 0.00000000000000e+00 
3.90000000000000e+00 0.00000000000000e+00 0.00000000000000e+00 
3.91000000000000e+00 0.00000000000000e+00 0.00000000000000e+00 
3.92000000000000e+00 0.00000000000000e+00 0.00000000000000e+00 
3.93000000000000e+00 0.00000000000000e+00 0.00000000000000e+00 
3.94000000000000e+00 0.00000000000000e+00 0.00000000000000e+00 
3.95000000000000e+00 0.00000000000000e+00 0.00000000000000e+00 
3.96000000000000e+00 0.00000000000000e+00 0.00000000000000e+00 
3.97000000000000e+00 0.00000000000000e+00 0.00000000000000e+00 
3.98000000000000e+00 0.00000000000000e+00 0.00000000000000e+00 
3.99000000000000e+00 0.00000000000000e+00 0.00000000000000e+00 
4.00000000000000e+00 0.00000000000000e+00 0.00000000000000e+00 
4.01000000000000e+00 0.00000000000000e+00 0.00000000000000e+00 
4.02000000000000e+00 0.00000000000000e+00 0.00000000000000e+00 
4.03000000000000e+00 0.00000000000000e+00 0.00000000000000e+00 
4.04000000000000e+00 0.00000000000000e+00 0.00000000000000e+00 
4.05000000000000e+00 0.00000000000000e+00 0.00000000000000e+00 
4.06000000000000e+00 0.00000000000000e+00 0.00000000000000e+00 
4.07000000000000e+00 0.00000000000000e+00 0.00000000000000e+00 
4.08000000000000e+00 0.00000000000000e+00 0.00000000000000e+00 
4.09000000000000e+00 0.00000000000000e+00 0.00000000000000e+00 
4.10000000000000e+00 0.00000000000000e+00 0.00000000000000e+00 
4.11000000000000e+00 0.00000000000000e+00 0.00000000000000e+00 
4.12000000000000e+00 0.00000000000000e+00 0.00000000000000e+00 
4.13000000000000e+00 0.00000000000000e+00 0.00000000000000e+00 
4.14000000000000e+00 0.00000000000000e+00 0.00000000000000e+00 
4.15000000000000e+00 0.00000000000000e+00 0.00000000000000e+00 
4.16000000000000e+00 0.00000000000000e+00 0.00000000000000e+00 
4.17000000000000e+00 0.00000000000000e+00 0.00000000000000e+00 
4.18000000000000e+00 0.00000000000000e+00 0.00000000000000e+00 
4.19000000000000e+00 0.00000000000000e+00 0.00000000000000e+00 
4.20000000000000e+00 0.00000000000000e+00 0.00000000000000e+00 
4.21000000000000e+00 0.00000000000000e+00 0.00000000000000e+00 
4.22000000000000e+00 0.00000000000000e+00 0.00000000000000e+00 
4.23000000000000e+00 0.00000000000000e+00 0.00000000000000e+00 
4.24000000000000e+00 0.00000000000000e+00 0.00000000000000e+00 
4.25000000000000e+00 0.00000000000000e+00 0.00000000000000e+00 
4.26000000000000e+00 0.00000000000000e+00 0.00000000000000e+00 
4.27000000000000e+00 0.00000000000000e+00 0.00000000000000e+00 
4.28000000000000e+00 0.00000000000000e+00 0.00000000000000e+00 
4.29000000000000e+00 0.00000000000000e+00 0.00000000000000e+00 
4.30000000000000e+00 0.00000000000000e+00 0.00000000000000e+00 
4.31000000000000e+00 0.00000000000000e+00 0.00000000000000e+00 
4.32000000000000e+00 0.00000000000000e+00 0.00000000000000e+00 
4.33000000000000e+00 0.00000000000000e+00 0.00000000000000e+00 
4.34000000000000e+00 0.00000000000000e+00 0.00000000000000e+00 
4.35000000000000e+00 0.00000000000000e+00 0.00000000000000e+00 
4.36000000000000e+00 0.00000000000000e+00 0.00000000000000e+00 
4.37000000000000e+00 0.00000000000000e+00 0.00000000000000e+00 
4.38000000000000e+00 0.00000000000000e+00 0.00000000000000e+00 
4.39000000000000e+00 0.00000000000000e+00 0.00000000000000e+00 
4.40000000000000e+00 0.00000000000000e+00 0.00000000000000e+00 
4.41000000000000e+00 0.00000000000000e+00 0.00000000000000e+00 
4.42000000000000e+00 0.00000000000000e+00 0.00000000000000e+00 
4.43000000000000e+00 0.00000000000000e+00 0.00000000000000e+00 
4.44000000000000e+00 0.00000000000000e+00 0.00000000000000e+00 
4.45000000000000e+00 0.00000000000000e+00 0.00000000000000e+00 
4.46000000000000e+00 0.00000000000000e+00 0.00000000000000e+00 
4.47000000000000e+00 0.00000000000000e+00 0.00000000000000e+00 
4.48000000000000e+00 0.00000000000000e+00 0.00000000000000e+00 
4.49000000000000e+00 0.00000000000000e+00 0.00000000000000e+00 
4.50000000000000e+00 0.00000000000000e+00 0.00000000000000e+00 
4.51000000000000e+00 0.00000000000000e+00 0.00000000000000e+00 
4.52000000000000e+00 0.00000000000000e+00 0.00000000000000e+00 
4.53000000000000e+00 0.00000000000000e+00 0.00000000000000e+00 
4.54000000000000e+00 0.00000000000000e+00 0.00000000000000e+00 
4.55000000000000e+00 0.00000000000000e+00 0.00000000000000e+00 
4.56000000000000e+00 0.00000000000000e+00 0.00000000000000e+00 
4.57000000000000e+00 0.00000000000000e+00 0.00000000000000e+00 
4.58000000000000e+00 0.00000000000000e+00 0.00000000000000e+00 
4.59000000000000e+00 0.00000000000000e+00 0.00000000000000e+00 
4.60000000000000e+00 0.00000000000000e+00 0.00000000000000e+00 
4.61000000000000e+00 0.00000000000000e+00 0.00000000000000e+00 
4.62000000000000e+00 0.00000000000000e+00 0.00000000000000e+00 
4.63000000000000e+00 0.00000000000000e+00 0.00000000000000e+00 
4.64000000000000e+00 0.00000000000000e+00 0.00000000000000e+00 
4.65000000000000e+00 0.00000000000000e+00 0.00000000000000e+00 
4.66000000000000e+00 0.00000000000000e+00 0.00000000000000e+00 
4.67000000000000e+00 0.00000000000000e+00 0.00000000000000e+00 
4.68000000000000e+00 0.00000000000000e+00 0.00000000000000e+00 
4.69000000000000e+00 0.00000000000000e+00 0.00000000000000e+00 
4.70000000000000e+00 0.00000000000000e+00 0.00000000000000e+00 
4.71000000000000e+00 0.00000000000000e+00 0.00000000000000e+00 
4.72000000000000e+00 0.00000000000000e+00 0.00000000000000e+00 
4.73000000000000e+00 0.00000000000000e+00 0.00000000000000e+00 
4.74000000000000e+00 0.00000000000000e+00 0.00000000000000e+00 
4.75000000000000e+00 0.00000000000000e+00 0.00000000000000e+00 
4.76000000000000e+00 0.00000000000000e+00 0.00000000000000e+00 
4.77000000000000e+00 0.00000000000000e+00 0.00000000000000e+00 
4.78000000000000e+00 0.00000000000000e+00 0.00000000000000e+00 
4.79000000000000e+00 0.00000000000000e+00 0.00000000000000e+00 
4.80000000000000e+00 0.00000000000000e+00 0.00000000000000e+00 
4.81000000000000e+00 0.00000000000000e+00 0.00000000000000e+00 
4.82000000000000e+00 0.00000000000000e+00 0.00000000000000e+00 
4.83000000000000e+00 0.00000000000000e+00 0.00000000000000e+00 
4.84000000000000e+00 0.00000000000000e+00 0.00000000000000e+00 
4.85000000000000e+00 0.00000000000000e+00 0.00000000000000e+00 
4.86000000000000e+00 0.00000000000000e+00 0.00000000000000e+00 
4.87000000000000e+00 0.00000000000000e+00 0.00000000000000e+00 
4.88000000000000e+00 0.00000000000000e+00 0.00000000000000e+00 
4.89000000000000e+00 0.00000000000000e+00 0.00000000000000e+00 
4.90000000000000e+00 0.00000000000000e+00 0.00000000000000e+00 
4.91000000000000e+00 0.00000000000000e+00 0.00000000000000e+00 
4.92000000000000e+00 0.00000000000000e+00 0.00000000000000e+00 
4.93000000000000e+00 0.00000000000000e+00 0.00000000000000e+00 
4.94000000000000e+00 0.00000000000000e+00 0.00000000000000e+00 
4.95000000000000e+00 0.00000000000000e+00 0.00000000000000e+00 
4.96000000000000e+00 0.00000000000000e+00 0.00000000000000e+00 
4.97000000000000e+00 0.00000000000000e+00 0.00000000000000e+00 
4.98000000000000e+00 0.00000000000000e+00 0.00000000000000e+00 
4.99000000000000e+00 0.00000000000000e+00 0.00000000000000e+00 
5.00000000000000e+00 0.00000000000000e+00 0.00000000000000e+00 
5.01000000000000e+00 0.00000000000000e+00 0.00000000000000e+00 
5.02000000000000e+00 0.00000000000000e+00 0.00000000000000e+00 
5.03000000000000e+00 0.00000000000000e+00 0.00000000000000e+00 
5.04000000000000e+00 0.00000000000000e+00 0.00000000000000e+00 
5.05000000000000e+00 0.00000000000000e+00 0.00000000000000e+00 
5.06000000000000e+00 0.00000000000000e+00 0.00000000000000e+00 
5.07000000000000e+00 0.00000000000000e+00 0.00000000000000e+00 
5.08000000000000e+00 0.00000000000000e+00 0.00000000000000e+00 
5.09000000000000e+00 0.00000000000000e+00 0.00000000000000e+00 
5.10000000000000e+00 0.00000000000000e+00 0.00000000000000e+00 
5.11000000000000e+00 0.00000000000000e+00 0.00000000000000e+00 
5.12000000000000e+00 0.00000000000000e+00 0.00000000000000e+00 
5.13000000000000e+00 0.00000000000000e+00 0.00000000000000e+00 
5.14000000000000e+00 0.00000000000000e+00 0.00000000000000e+00 
5.15000000000000e+00 0.00000000000000e+00 0.00000000000000e+00 
5.16000000000000e+00 0.00000000000000e+00 0.00000000000000e+00 
5.17000000000000e+00 0.00000000000000e+00 0.00000000000000e+00 
5.18000000000000e+00 0.00000000000000e+00 0.00000000000000e+00 
5.19000000000000e+00 0.00000000000000e+00 0.00000000000000e+00 
5.20000000000000e+00 0.00000000000000e+00 0.00000000000000e+00 
5.21000000000000e+00 0.00000000000000e+00 0.00000000000000e+00 
5.22000000000000e+00 0.00000000000000e+00 0.00000000000000e+00 
5.23000000000000e+00 0.00000000000000e+00 0.00000000000000e+00 
5.24000000000000e+00 0.00000000000000e+00 0.00000000000000e+00 
5.25000000000000e+00 0.00000000000000e+00 0.00000000000000e+00 
5.26000000000000e+00 0.00000000000000e+00 0.00000000000000e+00 
5.27000000000000e+00 0.00000000000000e+00 0.00000000000000e+00 
5.28000000000000e+00 0.00000000000000e+00 0.00000000000000e+00 
5.29000000000000e+00 0.00000000000000e+00 0.00000000000000e+00 
5.30000000000000e+00 0.00000000000000e+00 0.00000000000000e+00 
5.31000000000000e+00 0.00000000000000e+00 0.00000000000000e+00 
5.32000000000000e+00 0.00000000000000e+00 0.00000000000000e+00 
5.33000000000000e+00 0.00000000000000e+00 0.00000000000000e+00 
5.34000000000000e+00 0.00000000000000e+00 0.00000000000000e+00 
5.35000000000000e+00 0.00000000000000e+00 0.00000000000000e+00 
5.36000000000000e+00 0.00000000000000e+00 0.00000000000000e+00 
5.37000000000000e+00 0.00000000000000e+00 0.00000000000000e+00 
5.38000000000000e+00 0.00000000000000e+00 0.00000000000000e+00 
5.39000000000000e+00 0.00000000000000e+00 0.00000000000000e+00 
5.40000000000000e+00 0.00000000000000e+00 0.00000000000000e+00 
5.41000000000000e+00 0.00000000000000e+00 0.00000000000000e+00 
5.42000000000000e+00 0.00000000000000e+00 0.00000000000000e+00 
5.43000000000000e+00 0.00000000000000e+00 0.00000000000000e+00 
5.44000000000000e+00 0.00000000000000e+00 0.00000000000000e+00 
5.45000000000000e+00 0.00000000000000e+00 0.00000000000000e+00 
5.46000000000000e+00 0.00000000000000e+00 0.00000000000000e+00 
5.47000000000000e+00 0.00000000000000e+00 0.00000000000000e+00 
5.48000000000000e+00 0.00000000000000e+00 0.00000000000000e+00 
5.49000000000000e+00 0.00000000000000e+00 0.00000000000000e+00 
5.50000000000000e+00 0.00000000000000e+00 0.00000000000000e+00 
5.51000000000000e+00 0.00000000000000e+00 0.00000000000000e+00 
5.52000000000000e+00 0.00000000000000e+00 0.00000000000000e+00 
5.53000000000000e+00 0.00000000000000e+00 0.00000000000000e+00 
5.54000000000000e+00 0.00000000000000e+00 0.00000000000000e+00 
5.55000000000000e+00 0.00000000000000e+00 0.00000000000000e+00 
5.56000000000000e+00 0.00000000000000e+00 0.00000000000000e+00 
5.57000000000000e+00 0.00000000000000e+00 0.00000000000000e+00 
5.58000000000000e+00 0.00000000000000e+00 0.00000000000000e+00 
5.59000000000000e+00 0.00000000000000e+00 0.00000000000000e+00 
5.60000000000000e+00 0.00000000000000e+00 0.00000000000000e+00 
5.61000000000000e+00 0.00000000000000e+00 0.00000000000000e+00 
5.62000000000000e+00 0.00000000000000e+00 0.00000000000000e+00 
5.63000000000000e+00 0.00000000000000e+00 0.00000000000000e+00 
5.64000000000000e+00 0.00000000000000e+00 0.00000000000000e+00 
5.65000000000000e+00 0.00000000000000e+00 0.00000000000000e+00 
5.66000000000000e+00 0.00000000000000e+00 0.00000000000000e+00 
5.67000000000000e+00 0.00000000000000e+00 0.00000000000000e+00 
5.68000000000000e+00 0.00000000000000e+00 0.00000000000000e+00 
5.69000000000000e+00 0.00000000000000e+00 0.00000000000000e+00 
5.70000000000000e+00 0.00000000000000e+00 0.00000000000000e+00 
5.71000000000000e+00 0.00000000000000e+00 0.00000000000000e+00 
5.72000000000000e+00 0.00000000000000e+00 0.00000000000000e+00 
5.73000000000000e+00 0.00000000000000e+00 0.00000000000000e+00 
5.74000000000000e+00 0.00000000000000e+00 0.00000000000000e+00 
5.75000000000000e+00 0.00000000000000e+00 0.00000000000000e+00 
5.76000000000000e+00 0.00000000000000e+00 0.00000000000000e+00 
5.77000000000000e+00 0.00000000000000e+00 0.00000000000000e+00 
5.78000000000000e+00 0.00000000000000e+00 0.00000000000000e+00 
5.79000000000000e+00 0.00000000000000e+00 0.00000000000000e+00 
5.80000000000000e+00 0.00000000000000e+00 0.00000000000000e+00 
5.81000000000000e+00 0.00000000000000e+00 0.00000000000000e+00 
5.82000000000000e+00 0.00000000000000e+00 0.00000000000000e+00 
5.83000000000000e+00 0.00000000000000e+00 0.00000000000000e+00 
5.84000000000000e+00 0.00000000000000e+00 0.00000000000000e+00 
5.85000000000000e+00 0.00000000000000e+00 0.00000000000000e+00 
5.86000000000000e+00 0.00000000000000e+00 0.00000000000000e+00 
5.87000000000000e+00 0.00000000000000e+00 0.00000000000000e+00 
5.88000000000000e+00 0.00000000000000e+00 0.00000000000000e+00 
5.89000000000000e+00 0.00000000000000e+00 0.00000000000000e+00 
5.90000000000000e+00 0.00000000000000e+00 0.00000000000000e+00 
5.91000000000000e+00 0.00000000000000e+00 0.00000000000000e+00 
5.92000000000000e+00 0.00000000000000e+00 0.00000000000000e+00 
5.93000000000000e+00 0.00000000000000e+00 0.00000000000000e+00 
5.94000000000000e+00 0.00000000000000e+00 0.00000000000000e+00 
5.95000000000000e+00 0.00000000000000e+00 0.00000000000000e+00 
5.96000000000000e+00 0.00000000000000e+00 0.00000000000000e+00 
5.97000000000000e+00 0.00000000000000e+00 0.00000000000000e+00 
5.98000000000000e+00 0.00000000000000e+00 0.00000000000000e+00 
5.99000000000000e+00 0.00000000000000e+00 0.00000000000000e+00 
6.00000000000000e+00 0.00000000000000e+00 0.00000000000000e+00 
6.01000000000000e+00 0.00000000000000e+00 0.00000000000000e+00 
6.02000000000000e+00 0.00000000000000e+00 0.00000000000000e+00 
6.03000000000000e+00 0.00000000000000e+00 0.00000000000000e+00 
6.04000000000000e+00 0.00000000000000e+00 0.00000000000000e+00 
6.05000000000000e+00 0.00000000000000e+00 0.00000000000000e+00 
6.06000000000000e+00 0.00000000000000e+00 0.00000000000000e+00 
6.07000000000000e+00 0.00000000000000e+00 0.00000000000000e+00 
6.08000000000000e+00 0.00000000000000e+00 0.00000000000000e+00 
6.09000000000000e+00 0.00000000000000e+00 0.00000000000000e+00 
6.10000000000000e+00 0.00000000000000e+00 0.00000000000000e+00 
6.11000000000000e+00 0.00000000000000e+00 0.00000000000000e+00 
6.12000000000000e+00 0.00000000000000e+00 0.00000000000000e+00 
6.13000000000000e+00 0.00000000000000e+00 0.00000000000000e+00 
6.14000000000000e+00 0.00000000000000e+00 0.00000000000000e+00 
6.15000000000000e+00 0.00000000000000e+00 0.00000000000000e+00 
6.16000000000000e+00 0.00000000000000e+00 0.00000000000000e+00 
6.17000000000000e+00 0.00000000000000e+00 0.00000000000000e+00 
6.18000000000000e+00 0.00000000000000e+00 0.00000000000000e+00 
6.19000000000000e+00 0.00000000000000e+00 0.00000000000000e+00 
6.20000000000000e+00 0.00000000000000e+00 0.00000000000000e+00 
6.21000000000000e+00 0.00000000000000e+00 0.00000000000000e+00 
6.22000000000000e+00 0.00000000000000e+00 0.00000000000000e+00 
6.23000000000000e+00 0.00000000000000e+00 0.00000000000000e+00 
6.24000000000000e+00 0.00000000000000e+00 0.00000000000000e+00 
6.25000000000000e+00 0.00000000000000e+00 0.00000000000000e+00 
6.26000000000000e+00 0.00000000000000e+00 0.00000000000000e+00 
6.27000000000000e+00 0.00000000000000e+00 0.00000000000000e+00 
6.28000000000000e+00 0.00000000000000e+00 0.00000000000000e+00 
6.29000000000000e+00 0.00000000000000e+00 0.00000000000000e+00 
6.30000000000000e+00 0.00000000000000e+00 0.00000000000000e+00 
6.31000000000000e+00 0.00000000000000e+00 0.00000000000000e+00 
6.32000000000000e+00 0.00000000000000e+00 0.00000000000000e+00 
6.33000000000000e+00 0.00000000000000e+00 0.00000000000000e+00 
6.34000000000000e+00 0.00000000000000e+00 0.00000000000000e+00 
6.35000000000000e+00 0.00000000000000e+00 0.00000000000000e+00 
6.36000000000000e+00 0.00000000000000e+00 0.00000000000000e+00 
6.37000000000000e+00 0.00000000000000e+00 0.00000000000000e+00 
6.38000000000000e+00 0.00000000000000e+00 0.00000000000000e+00 
6.39000000000000e+00 0.00000000000000e+00 0.00000000000000e+00 
6.40000000000000e+00 0.00000000000000e+00 0.00000000000000e+00 
6.41000000000000e+00 0.00000000000000e+00 0.00000000000000e+00 
6.42000000000000e+00 0.00000000000000e+00 0.00000000000000e+00 
6.43000000000000e+00 0.00000000000000e+00 0.00000000000000e+00 
6.44000000000000e+00 0.00000000000000e+00 0.00000000000000e+00 
6.45000000000000e+00 0.00000000000000e+00 0.00000000000000e+00 
6.46000000000000e+00 0.00000000000000e+00 0.00000000000000e+00 
6.47000000000000e+00 0.00000000000000e+00 0.00000000000000e+00 
6.48000000000000e+00 0.00000000000000e+00 0.00000000000000e+00 
6.49000000000000e+00 0.00000000000000e+00 0.00000000000000e+00 
6.50000000000000e+00 0.00000000000000e+00 0.00000000000000e+00 
6.51000000000000e+00 0.00000000000000e+00 0.00000000000000e+00 
6.52000000000000e+00 0.00000000000000e+00 0.00000000000000e+00 
6.53000000000000e+00 0.00000000000000e+00 0.00000000000000e+00 
6.54000000000000e+00 0.00000000000000e+00 0.00000000000000e+00 
6.55000000000000e+00 0.00000000000000e+00 0.00000000000000e+00 
6.56000000000000e+00 0.00000000000000e+00 0.00000000000000e+00 
6.57000000000000e+00 0.00000000000000e+00 0.00000000000000e+00 
6.58000000000000e+00 0.00000000000000e+00 0.00000000000000e+00 
6.59000000000000e+00 0.00000000000000e+00 0.00000000000000e+00 
6.60000000000000e+00 0.00000000000000e+00 0.00000000000000e+00 
6.61000000000000e+00 0.00000000000000e+00 0.00000000000000e+00 
6.62000000000000e+00 0.00000000000000e+00 0.00000000000000e+00 
6.63000000000000e+00 0.00000000000000e+00 0.00000000000000e+00 
6.64000000000000e+00 0.00000000000000e+00 0.00000000000000e+00 
6.65000000000000e+00 0.00000000000000e+00 0.00000000000000e+00 
6.66000000000000e+00 0.00000000000000e+00 0.00000000000000e+00 
6.67000000000000e+00 0.00000000000000e+00 0.00000000000000e+00 
6.68000000000000e+00 0.00000000000000e+00 0.00000000000000e+00 
6.69000000000000e+00 0.00000000000000e+00 0.00000000000000e+00 
6.70000000000000e+00 0.00000000000000e+00 0.00000000000000e+00 
6.71000000000000e+00 0.00000000000000e+00 0.00000000000000e+00 
6.72000000000000e+00 0.00000000000000e+00 0.00000000000000e+00 
6.73000000000000e+00 0.00000000000000e+00 0.00000000000000e+00 
6.74000000000000e+00 0.00000000000000e+00 0.00000000000000e+00 
6.75000000000000e+00 0.00000000000000e+00 0.00000000000000e+00 
6.76000000000000e+00 0.00000000000000e+00 0.00000000000000e+00 
6.77000000000000e+00 0.00000000000000e+00 0.00000000000000e+00 
6.78000000000000e+00 0.00000000000000e+00 0.00000000000000e+00 
6.79000000000000e+00 0.00000000000000e+00 0.00000000000000e+00 
6.80000000000000e+00 0.00000000000000e+00 0.00000000000000e+00 
6.81000000000000e+00 0.00000000000000e+00 0.00000000000000e+00 
6.82000000000000e+00 0.00000000000000e+00 0.00000000000000e+00 
6.83000000000000e+00 0.00000000000000e+00 0.00000000000000e+00 
6.84000000000000e+00 0.00000000000000e+00 0.00000000000000e+00 
6.85000000000000e+00 0.00000000000000e+00 0.00000000000000e+00 
6.86000000000000e+00 0.00000000000000e+00 0.00000000000000e+00 
6.87000000000000e+00 0.00000000000000e+00 0.00000000000000e+00 
6.88000000000000e+00 0.00000000000000e+00 0.00000000000000e+00 
6.89000000000000e+00 0.00000000000000e+00 0.00000000000000e+00 
6.90000000000000e+00 0.00000000000000e+00 0.00000000000000e+00 
6.91000000000000e+00 0.00000000000000e+00 0.00000000000000e+00 
6.92000000000000e+00 0.00000000000000e+00 0.00000000000000e+00 
6.93000000000000e+00 0.00000000000000e+00 0.00000000000000e+00 
6.94000000000000e+00 0.00000000000000e+00 0.00000000000000e+00 
6.95000000000000e+00 0.00000000000000e+00 0.00000000000000e+00 
6.96000000000000e+00 0.00000000000000e+00 0.00000000000000e+00 
6.97000000000000e+00 0.00000000000000e+00 0.00000000000000e+00 
6.98000000000000e+00 0.00000000000000e+00 0.00000000000000e+00 
6.99000000000000e+00 0.00000000000000e+00 0.00000000000000e+00 
7.00000000000000e+00 0.00000000000000e+00 0.00000000000000e+00 
7.01000000000000e+00 0.00000000000000e+00 0.00000000000000e+00 
7.02000000000000e+00 0.00000000000000e+00 0.00000000000000e+00 
7.03000000000000e+00 0.00000000000000e+00 0.00000000000000e+00 
7.04000000000000e+00 0.00000000000000e+00 0.00000000000000e+00 
7.05000000000000e+00 0.00000000000000e+00 0.00000000000000e+00 
7.06000000000000e+00 0.00000000000000e+00 0.00000000000000e+00 
7.07000000000000e+00 0.00000000000000e+00 0.00000000000000e+00 
7.08000000000000e+00 0.00000000000000e+00 0.00000000000000e+00 
7.09000000000000e+00 0.00000000000000e+00 0.00000000000000e+00 
7.10000000000000e+00 0.00000000000000e+00 0.00000000000000e+00 
7.11000000000000e+00 0.00000000000000e+00 0.00000000000000e+00 
7.12000000000000e+00 0.00000000000000e+00 0.00000000000000e+00 
7.13000000000000e+00 0.00000000000000e+00 0.00000000000000e+00 
7.14000000000000e+00 0.00000000000000e+00 0.00000000000000e+00 
7.15000000000000e+00 0.00000000000000e+00 0.00000000000000e+00 
7.16000000000000e+00 0.00000000000000e+00 0.00000000000000e+00 
7.17000000000000e+00 0.00000000000000e+00 0.00000000000000e+00 
7.18000000000000e+00 0.00000000000000e+00 0.00000000000000e+00 
7.19000000000000e+00 0.00000000000000e+00 0.00000000000000e+00 
7.20000000000000e+00 0.00000000000000e+00 0.00000000000000e+00 
7.21000000000000e+00 0.00000000000000e+00 0.00000000000000e+00 
7.22000000000000e+00 0.00000000000000e+00 0.00000000000000e+00 
7.23000000000000e+00 0.00000000000000e+00 0.00000000000000e+00 
7.24000000000000e+00 0.00000000000000e+00 0.00000000000000e+00 
7.25000000000000e+00 0.00000000000000e+00 0.00000000000000e+00 
7.26000000000000e+00 0.00000000000000e+00 0.00000000000000e+00 
7.27000000000000e+00 0.00000000000000e+00 0.00000000000000e+00 
7.28000000000000e+00 0.00000000000000e+00 0.00000000000000e+00 
7.29000000000000e+00 0.00000000000000e+00 0.00000000000000e+00 
7.30000000000000e+00 0.00000000000000e+00 0.00000000000000e+00 
7.31000000000000e+00 0.00000000000000e+00 0.00000000000000e+00 
7.32000000000000e+00 0.00000000000000e+00 0.00000000000000e+00 
7.33000000000000e+00 0.00000000000000e+00 0.00000000000000e+00 
7.34000000000000e+00 0.00000000000000e+00 0.00000000000000e+00 
7.35000000000000e+00 0.00000000000000e+00 0.00000000000000e+00 
7.36000000000000e+00 0.00000000000000e+00 0.00000000000000e+00 
7.37000000000000e+00 0.00000000000000e+00 0.00000000000000e+00 
7.38000000000000e+00 0.00000000000000e+00 0.00000000000000e+00 
7.39000000000000e+00 0.00000000000000e+00 0.00000000000000e+00 
7.40000000000000e+00 0.00000000000000e+00 0.00000000000000e+00 
7.41000000000000e+00 0.00000000000000e+00 0.00000000000000e+00 
7.42000000000000e+00 0.00000000000000e+00 0.00000000000000e+00 
7.43000000000000e+00 0.00000000000000e+00 0.00000000000000e+00 
7.44000000000000e+00 0.00000000000000e+00 0.00000000000000e+00 
7.45000000000000e+00 0.00000000000000e+00 0.00000000000000e+00 
7.46000000000000e+00 0.00000000000000e+00 0.00000000000000e+00 
7.47000000000000e+00 0.00000000000000e+00 0.00000000000000e+00 
7.48000000000000e+00 0.00000000000000e+00 0.00000000000000e+00 
7.49000000000000e+00 0.00000000000000e+00 0.00000000000000e+00 
7.50000000000000e+00 0.00000000000000e+00 0.00000000000000e+00 
7.51000000000000e+00 0.00000000000000e+00 0.00000000000000e+00 
7.52000000000000e+00 0.00000000000000e+00 0.00000000000000e+00 
7.53000000000000e+00 0.00000000000000e+00 0.00000000000000e+00 
7.54000000000000e+00 0.00000000000000e+00 0.00000000000000e+00 
7.55000000000000e+00 0.00000000000000e+00 0.00000000000000e+00 
7.56000000000000e+00 0.00000000000000e+00 0.00000000000000e+00 
7.57000000000000e+00 0.00000000000000e+00 0.00000000000000e+00 
7.58000000000000e+00 0.00000000000000e+00 0.00000000000000e+00 
7.59000000000000e+00 0.00000000000000e+00 0.00000000000000e+00 
7.60000000000000e+00 0.00000000000000e+00 0.00000000000000e+00 
7.61000000000000e+00 0.00000000000000e+00 0.00000000000000e+00 
7.62000000000000e+00 0.00000000000000e+00 0.00000000000000e+00 
7.63000000000000e+00 0.00000000000000e+00 0.00000000000000e+00 
7.64000000000000e+00 0.00000000000000e+00 0.00000000000000e+00 
7.65000000000000e+00 0.00000000000000e+00 0.00000000000000e+00 
7.66000000000000e+00 0.00000000000000e+00 0.00000000000000e+00 
7.67000000000000e+00 0.00000000000000e+00 0.00000000000000e+00 
7.68000000000000e+00 0.00000000000000e+00 0.00000000000000e+00 
7.69000000000000e+00 0.00000000000000e+00 0.00000000000000e+00 
7.70000000000000e+00 0.00000000000000e+00 0.00000000000000e+00 
7.71000000000000e+00 0.00000000000000e+00 0.00000000000000e+00 
7.72000000000000e+00 0.00000000000000e+00 0.00000000000000e+00 
7.73000000000000e+00 0.00000000000000e+00 0.00000000000000e+00 
7.74000000000000e+00 0.00000000000000e+00 0.00000000000000e+00 
7.75000000000000e+00 0.00000000000000e+00 0.00000000000000e+00 
7.76000000000000e+00 0.00000000000000e+00 0.00000000000000e+00 
7.77000000000000e+00 0.00000000000000e+00 0.00000000000000e+00 
7.78000000000000e+00 0.00000000000000e+00 0.00000000000000e+00 
7.79000000000000e+00 0.00000000000000e+00 0.00000000000000e+00 
7.80000000000000e+00 0.00000000000000e+00 0.00000000000000e+00 
7.81000000000000e+00 0.00000000000000e+00 0.00000000000000e+00 
7.82000000000000e+00 0.00000000000000e+00 0.00000000000000e+00 
7.83000000000000e+00 0.00000000000000e+00 0.00000000000000e+00 
7.84000000000000e+00 0.00000000000000e+00 0.00000000000000e+00 
7.85000000000000e+00 0.00000000000000e+00 0.00000000000000e+00 
7.86000000000000e+00 0.00000000000000e+00 0.00000000000000e+00 
7.87000000000000e+00 0.00000000000000e+00 0.00000000000000e+00 
7.88000000000000e+00 0.00000000000000e+00 0.00000000000000e+00 
7.89000000000000e+00 0.00000000000000e+00 0.00000000000000e+00 
7.90000000000000e+00 0.00000000000000e+00 0.00000000000000e+00 
7.91000000000000e+00 0.00000000000000e+00 0.00000000000000e+00 
7.92000000000000e+00 0.00000000000000e+00 0.00000000000000e+00 
7.93000000000000e+00 0.00000000000000e+00 0.00000000000000e+00 
7.94000000000000e+00 0.00000000000000e+00 0.00000000000000e+00 
7.95000000000000e+00 0.00000000000000e+00 0.00000000000000e+00 
7.96000000000000e+00 0.00000000000000e+00 0.00000000000000e+00 
7.97000000000000e+00 0.00000000000000e+00 0.00000000000000e+00 
7.98000000000000e+00 0.00000000000000e+00 0.00000000000000e+00 
7.99000000000000e+00 0.00000000000000e+00 0.00000000000000e+00 
8.00000000000000e+00 0.00000000000000e+00 0.00000000000000e+00 
8.01000000000000e+00 0.00000000000000e+00 0.00000000000000e+00 
8.02000000000000e+00 0.00000000000000e+00 0.00000000000000e+00 
8.03000000000000e+00 0.00000000000000e+00 0.00000000000000e+00 
8.04000000000000e+00 0.00000000000000e+00 0.00000000000000e+00 
8.05000000000000e+00 0.00000000000000e+00 0.00000000000000e+00 
8.06000000000000e+00 0.00000000000000e+00 0.00000000000000e+00 
8.07000000000000e+00 0.00000000000000e+00 0.00000000000000e+00 
8.08000000000000e+00 0.00000000000000e+00 0.00000000000000e+00 
8.09000000000000e+00 0.00000000000000e+00 0.00000000000000e+00 
8.10000000000000e+00 0.00000000000000e+00 0.00000000000000e+00 
8.11000000000000e+00 0.00000000000000e+00 0.00000000000000e+00 
8.12000000000000e+00 0.00000000000000e+00 0.00000000000000e+00 
8.13000000000000e+00 0.00000000000000e+00 0.00000000000000e+00 
8.14000000000000e+00 0.00000000000000e+00 0.00000000000000e+00 
8.15000000000000e+00 0.00000000000000e+00 0.00000000000000e+00 
8.16000000000000e+00 0.00000000000000e+00 0.00000000000000e+00 
8.17000000000000e+00 0.00000000000000e+00 0.00000000000000e+00 
8.18000000000000e+00 0.00000000000000e+00 0.00000000000000e+00 
8.19000000000000e+00 0.00000000000000e+00 0.00000000000000e+00 
8.20000000000000e+00 0.00000000000000e+00 0.00000000000000e+00 
8.21000000000000e+00 0.00000000000000e+00 0.00000000000000e+00 
8.22000000000000e+00 0.00000000000000e+00 0.00000000000000e+00 
8.23000000000000e+00 0.00000000000000e+00 0.00000000000000e+00 
8.24000000000000e+00 0.00000000000000e+00 0.00000000000000e+00 
8.25000000000000e+00 0.00000000000000e+00 0.00000000000000e+00 
8.26000000000000e+00 0.00000000000000e+00 0.00000000000000e+00 
8.27000000000000e+00 0.00000000000000e+00 0.00000000000000e+00 
8.28000000000000e+00 0.00000000000000e+00 0.00000000000000e+00 
8.29000000000000e+00 0.00000000000000e+00 0.00000000000000e+00 
8.30000000000000e+00 0.00000000000000e+00 0.00000000000000e+00 
8.31000000000000e+00 0.00000000000000e+00 0.00000000000000e+00 
8.32000000000000e+00 0.00000000000000e+00 0.00000000000000e+00 
8.33000000000000e+00 0.00000000000000e+00 0.00000000000000e+00 
8.34000000000000e+00 0.00000000000000e+00 0.00000000000000e+00 
8.35000000000000e+00 0.00000000000000e+00 0.00000000000000e+00 
8.36000000000000e+00 0.00000000000000e+00 0.00000000000000e+00 
8.37000000000000e+00 0.00000000000000e+00 0.00000000000000e+00 
8.38000000000000e+00 0.00000000000000e+00 0.00000000000000e+00 
8.39000000000000e+00 0.00000000000000e+00 0.00000000000000e+00 
8.40000000000000e+00 0.00000000000000e+00 0.00000000000000e+00 
8.41000000000000e+00 0.00000000000000e+00 0.00000000000000e+00 
8.42000000000000e+00 0.00000000000000e+00 0.00000000000000e+00 
8.43000000000000e+00 0.00000000000000e+00 0.00000000000000e+00 
8.44000000000000e+00 0.00000000000000e+00 0.00000000000000e+00 
8.45000000000000e+00 0.00000000000000e+00 0.00000000000000e+00 
8.46000000000000e+00 0.00000000000000e+00 0.00000000000000e+00 
8.47000000000000e+00 0.00000000000000e+00 0.00000000000000e+00 
8.48000000000000e+00 0.00000000000000e+00 0.00000000000000e+00 
8.49000000000000e+00 0.00000000000000e+00 0.00000000000000e+00 
8.50000000000000e+00 0.00000000000000e+00 0.00000000000000e+00 
8.51000000000000e+00 0.00000000000000e+00 0.00000000000000e+00 
8.52000000000000e+00 0.00000000000000e+00 0.00000000000000e+00 
8.53000000000000e+00 0.00000000000000e+00 0.00000000000000e+00 
8.54000000000000e+00 0.00000000000000e+00 0.00000000000000e+00 
8.55000000000000e+00 0.00000000000000e+00 0.00000000000000e+00 
8.56000000000000e+00 0.00000000000000e+00 0.00000000000000e+00 
8.57000000000000e+00 0.00000000000000e+00 0.00000000000000e+00 
8.58000000000000e+00 0.00000000000000e+00 0.00000000000000e+00 
8.59000000000000e+00 0.00000000000000e+00 0.00000000000000e+00 
8.60000000000000e+00 0.00000000000000e+00 0.00000000000000e+00 
8.61000000000000e+00 0.00000000000000e+00 0.00000000000000e+00 
8.62000000000000e+00 0.00000000000000e+00 0.00000000000000e+00 
8.63000000000000e+00 0.00000000000000e+00 0.00000000000000e+00 
8.64000000000000e+00 0.00000000000000e+00 0.00000000000000e+00 
8.65000000000000e+00 0.00000000000000e+00 0.00000000000000e+00 
8.66000000000000e+00 0.00000000000000e+00 0.00000000000000e+00 
8.67000000000000e+00 0.00000000000000e+00 0.00000000000000e+00 
8.68000000000000e+00 0.00000000000000e+00 0.00000000000000e+00 
8.69000000000000e+00 0.00000000000000e+00 0.00000000000000e+00 
8.70000000000000e+00 0.00000000000000e+00 0.00000000000000e+00 
8.71000000000000e+00 0.00000000000000e+00 0.00000000000000e+00 
8.72000000000000e+00 0.00000000000000e+00 0.00000000000000e+00 
8.73000000000000e+00 0.00000000000000e+00 0.00000000000000e+00 
8.74000000000000e+00 0.00000000000000e+00 0.00000000000000e+00 
8.75000000000000e+00 0.00000000000000e+00 0.00000000000000e+00 
8.76000000000000e+00 0.00000000000000e+00 0.00000000000000e+00 
8.77000000000000e+00 0.00000000000000e+00 0.00000000000000e+00 
8.78000000000000e+00 0.00000000000000e+00 0.00000000000000e+00 
8.79000000000000e+00 0.00000000000000e+00 0.00000000000000e+00 
8.80000000000000e+00 0.00000000000000e+00 0.00000000000000e+00 
8.81000000000000e+00 0.00000000000000e+00 0.00000000000000e+00 
8.82000000000000e+00 0.00000000000000e+00 0.00000000000000e+00 
8.83000000000000e+00 0.00000000000000e+00 0.00000000000000e+00 
8.84000000000000e+00 0.00000000000000e+00 0.00000000000000e+00 
8.85000000000000e+00 0.00000000000000e+00 0.00000000000000e+00 
8.86000000000000e+00 0.00000000000000e+00 0.00000000000000e+00 
8.87000000000000e+00 0.00000000000000e+00 0.00000000000000e+00 
8.88000000000000e+00 0.00000000000000e+00 0.00000000000000e+00 
8.89000000000000e+00 0.00000000000000e+00 0.00000000000000e+00 
8.90000000000000e+00 0.00000000000000e+00 0.00000000000000e+00 
8.91000000000000e+00 0.00000000000000e+00 0.00000000000000e+00 
8.92000000000000e+00 0.00000000000000e+00 0.00000000000000e+00 
8.93000000000000e+00 0.00000000000000e+00 0.00000000000000e+00 
8.94000000000000e+00 0.00000000000000e+00 0.00000000000000e+00 
8.95000000000000e+00 0.00000000000000e+00 0.00000000000000e+00 
8.96000000000000e+00 0.00000000000000e+00 0.00000000000000e+00 
8.97000000000000e+00 0.00000000000000e+00 0.00000000000000e+00 
8.98000000000000e+00 0.00000000000000e+00 0.00000000000000e+00 
8.99000000000000e+00 0.00000000000000e+00 0.00000000000000e+00 
9.00000000000000e+00 0.00000000000000e+00 0.00000000000000e+00 
9.01000000000000e+00 0.00000000000000e+00 0.00000000000000e+00 
9.02000000000000e+00 0.00000000000000e+00 0.00000000000000e+00 
9.03000000000000e+00 0.00000000000000e+00 0.00000000000000e+00 
9.04000000000000e+00 0.00000000000000e+00 0.00000000000000e+00 
9.05000000000000e+00 0.00000000000000e+00 0.00000000000000e+00 
9.06000000000000e+00 0.00000000000000e+00 0.00000000000000e+00 
9.07000000000000e+00 0.00000000000000e+00 0.00000000000000e+00 
9.08000000000000e+00 0.00000000000000e+00 0.00000000000000e+00 
9.09000000000000e+00 0.00000000000000e+00 0.00000000000000e+00 
9.10000000000000e+00 0.00000000000000e+00 0.00000000000000e+00 
9.11000000000000e+00 0.00000000000000e+00 0.00000000000000e+00 
9.12000000000000e+00 0.00000000000000e+00 0.00000000000000e+00 
9.13000000000000e+00 0.00000000000000e+00 0.00000000000000e+00 
9.14000000000000e+00 0.00000000000000e+00 0.00000000000000e+00 
9.15000000000000e+00 0.00000000000000e+00 0.00000000000000e+00 
9.16000000000000e+00 0.00000000000000e+00 0.00000000000000e+00 
9.17000000000000e+00 0.00000000000000e+00 0.00000000000000e+00 
9.18000000000000e+00 0.00000000000000e+00 0.00000000000000e+00 
9.19000000000000e+00 0.00000000000000e+00 0.00000000000000e+00 
9.20000000000000e+00 0.00000000000000e+00 0.00000000000000e+00 
9.21000000000000e+00 0.00000000000000e+00 0.00000000000000e+00 
9.22000000000000e+00 0.00000000000000e+00 0.00000000000000e+00 
9.23000000000000e+00 0.00000000000000e+00 0.00000000000000e+00 
9.24000000000000e+00 0.00000000000000e+00 0.00000000000000e+00 
9.25000000000000e+00 0.00000000000000e+00 0.00000000000000e+00 
9.26000000000000e+00 0.00000000000000e+00 0.00000000000000e+00 
9.27000000000000e+00 0.00000000000000e+00 0.00000000000000e+00 
9.28000000000000e+00 0.00000000000000e+00 0.00000000000000e+00 
9.29000000000000e+00 0.00000000000000e+00 0.00000000000000e+00 
9.30000000000000e+00 0.00000000000000e+00 0.00000000000000e+00 
9.31000000000000e+00 0.00000000000000e+00 0.00000000000000e+00 
9.32000000000000e+00 0.00000000000000e+00 0.00000000000000e+00 
9.33000000000000e+00 0.00000000000000e+00 0.00000000000000e+00 
9.34000000000000e+00 0.00000000000000e+00 0.00000000000000e+00 
9.35000000000000e+00 0.00000000000000e+00 0.00000000000000e+00 
