1.00000000000000e-02 9.66282989630000e+00 -3.83382775340000e+00 
2.00000000000000e-02 9.64425694050000e+00 -3.81003754880000e+00 
3.00000000000000e-02 9.61339701966667e+00 -3.77058376533333e+00 
4.00000000000000e-02 9.57039171375000e+00 -3.71575898025000e+00 
5.00000000000000e-02 9.51543739100000e+00 -3.64596831360000e+00 
6.00000000000000e-02 9.44878339050000e+00 -3.56172500750000e+00 
7.00000000000000e-02 9.37072972428571e+00 -3.46364484214286e+00 
8.00000000000000e-02 9.28162432725000e+00 -3.35243945525000e+00 
9.00000000000000e-02 9.18185988811111e+00 -3.22890865300000e+00 
1.00000000000000e-01 9.07187029930000e+00 -3.09393180910000e+00 
1.10000000000000e-01 8.95212677036364e+00 -2.94845846018182e+00 
1.20000000000000e-01 8.82313365083333e+00 -2.79349821833333e+00 
1.30000000000000e-01 8.68542401461538e+00 -2.63011012538462e+00 
1.40000000000000e-01 8.53955505214286e+00 -2.45939158542857e+00 
1.50000000000000e-01 8.38610334200000e+00 -2.28246701206667e+00 
1.60000000000000e-01 8.22566003250000e+00 -2.10047633350000e+00 
1.70000000000000e-01 8.05882601705882e+00 -1.91456349682353e+00 
1.80000000000000e-01 7.88620713888889e+00 -1.72586511444444e+00 
1.90000000000000e-01 7.70840949000000e+00 -1.53549939100000e+00 
2.00000000000000e-01 7.52603486050000e+00 -1.34455546585000e+00 
2.10000000000000e-01 7.33967637761905e+00 -1.15408329861905e+00 
2.20000000000000e-01 7.14991439818182e+00 -9.65084218590909e-01 
2.30000000000000e-01 6.95731268391304e+00 -7.78502248478261e-01 
2.40000000000000e-01 6.76241491250000e+00 -5.95216301291667e-01 
2.50000000000000e-01 6.56574154560000e+00 -4.16033338600000e-01 
2.60000000000000e-01 6.36778710076923e+00 -2.41682562823077e-01 
2.70000000000000e-01 6.16901783481481e+00 -7.28107036703704e-02 
2.80000000000000e-01 5.96986986857143e+00 9.00215575107143e-02 
2.90000000000000e-01 5.77074776103448e+00 2.46341996696552e-01 
3.00000000000000e-01 5.57202353733333e+00 3.95768076733333e-01 
3.10000000000000e-01 5.37403617612903e+00 5.38007000903226e-01 
3.20000000000000e-01 5.17709154343750e+00 6.72854609500000e-01 
3.30000000000000e-01 4.98146276515152e+00 8.00193154303030e-01 
3.40000000000000e-01 4.78739101794118e+00 9.19988000294118e-01 
3.50000000000000e-01 4.59508671600000e+00 1.03228331857143e+00 
3.60000000000000e-01 4.40473106388889e+00 1.13719684727778e+00 
3.70000000000000e-01 4.21647794189189e+00 1.23491380948649e+00 
3.80000000000000e-01 4.03045608684211e+00 1.32568008784211e+00 
3.90000000000000e-01 3.84677152564103e+00 1.40979476479487e+00 
4.00000000000000e-01 3.66551021975000e+00 1.48760214500000e+00 
4.10000000000000e-01 3.48674086951219e+00 1.55948338292683e+00 
4.20000000000000e-01 3.31051783523810e+00 1.62584784171429e+00 
4.30000000000000e-01 3.13688412023256e+00 1.68712431374419e+00 
4.40000000000000e-01 2.96587437045455e+00 1.74375223159091e+00 
4.50000000000000e-01 2.79751783977778e+00 1.79617299920000e+00 
4.60000000000000e-01 2.63184127130435e+00 1.84482156782609e+00 
4.70000000000000e-01 2.46887165234043e+00 1.89011837846809e+00 
4.80000000000000e-01 2.30863879666667e+00 1.93246178427083e+00 
4.90000000000000e-01 2.15117771346939e+00 1.97222105973469e+00 
5.00000000000000e-01 1.99653072782000e+00 2.00973009280000e+00 
5.10000000000000e-01 1.84474931968627e+00 2.04528184627451e+00 
5.20000000000000e-01 1.69589565230769e+00 2.07912366057692e+00 
5.30000000000000e-01 1.55004376884906e+00 2.11145346188679e+00 
5.40000000000000e-01 1.40728043890741e+00 2.14241691777778e+00 
5.50000000000000e-01 1.26770564332727e+00 2.17210557654545e+00 
5.60000000000000e-01 1.13143269114286e+00 2.20055600678571e+00 
5.70000000000000e-01 9.98587968368421e-01 2.22774993912281e+00 
5.80000000000000e-01 8.69310324120690e-01 2.25361539655172e+00 
5.90000000000000e-01 7.43750105152542e-01 2.27802879118644e+00 
6.00000000000000e-01 6.22067855400000e-01 2.30081793950000e+00 
6.10000000000000e-01 5.04432702459016e-01 2.32176594672131e+00 
6.20000000000000e-01 3.91020457564516e-01 2.34061589032258e+00 
6.30000000000000e-01 2.82011460238095e-01 2.35707622412698e+00 
6.40000000000000e-01 1.77588202703125e-01 2.37082681359375e+00 
6.50000000000000e-01 7.79327726123077e-02 2.38152550369231e+00 
6.60000000000000e-01 -1.67758445151515e-02 2.38881511424242e+00 
6.70000000000000e-01 -1.06364559670149e-01 2.39233074910448e+00 
6.80000000000000e-01 -1.90669026205882e-01 2.39170730441176e+00 
6.90000000000000e-01 -2.69536491217391e-01 2.38658705666667e+00 
7.00000000000000e-01 -3.42828606257143e-01 2.37662721085714e+00 
7.10000000000000e-01 -4.10424151436620e-01 2.36150729000000e+00 
7.20000000000000e-01 -4.72221628597222e-01 2.34093625111111e+00 
7.30000000000000e-01 -5.28141680616438e-01 2.31465921452055e+00 
7.40000000000000e-01 -5.78129296675676e-01 2.28246370270270e+00 
7.50000000000000e-01 -6.22155766373333e-01 2.24418529053333e+00 
7.60000000000000e-01 -6.60220348881579e-01 2.19971257697368e+00 
7.70000000000000e-01 -6.92351628103896e-01 2.14899140129870e+00 
7.80000000000000e-01 -7.18608528474359e-01 2.09202823628205e+00 
7.90000000000000e-01 -7.39080971886076e-01 2.02889270240506e+00 
8.00000000000000e-01 -7.53890160662500e-01 1.95971916400000e+00 
8.10000000000000e-01 -7.63188477370370e-01 1.88470737617284e+00 
8.20000000000000e-01 -7.67158997804878e-01 1.80412217256098e+00 
8.30000000000000e-01 -7.66014618795181e-01 1.71829219096386e+00 
8.40000000000000e-01 -7.59996808452381e-01 1.62760765261905e+00 
8.50000000000000e-01 -7.49373991600000e-01 1.53251722541176e+00 
8.60000000000000e-01 -7.34439588813953e-01 1.43352400953488e+00 
8.70000000000000e-01 -7.15509731896552e-01 1.33118070367816e+00 
8.80000000000000e-01 -6.92920684056818e-01 1.22608401625000e+00 
8.90000000000000e-01 -6.67025996483146e-01 1.11886840066292e+00 
9.00000000000000e-01 -6.38193437566667e-01 1.01019920067778e+00 
9.10000000000000e-01 -6.06801733527472e-01 9.00765303054945e-01 
9.20000000000000e-01 -5.73237162543478e-01 7.91271398934783e-01 
9.30000000000000e-01 -5.37890046010753e-01 6.82429962913978e-01 
9.40000000000000e-01 -5.01151182319149e-01 5.74953061404255e-01 
9.50000000000000e-01 -4.63408269084211e-01 4.69544104515789e-01 
9.60000000000000e-01 -4.25042359937500e-01 3.66889656020833e-01 
9.70000000000000e-01 -3.86424401422680e-01 2.67651414690722e-01 
9.80000000000000e-01 -3.47911894255102e-01 1.72458477520408e-01 
9.90000000000000e-01 -3.09845721232323e-01 8.18999906696970e-02 
1.00000000000000e+00 -2.72547181750000e-01 -3.48171194660000e-03 
1.01000000000000e+00 -2.36315269821782e-01 -8.31973900128713e-02 
1.02000000000000e+00 -2.01424228637255e-01 -1.56816514637255e-01 
1.03000000000000e+00 -1.68121410990291e-01 -2.23972149067961e-01 
1.04000000000000e+00 -1.36625470298077e-01 -2.84365029788462e-01 
1.05000000000000e+00 -1.07124901923810e-01 -3.37766797809524e-01 
1.06000000000000e+00 -7.97769499745283e-02 -3.84022341556604e-01 
1.07000000000000e+00 -5.47068888700935e-02 -4.23051227074766e-01 
1.08000000000000e+00 -3.20076840925926e-02 -4.54848203935185e-01 
1.09000000000000e+00 -1.17400308275229e-02 -4.79482788935780e-01 
1.10000000000000e+00 6.06723629900000e-03 -4.97097943763636e-01 
1.11000000000000e+00 2.14163735324324e-02 -5.07907873666667e-01 
1.12000000000000e+00 3.43396158464286e-02 -5.12194990071429e-01 
1.13000000000000e+00 4.48977435681416e-02 -5.10306089265487e-01 
1.14000000000000e+00 5.31783543447368e-02 -5.02647812982456e-01 
1.15000000000000e+00 5.92938695156522e-02 -4.89681462704348e-01 
1.16000000000000e+00 6.33793093758621e-02 -4.71917253362069e-01 
1.17000000000000e+00 6.55898756478632e-02 -4.49908102615385e-01 
1.18000000000000e+00 6.60983806906780e-02 -4.24243052983051e-01 
1.19000000000000e+00 6.50924889142857e-02 -3.95540205016807e-01 
1.20000000000000e+00 6.27721311458333e-02 -3.64440221466667e-01 
1.21000000000000e+00 5.93465851826446e-02 -3.31598859024793e-01 
1.22000000000000e+00 5.50294922377049e-02 -2.97673167131148e-01 
1.23000000000000e+00 5.00337185934959e-02 -2.63307521983740e-01 
1.24000000000000e+00 4.45668634306452e-02 -2.29121786532258e-01 
1.25000000000000e+00 3.88287462384000e-02 -1.95705566248000e-01 
1.26000000000000e+00 3.30085986373016e-02 -1.63611430507937e-01 
1.27000000000000e+00 2.72825527598425e-02 -1.33348927039370e-01 
1.28000000000000e+00 2.18113604921875e-02 -1.05379168117188e-01 
1.29000000000000e+00 1.67383946015504e-02 -8.01101273875969e-02 
1.30000000000000e+00 1.21879420592308e-02 -5.78926660000000e-02 
1.31000000000000e+00 8.26488201526718e-03 -3.90223316290076e-02 
1.32000000000000e+00 5.04982843590909e-03 -2.37193174515151e-02 
1.33000000000000e+00 2.58724919812030e-03 -1.20763931120301e-02 
1.34000000000000e+00 9.67235539029851e-04 -4.43230993126866e-03 
1.35000000000000e+00 1.92995930940741e-04 -7.68044674518518e-04 
1.36000000000000e+00 -2.39864455022059e-05 2.09510519272059e-04 
1.37000000000000e+00 -6.50320423043796e-06 3.99583307197080e-05 
1.38000000000000e+00 1.19404190492754e-05 -6.96170619289855e-05 
1.39000000000000e+00 -9.07421505395684e-07 5.77283760705036e-06 
1.40000000000000e+00 -1.44839872942857e-06 8.95581343571429e-06 
1.41000000000000e+00 -8.79754775744681e-08 8.96177375744681e-08 
1.42000000000000e+00 -2.21705413978873e-08 2.25844043788732e-08 
1.43000000000000e+00 0.00000000000000e+00 0.00000000000000e+00 
1.44000000000000e+00 0.00000000000000e+00 0.00000000000000e+00 
1.45000000000000e+00 0.00000000000000e+00 0.00000000000000e+00 
1.46000000000000e+00 0.00000000000000e+00 0.00000000000000e+00 
1.47000000000000e+00 0.00000000000000e+00 0.00000000000000e+00 
1.48000000000000e+00 0.00000000000000e+00 0.00000000000000e+00 
1.49000000000000e+00 0.00000000000000e+00 0.00000000000000e+00 
1.50000000000000e+00 0.00000000000000e+00 0.00000000000000e+00 
1.51000000000000e+00 0.00000000000000e+00 0.00000000000000e+00 
1.52000000000000e+00 0.00000000000000e+00 0.00000000000000e+00 
1.53000000000000e+00 0.00000000000000e+00 0.00000000000000e+00 
1.54000000000000e+00 0.00000000000000e+00 0.00000000000000e+00 
1.55000000000000e+00 0.00000000000000e+00 0.00000000000000e+00 
1.56000000000000e+00 0.00000000000000e+00 0.00000000000000e+00 
1.57000000000000e+00 0.00000000000000e+00 0.00000000000000e+00 
1.58000000000000e+00 0.00000000000000e+00 0.00000000000000e+00 
1.59000000000000e+00 0.00000000000000e+00 0.00000000000000e+00 
1.60000000000000e+00 0.00000000000000e+00 0.00000000000000e+00 
1.61000000000000e+00 0.00000000000000e+00 0.00000000000000e+00 
1.62000000000000e+00 0.00000000000000e+00 0.00000000000000e+00 
1.63000000000000e+00 0.00000000000000e+00 0.00000000000000e+00 
1.64000000000000e+00 0.00000000000000e+00 0.00000000000000e+00 
1.65000000000000e+00 0.00000000000000e+00 0.00000000000000e+00 
1.66000000000000e+00 0.00000000000000e+00 0.00000000000000e+00 
1.67000000000000e+00 0.00000000000000e+00 0.00000000000000e+00 
1.68000000000000e+00 0.00000000000000e+00 0.00000000000000e+00 
1.69000000000000e+00 0.00000000000000e+00 0.00000000000000e+00 
1.70000000000000e+00 0.00000000000000e+00 0.00000000000000e+00 
1.71000000000000e+00 0.00000000000000e+00 0.00000000000000e+00 
1.72000000000000e+00 0.00000000000000e+00 0.00000000000000e+00 
1.73000000000000e+00 0.00000000000000e+00 0.00000000000000e+00 
1.74000000000000e+00 0.00000000000000e+00 0.00000000000000e+00 
1.75000000000000e+00 0.00000000000000e+00 0.00000000000000e+00 
1.76000000000000e+00 0.00000000000000e+00 0.00000000000000e+00 
1.77000000000000e+00 0.00000000000000e+00 0.00000000000000e+00 
1.78000000000000e+00 0.00000000000000e+00 0.00000000000000e+00 
1.79000000000000e+00 0.00000000000000e+00 0.00000000000000e+00 
1.80000000000000e+00 0.00000000000000e+00 0.00000000000000e+00 
1.81000000000000e+00 0.00000000000000e+00 0.00000000000000e+00 
1.82000000000000e+00 0.00000000000000e+00 0.00000000000000e+00 
1.83000000000000e+00 0.00000000000000e+00 0.00000000000000e+00 
1.84000000000000e+00 0.00000000000000e+00 0.00000000000000e+00 
1.85000000000000e+00 0.00000000000000e+00 0.00000000000000e+00 
1.86000000000000e+00 0.00000000000000e+00 0.00000000000000e+00 
1.87000000000000e+00 0.00000000000000e+00 0.00000000000000e+00 
1.88000000000000e+00 0.00000000000000e+00 0.00000000000000e+00 
1.89000000000000e+00 0.00000000000000e+00 0.00000000000000e+00 
1.90000000000000e+00 0.00000000000000e+00 0.00000000000000e+00 
1.91000000000000e+00 0.00000000000000e+00 0.00000000000000e+00 
1.92000000000000e+00 0.00000000000000e+00 0.00000000000000e+00 
1.93000000000000e+00 0.00000000000000e+00 0.00000000000000e+00 
1.94000000000000e+00 0.00000000000000e+00 0.00000000000000e+00 
1.95000000000000e+00 0.00000000000000e+00 0.00000000000000e+00 
1.96000000000000e+00 0.00000000000000e+00 0.00000000000000e+00 
1.97000000000000e+00 0.00000000000000e+00 0.00000000000000e+00 
1.98000000000000e+00 0.00000000000000e+00 0.00000000000000e+00 
1.99000000000000e+00 0.00000000000000e+00 0.00000000000000e+00 
2.00000000000000e+00 0.00000000000000e+00 0.00000000000000e+00 
2.01000000000000e+00 0.00000000000000e+00 0.00000000000000e+00 
2.02000000000000e+00 0.00000000000000e+00 0.00000000000000e+00 
2.03000000000000e+00 0.00000000000000e+00 0.00000000000000e+00 
2.04000000000000e+00 0.00000000000000e+00 0.00000000000000e+00 
2.05000000000000e+00 0.00000000000000e+00 0.00000000000000e+00 
2.06000000000000e+00 0.00000000000000e+00 0.00000000000000e+00 
2.07000000000000e+00 0.00000000000000e+00 0.00000000000000e+00 
2.08000000000000e+00 0.00000000000000e+00 0.00000000000000e+00 
2.09000000000000e+00 0.00000000000000e+00 0.00000000000000e+00 
2.10000000000000e+00 0.00000000000000e+00 0.00000000000000e+00 
2.11000000000000e+00 0.00000000000000e+00 0.00000000000000e+00 
2.12000000000000e+00 0.00000000000000e+00 0.00000000000000e+00 
2.13000000000000e+00 0.00000000000000e+00 0.00000000000000e+00 
2.14000000000000e+00 0.00000000000000e+00 0.00000000000000e+00 
2.15000000000000e+00 0.00000000000000e+00 0.00000000000000e+00 
2.16000000000000e+00 0.00000000000000e+00 0.00000000000000e+00 
2.17000000000000e+00 0.00000000000000e+00 0.00000000000000e+00 
2.18000000000000e+00 0.00000000000000e+00 0.00000000000000e+00 
2.19000000000000e+00 0.00000000000000e+00 0.00000000000000e+00 
2.20000000000000e+00 0.00000000000000e+00 0.00000000000000e+00 
2.21000000000000e+00 0.00000000000000e+00 0.00000000000000e+00 
2.22000000000000e+00 0.00000000000000e+00 0.00000000000000e+00 
2.23000000000000e+00 0.00000000000000e+00 0.00000000000000e+00 
2.24000000000000e+00 0.00000000000000e+00 0.00000000000000e+00 
2.25000000000000e+00 0.00000000000000e+00 0.00000000000000e+00 
2.26000000000000e+00 0.00000000000000e+00 0.00000000000000e+00 
2.27000000000000e+00 0.00000000000000e+00 0.00000000000000e+00 
2.28000000000000e+00 0.00000000000000e+00 0.00000000000000e+00 
2.29000000000000e+00 0.00000000000000e+00 0.00000000000000e+00 
2.30000000000000e+00 0.00000000000000e+00 0.00000000000000e+00 
2.31000000000000e+00 0.00000000000000e+00 0.00000000000000e+00 
2.32000000000000e+00 0.00000000000000e+00 0.00000000000000e+00 
2.33000000000000e+00 0.00000000000000e+00 0.00000000000000e+00 
2.34000000000000e+00 0.00000000000000e+00 0.00000000000000e+00 
2.35000000000000e+00 0.00000000000000e+00 0.00000000000000e+00 
2.36000000000000e+00 0.00000000000000e+00 0.00000000000000e+00 
2.37000000000000e+00 0.00000000000000e+00 0.00000000000000e+00 
2.38000000000000e+00 0.00000000000000e+00 0.00000000000000e+00 
2.39000000000000e+00 0.00000000000000e+00 0.00000000000000e+00 
2.40000000000000e+00 0.00000000000000e+00 0.00000000000000e+00 
2.41000000000000e+00 0.00000000000000e+00 0.00000000000000e+00 
2.42000000000000e+00 0.00000000000000e+00 0.00000000000000e+00 
2.43000000000000e+00 0.00000000000000e+00 0.00000000000000e+00 
2.44000000000000e+00 0.00000000000000e+00 0.00000000000000e+00 
2.45000000000000e+00 0.00000000000000e+00 0.00000000000000e+00 
2.46000000000000e+00 0.00000000000000e+00 0.00000000000000e+00 
2.47000000000000e+00 0.00000000000000e+00 0.00000000000000e+00 
2.48000000000000e+00 0.00000000000000e+00 0.00000000000000e+00 
2.49000000000000e+00 0.00000000000000e+00 0.00000000000000e+00 
2.50000000000000e+00 0.00000000000000e+00 0.00000000000000e+00 
2.51000000000000e+00 0.00000000000000e+00 0.00000000000000e+00 
2.52000000000000e+00 0.00000000000000e+00 0.00000000000000e+00 
2.53000000000000e+00 0.00000000000000e+00 0.00000000000000e+00 
2.54000000000000e+00 0.00000000000000e+00 0.00000000000000e+00 
2.55000000000000e+00 0.00000000000000e+00 0.00000000000000e+00 
2.56000000000000e+00 0.00000000000000e+00 0.00000000000000e+00 
2.57000000000000e+00 0.00000000000000e+00 0.00000000000000e+00 
2.58000000000000e+00 0.00000000000000e+00 0.00000000000000e+00 
2.59000000000000e+00 0.00000000000000e+00 0.00000000000000e+00 
2.60000000000000e+00 0.00000000000000e+00 0.00000000000000e+00 
2.61000000000000e+00 0.00000000000000e+00 0.00000000000000e+00 
2.62000000000000e+00 0.00000000000000e+00 0.00000000000000e+00 
2.63000000000000e+00 0.00000000000000e+00 0.00000000000000e+00 
2.64000000000000e+00 0.00000000000000e+00 0.00000000000000e+00 
2.65000000000000e+00 0.00000000000000e+00 0.00000000000000e+00 
2.66000000000000e+00 0.00000000000000e+00 0.00000000000000e+00 
2.67000000000000e+00 0.00000000000000e+00 0.00000000000000e+00 
2.68000000000000e+00 0.00000000000000e+00 0.00000000000000e+00 
2.69000000000000e+00 0.00000000000000e+00 0.00000000000000e+00 
2.70000000000000e+00 0.00000000000000e+00 0.00000000000000e+00 
2.71000000000000e+00 0.00000000000000e+00 0.00000000000000e+00 
2.72000000000000e+00 0.00000000000000e+00 0.00000000000000e+00 
2.73000000000000e+00 0.00000000000000e+00 0.00000000000000e+00 
2.74000000000000e+00 0.00000000000000e+00 0.00000000000000e+00 
2.75000000000000e+00 0.00000000000000e+00 0.00000000000000e+00 
2.76000000000000e+00 0.00000000000000e+00 0.00000000000000e+00 
2.77000000000000e+00 0.00000000000000e+00 0.00000000000000e+00 
2.78000000000000e+00 0.00000000000000e+00 0.00000000000000e+00 
2.79000000000000e+00 0.00000000000000e+00 0.00000000000000e+00 
2.80000000000000e+00 0.00000000000000e+00 0.00000000000000e+00 
2.81000000000000e+00 0.00000000000000e+00 0.00000000000000e+00 
2.82000000000000e+00 0.00000000000000e+00 0.00000000000000e+00 
2.83000000000000e+00 0.00000000000000e+00 0.00000000000000e+00 
2.84000000000000e+00 0.00000000000000e+00 0.00000000000000e+00 
2.85000000000000e+00 0.00000000000000e+00 0.00000000000000e+00 
2.86000000000000e+00 0.00000000000000e+00 0.00000000000000e+00 
2.87000000000000e+00 0.00000000000000e+00 0.00000000000000e+00 
2.88000000000000e+00 0.00000000000000e+00 0.00000000000000e+00 
2.89000000000000e+00 0.00000000000000e+00 0.00000000000000e+00 
2.90000000000000e+00 0.00000000000000e+00 0.00000000000000e+00 
2.91000000000000e+00 0.00000000000000e+00 0.00000000000000e+00 
2.92000000000000e+00 0.00000000000000e+00 0.00000000000000e+00 
2.93000000000000e+00 0.00000000000000e+00 0.00000000000000e+00 
2.94000000000000e+00 0.00000000000000e+00 0.00000000000000e+00 
2.95000000000000e+00 0.00000000000000e+00 0.00000000000000e+00 
2.96000000000000e+00 0.00000000000000e+00 0.00000000000000e+00 
2.97000000000000e+00 0.00000000000000e+00 0.00000000000000e+00 
2.98000000000000e+00 0.00000000000000e+00 0.00000000000000e+00 
2.99000000000000e+00 0.00000000000000e+00 0.00000000000000e+00 
3.00000000000000e+00 0.00000000000000e+00 0.00000000000000e+00 
3.01000000000000e+00 0.00000000000000e+00 0.00000000000000e+00 
3.02000000000000e+00 0.00000000000000e+00 0.00000000000000e+00 
3.03000000000000e+00 0.00000000000000e+00 0.00000000000000e+00 
3.04000000000000e+00 0.00000000000000e+00 0.00000000000000e+00 
3.05000000000000e+00 0.00000000000000e+00 0.00000000000000e+00 
3.06000000000000e+00 0.00000000000000e+00 0.00000000000000e+00 
3.07000000000000e+00 0.00000000000000e+00 0.00000000000000e+00 
3.08000000000000e+00 0.00000000000000e+00 0.00000000000000e+00 
3.09000000000000e+00 0.00000000000000e+00 0.00000000000000e+00 
3.10000000000000e+00 0.00000000000000e+00 0.00000000000000e+00 
3.11000000000000e+00 0.00000000000000e+00 0.00000000000000e+00 
3.12000000000000e+00 0.00000000000000e+00 0.00000000000000e+00 
3.13000000000000e+00 0.00000000000000e+00 0.00000000000000e+00 
3.14000000000000e+00 0.00000000000000e+00 0.00000000000000e+00 
3.15000000000000e+00 0.00000000000000e+00 0.00000000000000e+00 
3.16000000000000e+00 0.00000000000000e+00 0.00000000000000e+00 
3.17000000000000e+00 0.00000000000000e+00 0.00000000000000e+00 
3.18000000000000e+00 0.00000000000000e+00 0.00000000000000e+00 
3.19000000000000e+00 0.00000000000000e+00 0.00000000000000e+00 
3.20000000000000e+00 0.00000000000000e+00 0.00000000000000e+00 
3.21000000000000e+00 0.00000000000000e+00 0.00000000000000e+00 
3.22000000000000e+00 0.00000000000000e+00 0.00000000000000e+00 
3.23000000000000e+00 0.00000000000000e+00 0.00000000000000e+00 
3.24000000000000e+00 0.00000000000000e+00 0.00000000000000e+00 
3.25000000000000e+00 0.00000000000000e+00 0.00000000000000e+00 
3.26000000000000e+00 0.00000000000000e+00 0.00000000000000e+00 
3.27000000000000e+00 0.00000000000000e+00 0.00000000000000e+00 
3.28000000000000e+00 0.00000000000000e+00 0.00000000000000e+00 
3.29000000000000e+00 0.00000000000000e+00 0.00000000000000e+00 
3.30000000000000e+00 0.00000000000000e+00 0.00000000000000e+00 
3.31000000000000e+00 0.00000000000000e+00 0.00000000000000e+00 
3.32000000000000e+00 0.00000000000000e+00 0.00000000000000e+00 
3.33000000000000e+00 0.00000000000000e+00 0.00000000000000e+00 
3.34000000000000e+00 0.00000000000000e+00 0.00000000000000e+00 
3.35000000000000e+00 0.00000000000000e+00 0.00000000000000e+00 
3.36000000000000e+00 0.00000000000000e+00 0.00000000000000e+00 
3.37000000000000e+00 0.00000000000000e+00 0.00000000000000e+00 
3.38000000000000e+00 0.00000000000000e+00 0.00000000000000e+00 
3.39000000000000e+00 0.00000000000000e+00 0.00000000000000e+00 
3.40000000000000e+00 0.00000000000000e+00 0.00000000000000e+00 
3.41000000000000e+00 0.00000000000000e+00 0.00000000000000e+00 
3.42000000000000e+00 0.00000000000000e+00 0.00000000000000e+00 
3.43000000000000e+00 0.00000000000000e+00 0.00000000000000e+00 
3.44000000000000e+00 0.00000000000000e+00 0.00000000000000e+00 
3.45000000000000e+00 0.00000000000000e+00 0.00000000000000e+00 
3.46000000000000e+00 0.00000000000000e+00 0.00000000000000e+00 
3.47000000000000e+00 0.00000000000000e+00 0.00000000000000e+00 
3.48000000000000e+00 0.00000000000000e+00 0.00000000000000e+00 
3.49000000000000e+00 0.00000000000000e+00 0.00000000000000e+00 
3.50000000000000e+00 0.00000000000000e+00 0.00000000000000e+00 
3.51000000000000e+00 0.00000000000000e+00 0.00000000000000e+00 
3.52000000000000e+00 0.00000000000000e+00 0.00000000000000e+00 
3.53000000000000e+00 0.00000000000000e+00 0.00000000000000e+00 
3.54000000000000e+00 0.00000000000000e+00 0.00000000000000e+00 
3.55000000000000e+00 0.00000000000000e+00 0.00000000000000e+00 
3.56000000000000e+00 0.00000000000000e+00 0.00000000000000e+00 
3.57000000000000e+00 0.00000000000000e+00 0.00000000000000e+00 
3.58000000000000e+00 0.00000000000000e+00 0.00000000000000e+00 
3.59000000000000e+00 0.00000000000000e+00 0.00000000000000e+00 
3.60000000000000e+00 0.00000000000000e+00 0.00000000000000e+00 
3.61000000000000e+00 0.00000000000000e+00 0.00000000000000e+00 
3.62000000000000e+00 0.00000000000000e+00 0.00000000000000e+00 
3.63000000000000e+00 0.00000000000000e+00 0.00000000000000e+00 
3.64000000000000e+00 0.00000000000000e+00 0.00000000000000e+00 
3.65000000000000e+00 0.00000000000000e+00 0.00000000000000e+00 
3.66000000000000e+00 0.00000000000000e+00 0.00000000000000e+00 
3.67000000000000e+00 0.00000000000000e+00 0.00000000000000e+00 
3.68000000000000e+00 0.00000000000000e+00 0.00000000000000e+00 
3.69000000000000e+00 0.00000000000000e+00 0.00000000000000e+00 
3.70000000000000e+00 0.00000000000000e+00 0.00000000000000e+00 
3.71000000000000e+00 0.00000000000000e+00 0.00000000000000e+00 
3.72000000000000e+00 0.00000000000000e+00 0.00000000000000e+00 
3.73000000000000e+00 0.00000000000000e+00 0.00000000000000e+00 
3.74000000000000e+00 0.00000000000000e+00 0.00000000000000e+00 
3.75000000000000e+00 0.00000000000000e+00 0.00000000000000e+00 
3.76000000000000e+00 0.00000000000000e+00 0.00000000000000e+00 
3.77000000000000e+00 0.00000000000000e+00 0.00000000000000e+00 
3.78000000000000e+00 0.00000000000000e+00 0.00000000000000e+00 
3.79000000000000e+00 0.00000000000000e+00 0.00000000000000e+00 
3.80000000000000e+00 0.00000000000000e+00 0.00000000000000e+00 
3.81000000000000e+00 0.00000000000000e+00 0.00000000000000e+00 
3.82000000000000e+00 0.00000000000000e+00 0.00000000000000e+00 
3.83000000000000e+00 0.00000000000000e+00 0.00000000000000e+00 
3.84000000000000e+00 0.00000000000000e+00 0.00000000000000e+00 
3.85000000000000e+00 0.00000000000000e+00 0.00000000000000e+00 
3.86000000000000e+00 0.00000000000000e+00 0.00000000000000e+00 
3.87000000000000e+00 0.00000000000000e+00 0.00000000000000e+00 
3.88000000000000e+00 0.00000000000000e+00 0.00000000000000e+00 
3.89000000000000e+00 0.00000000000000e+00 0.00000000000000e+00 
3.90000000000000e+00 0.00000000000000e+00 0.00000000000000e+00 
3.91000000000000e+00 0.00000000000000e+00 0.00000000000000e+00 
3.92000000000000e+00 0.00000000000000e+00 0.00000000000000e+00 
3.93000000000000e+00 0.00000000000000e+00 0.00000000000000e+00 
3.94000000000000e+00 0.00000000000000e+00 0.00000000000000e+00 
3.95000000000000e+00 0.00000000000000e+00 0.00000000000000e+00 
3.96000000000000e+00 0.00000000000000e+00 0.00000000000000e+00 
3.97000000000000e+00 0.00000000000000e+00 0.00000000000000e+00 
3.98000000000000e+00 0.00000000000000e+00 0.00000000000000e+00 
3.99000000000000e+00 0.00000000000000e+00 0.00000000000000e+00 
4.00000000000000e+00 0.00000000000000e+00 0.00000000000000e+00 
4.01000000000000e+00 0.00000000000000e+00 0.00000000000000e+00 
4.02000000000000e+00 0.00000000000000e+00 0.00000000000000e+00 
4.03000000000000e+00 0.00000000000000e+00 0.00000000000000e+00 
4.04000000000000e+00 0.00000000000000e+00 0.00000000000000e+00 
4.05000000000000e+00 0.00000000000000e+00 0.00000000000000e+00 
4.06000000000000e+00 0.00000000000000e+00 0.00000000000000e+00 
4.07000000000000e+00 0.00000000000000e+00 0.00000000000000e+00 
4.08000000000000e+00 0.00000000000000e+00 0.00000000000000e+00 
4.09000000000000e+00 0.00000000000000e+00 0.00000000000000e+00 
4.10000000000000e+00 0.00000000000000e+00 0.00000000000000e+00 
4.11000000000000e+00 0.00000000000000e+00 0.00000000000000e+00 
4.12000000000000e+00 0.00000000000000e+00 0.00000000000000e+00 
4.13000000000000e+00 0.00000000000000e+00 0.00000000000000e+00 
4.14000000000000e+00 0.00000000000000e+00 0.00000000000000e+00 
4.15000000000000e+00 0.00000000000000e+00 0.00000000000000e+00 
4.16000000000000e+00 0.00000000000000e+00 0.00000000000000e+00 
4.17000000000000e+00 0.00000000000000e+00 0.00000000000000e+00 
4.18000000000000e+00 0.00000000000000e+00 0.00000000000000e+00 
4.19000000000000e+00 0.00000000000000e+00 0.00000000000000e+00 
4.20000000000000e+00 0.00000000000000e+00 0.00000000000000e+00 
4.21000000000000e+00 0.00000000000000e+00 0.00000000000000e+00 
4.22000000000000e+00 0.00000000000000e+00 0.00000000000000e+00 
4.23000000000000e+00 0.00000000000000e+00 0.00000000000000e+00 
4.24000000000000e+00 0.00000000000000e+00 0.00000000000000e+00 
4.25000000000000e+00 0.00000000000000e+00 0.00000000000000e+00 
4.26000000000000e+00 0.00000000000000e+00 0.00000000000000e+00 
4.27000000000000e+00 0.00000000000000e+00 0.00000000000000e+00 
4.28000000000000e+00 0.00000000000000e+00 0.00000000000000e+00 
4.29000000000000e+00 0.00000000000000e+00 0.00000000000000e+00 
4.30000000000000e+00 0.00000000000000e+00 0.00000000000000e+00 
4.31000000000000e+00 0.00000000000000e+00 0.00000000000000e+00 
4.32000000000000e+00 0.00000000000000e+00 0.00000000000000e+00 
4.33000000000000e+00 0.00000000000000e+00 0.00000000000000e+00 
4.34000000000000e+00 0.00000000000000e+00 0.00000000000000e+00 
4.35000000000000e+00 0.00000000000000e+00 0.00000000000000e+00 
4.36000000000000e+00 0.00000000000000e+00 0.00000000000000e+00 
4.37000000000000e+00 0.00000000000000e+00 0.00000000000000e+00 
4.38000000000000e+00 0.00000000000000e+00 0.00000000000000e+00 
4.39000000000000e+00 0.00000000000000e+00 0.00000000000000e+00 
4.40000000000000e+00 0.00000000000000e+00 0.00000000000000e+00 
4.41000000000000e+00 0.00000000000000e+00 0.00000000000000e+00 
4.42000000000000e+00 0.00000000000000e+00 0.00000000000000e+00 
4.43000000000000e+00 0.00000000000000e+00 0.00000000000000e+00 
4.44000000000000e+00 0.00000000000000e+00 0.00000000000000e+00 
4.45000000000000e+00 0.00000000000000e+00 0.00000000000000e+00 
4.46000000000000e+00 0.00000000000000e+00 0.00000000000000e+00 
4.47000000000000e+00 0.00000000000000e+00 0.00000000000000e+00 
4.48000000000000e+00 0.00000000000000e+00 0.00000000000000e+00 
4.49000000000000e+00 0.00000000000000e+00 0.00000000000000e+00 
4.50000000000000e+00 0.00000000000000e+00 0.00000000000000e+00 
4.51000000000000e+00 0.00000000000000e+00 0.00000000000000e+00 
4.52000000000000e+00 0.00000000000000e+00 0.00000000000000e+00 
4.53000000000000e+00 0.00000000000000e+00 0.00000000000000e+00 
4.54000000000000e+00 0.00000000000000e+00 0.00000000000000e+00 
4.55000000000000e+00 0.00000000000000e+00 0.00000000000000e+00 
4.56000000000000e+00 0.00000000000000e+00 0.00000000000000e+00 
4.57000000000000e+00 0.00000000000000e+00 0.00000000000000e+00 
4.58000000000000e+00 0.00000000000000e+00 0.00000000000000e+00 
4.59000000000000e+00 0.00000000000000e+00 0.00000000000000e+00 
4.60000000000000e+00 0.00000000000000e+00 0.00000000000000e+00 
4.61000000000000e+00 0.00000000000000e+00 0.00000000000000e+00 
4.62000000000000e+00 0.00000000000000e+00 0.00000000000000e+00 
4.63000000000000e+00 0.00000000000000e+00 0.00000000000000e+00 
4.64000000000000e+00 0.00000000000000e+00 0.00000000000000e+00 
4.65000000000000e+00 0.00000000000000e+00 0.00000000000000e+00 
4.66000000000000e+00 0.00000000000000e+00 0.00000000000000e+00 
4.67000000000000e+00 0.00000000000000e+00 0.00000000000000e+00 
4.68000000000000e+00 0.00000000000000e+00 0.00000000000000e+00 
4.69000000000000e+00 0.00000000000000e+00 0.00000000000000e+00 
4.70000000000000e+00 0.00000000000000e+00 0.00000000000000e+00 
4.71000000000000e+00 0.00000000000000e+00 0.00000000000000e+00 
4.72000000000000e+00 0.00000000000000e+00 0.00000000000000e+00 
4.73000000000000e+00 0.00000000000000e+00 0.00000000000000e+00 
4.74000000000000e+00 0.00000000000000e+00 0.00000000000000e+00 
4.75000000000000e+00 0.00000000000000e+00 0.00000000000000e+00 
4.76000000000000e+00 0.00000000000000e+00 0.00000000000000e+00 
4.77000000000000e+00 0.00000000000000e+00 0.00000000000000e+00 
4.78000000000000e+00 0.00000000000000e+00 0.00000000000000e+00 
4.79000000000000e+00 0.00000000000000e+00 0.00000000000000e+00 
4.80000000000000e+00 0.00000000000000e+00 0.00000000000000e+00 
4.81000000000000e+00 0.00000000000000e+00 0.00000000000000e+00 
4.82000000000000e+00 0.00000000000000e+00 0.00000000000000e+00 
4.83000000000000e+00 0.00000000000000e+00 0.00000000000000e+00 
4.84000000000000e+00 0.00000000000000e+00 0.00000000000000e+00 
4.85000000000000e+00 0.00000000000000e+00 0.00000000000000e+00 
4.86000000000000e+00 0.00000000000000e+00 0.00000000000000e+00 
4.87000000000000e+00 0.00000000000000e+00 0.00000000000000e+00 
4.88000000000000e+00 0.00000000000000e+00 0.00000000000000e+00 
4.89000000000000e+00 0.00000000000000e+00 0.00000000000000e+00 
4.90000000000000e+00 0.00000000000000e+00 0.00000000000000e+00 
4.91000000000000e+00 0.00000000000000e+00 0.00000000000000e+00 
4.92000000000000e+00 0.00000000000000e+00 0.00000000000000e+00 
4.93000000000000e+00 0.00000000000000e+00 0.00000000000000e+00 
4.94000000000000e+00 0.00000000000000e+00 0.00000000000000e+00 
4.95000000000000e+00 0.00000000000000e+00 0.00000000000000e+00 
4.96000000000000e+00 0.00000000000000e+00 0.00000000000000e+00 
4.97000000000000e+00 0.00000000000000e+00 0.00000000000000e+00 
4.98000000000000e+00 0.00000000000000e+00 0.00000000000000e+00 
4.99000000000000e+00 0.00000000000000e+00 0.00000000000000e+00 
5.00000000000000e+00 0.00000000000000e+00 0.00000000000000e+00 
5.01000000000000e+00 0.00000000000000e+00 0.00000000000000e+00 
5.02000000000000e+00 0.00000000000000e+00 0.00000000000000e+00 
5.03000000000000e+00 0.00000000000000e+00 0.00000000000000e+00 
5.04000000000000e+00 0.00000000000000e+00 0.00000000000000e+00 
5.05000000000000e+00 0.00000000000000e+00 0.00000000000000e+00 
5.06000000000000e+00 0.00000000000000e+00 0.00000000000000e+00 
5.07000000000000e+00 0.00000000000000e+00 0.00000000000000e+00 
5.08000000000000e+00 0.00000000000000e+00 0.00000000000000e+00 
5.09000000000000e+00 0.00000000000000e+00 0.00000000000000e+00 
5.10000000000000e+00 0.00000000000000e+00 0.00000000000000e+00 
5.11000000000000e+00 0.00000000000000e+00 0.00000000000000e+00 
5.12000000000000e+00 0.00000000000000e+00 0.00000000000000e+00 
5.13000000000000e+00 0.00000000000000e+00 0.00000000000000e+00 
5.14000000000000e+00 0.00000000000000e+00 0.00000000000000e+00 
5.15000000000000e+00 0.00000000000000e+00 0.00000000000000e+00 
5.16000000000000e+00 0.00000000000000e+00 0.00000000000000e+00 
5.17000000000000e+00 0.00000000000000e+00 0.00000000000000e+00 
5.18000000000000e+00 0.00000000000000e+00 0.00000000000000e+00 
5.19000000000000e+00 0.00000000000000e+00 0.00000000000000e+00 
5.20000000000000e+00 0.00000000000000e+00 0.00000000000000e+00 
5.21000000000000e+00 0.00000000000000e+00 0.00000000000000e+00 
5.22000000000000e+00 0.00000000000000e+00 0.00000000000000e+00 
5.23000000000000e+00 0.00000000000000e+00 0.00000000000000e+00 
5.24000000000000e+00 0.00000000000000e+00 0.00000000000000e+00 
5.25000000000000e+00 0.00000000000000e+00 0.00000000000000e+00 
5.26000000000000e+00 0.00000000000000e+00 0.00000000000000e+00 
5.27000000000000e+00 0.00000000000000e+00 0.00000000000000e+00 
5.28000000000000e+00 0.00000000000000e+00 0.00000000000000e+00 
5.29000000000000e+00 0.00000000000000e+00 0.00000000000000e+00 
5.30000000000000e+00 0.00000000000000e+00 0.00000000000000e+00 
5.31000000000000e+00 0.00000000000000e+00 0.00000000000000e+00 
5.32000000000000e+00 0.00000000000000e+00 0.00000000000000e+00 
5.33000000000000e+00 0.00000000000000e+00 0.00000000000000e+00 
5.34000000000000e+00 0.00000000000000e+00 0.00000000000000e+00 
5.35000000000000e+00 0.00000000000000e+00 0.00000000000000e+00 
5.36000000000000e+00 0.00000000000000e+00 0.00000000000000e+00 
5.37000000000000e+00 0.00000000000000e+00 0.00000000000000e+00 
5.38000000000000e+00 0.00000000000000e+00 0.00000000000000e+00 
5.39000000000000e+00 0.00000000000000e+00 0.00000000000000e+00 
5.40000000000000e+00 0.00000000000000e+00 0.00000000000000e+00 
5.41000000000000e+00 0.00000000000000e+00 0.00000000000000e+00 
5.42000000000000e+00 0.00000000000000e+00 0.00000000000000e+00 
5.43000000000000e+00 0.00000000000000e+00 0.00000000000000e+00 
5.44000000000000e+00 0.00000000000000e+00 0.00000000000000e+00 
5.45000000000000e+00 0.00000000000000e+00 0.00000000000000e+00 
5.46000000000000e+00 0.00000000000000e+00 0.00000000000000e+00 
5.47000000000000e+00 0.00000000000000e+00 0.00000000000000e+00 
5.48000000000000e+00 0.00000000000000e+00 0.00000000000000e+00 
5.49000000000000e+00 0.00000000000000e+00 0.00000000000000e+00 
5.50000000000000e+00 0.00000000000000e+00 0.00000000000000e+00 
5.51000000000000e+00 0.00000000000000e+00 0.00000000000000e+00 
5.52000000000000e+00 0.00000000000000e+00 0.00000000000000e+00 
5.53000000000000e+00 0.00000000000000e+00 0.00000000000000e+00 
5.54000000000000e+00 0.00000000000000e+00 0.00000000000000e+00 
5.55000000000000e+00 0.00000000000000e+00 0.00000000000000e+00 
5.56000000000000e+00 0.00000000000000e+00 0.00000000000000e+00 
5.57000000000000e+00 0.00000000000000e+00 0.00000000000000e+00 
5.58000000000000e+00 0.00000000000000e+00 0.00000000000000e+00 
5.59000000000000e+00 0.00000000000000e+00 0.00000000000000e+00 
5.60000000000000e+00 0.00000000000000e+00 0.00000000000000e+00 
5.61000000000000e+00 0.00000000000000e+00 0.00000000000000e+00 
5.62000000000000e+00 0.00000000000000e+00 0.00000000000000e+00 
5.63000000000000e+00 0.00000000000000e+00 0.00000000000000e+00 
5.64000000000000e+00 0.00000000000000e+00 0.00000000000000e+00 
5.65000000000000e+00 0.00000000000000e+00 0.00000000000000e+00 
5.66000000000000e+00 0.00000000000000e+00 0.00000000000000e+00 
5.67000000000000e+00 0.00000000000000e+00 0.00000000000000e+00 
5.68000000000000e+00 0.00000000000000e+00 0.00000000000000e+00 
5.69000000000000e+00 0.00000000000000e+00 0.00000000000000e+00 
5.70000000000000e+00 0.00000000000000e+00 0.00000000000000e+00 
5.71000000000000e+00 0.00000000000000e+00 0.00000000000000e+00 
5.72000000000000e+00 0.00000000000000e+00 0.00000000000000e+00 
5.73000000000000e+00 0.00000000000000e+00 0.00000000000000e+00 
5.74000000000000e+00 0.00000000000000e+00 0.00000000000000e+00 
5.75000000000000e+00 0.00000000000000e+00 0.00000000000000e+00 
5.76000000000000e+00 0.00000000000000e+00 0.00000000000000e+00 
5.77000000000000e+00 0.00000000000000e+00 0.00000000000000e+00 
5.78000000000000e+00 0.00000000000000e+00 0.00000000000000e+00 
5.79000000000000e+00 0.00000000000000e+00 0.00000000000000e+00 
5.80000000000000e+00 0.00000000000000e+00 0.00000000000000e+00 
5.81000000000000e+00 0.00000000000000e+00 0.00000000000000e+00 
5.82000000000000e+00 0.00000000000000e+00 0.00000000000000e+00 
5.83000000000000e+00 0.00000000000000e+00 0.00000000000000e+00 
5.84000000000000e+00 0.00000000000000e+00 0.00000000000000e+00 
5.85000000000000e+00 0.00000000000000e+00 0.00000000000000e+00 
5.86000000000000e+00 0.00000000000000e+00 0.00000000000000e+00 
5.87000000000000e+00 0.00000000000000e+00 0.00000000000000e+00 
5.88000000000000e+00 0.00000000000000e+00 0.00000000000000e+00 
5.89000000000000e+00 0.00000000000000e+00 0.00000000000000e+00 
5.90000000000000e+00 0.00000000000000e+00 0.00000000000000e+00 
5.91000000000000e+00 0.00000000000000e+00 0.00000000000000e+00 
5.92000000000000e+00 0.00000000000000e+00 0.00000000000000e+00 
5.93000000000000e+00 0.00000000000000e+00 0.00000000000000e+00 
5.94000000000000e+00 0.00000000000000e+00 0.00000000000000e+00 
5.95000000000000e+00 0.00000000000000e+00 0.00000000000000e+00 
5.96000000000000e+00 0.00000000000000e+00 0.00000000000000e+00 
5.97000000000000e+00 0.00000000000000e+00 0.00000000000000e+00 
5.98000000000000e+00 0.00000000000000e+00 0.00000000000000e+00 
5.99000000000000e+00 0.00000000000000e+00 0.00000000000000e+00 
6.00000000000000e+00 0.00000000000000e+00 0.00000000000000e+00 
6.01000000000000e+00 0.00000000000000e+00 0.00000000000000e+00 
6.02000000000000e+00 0.00000000000000e+00 0.00000000000000e+00 
6.03000000000000e+00 0.00000000000000e+00 0.00000000000000e+00 
6.04000000000000e+00 0.00000000000000e+00 0.00000000000000e+00 
6.05000000000000e+00 0.00000000000000e+00 0.00000000000000e+00 
6.06000000000000e+00 0.00000000000000e+00 0.00000000000000e+00 
6.07000000000000e+00 0.00000000000000e+00 0.00000000000000e+00 
6.08000000000000e+00 0.00000000000000e+00 0.00000000000000e+00 
6.09000000000000e+00 0.00000000000000e+00 0.00000000000000e+00 
6.10000000000000e+00 0.00000000000000e+00 0.00000000000000e+00 
6.11000000000000e+00 0.00000000000000e+00 0.00000000000000e+00 
6.12000000000000e+00 0.00000000000000e+00 0.00000000000000e+00 
6.13000000000000e+00 0.00000000000000e+00 0.00000000000000e+00 
6.14000000000000e+00 0.00000000000000e+00 0.00000000000000e+00 
6.15000000000000e+00 0.00000000000000e+00 0.00000000000000e+00 
6.16000000000000e+00 0.00000000000000e+00 0.00000000000000e+00 
6.17000000000000e+00 0.00000000000000e+00 0.00000000000000e+00 
6.18000000000000e+00 0.00000000000000e+00 0.00000000000000e+00 
6.19000000000000e+00 0.00000000000000e+00 0.00000000000000e+00 
6.20000000000000e+00 0.00000000000000e+00 0.00000000000000e+00 
6.21000000000000e+00 0.00000000000000e+00 0.00000000000000e+00 
6.22000000000000e+00 0.00000000000000e+00 0.00000000000000e+00 
6.23000000000000e+00 0.00000000000000e+00 0.00000000000000e+00 
6.24000000000000e+00 0.00000000000000e+00 0.00000000000000e+00 
6.25000000000000e+00 0.00000000000000e+00 0.00000000000000e+00 
6.26000000000000e+00 0.00000000000000e+00 0.00000000000000e+00 
6.27000000000000e+00 0.00000000000000e+00 0.00000000000000e+00 
6.28000000000000e+00 0.00000000000000e+00 0.00000000000000e+00 
6.29000000000000e+00 0.00000000000000e+00 0.00000000000000e+00 
6.30000000000000e+00 0.00000000000000e+00 0.00000000000000e+00 
6.31000000000000e+00 0.00000000000000e+00 0.00000000000000e+00 
6.32000000000000e+00 0.00000000000000e+00 0.00000000000000e+00 
6.33000000000000e+00 0.00000000000000e+00 0.00000000000000e+00 
6.34000000000000e+00 0.00000000000000e+00 0.00000000000000e+00 
6.35000000000000e+00 0.00000000000000e+00 0.00000000000000e+00 
6.36000000000000e+00 0.00000000000000e+00 0.00000000000000e+00 
6.37000000000000e+00 0.00000000000000e+00 0.00000000000000e+00 
6.38000000000000e+00 0.00000000000000e+00 0.00000000000000e+00 
6.39000000000000e+00 0.00000000000000e+00 0.00000000000000e+00 
6.40000000000000e+00 0.00000000000000e+00 0.00000000000000e+00 
6.41000000000000e+00 0.00000000000000e+00 0.00000000000000e+00 
6.42000000000000e+00 0.00000000000000e+00 0.00000000000000e+00 
6.43000000000000e+00 0.00000000000000e+00 0.00000000000000e+00 
6.44000000000000e+00 0.00000000000000e+00 0.00000000000000e+00 
6.45000000000000e+00 0.00000000000000e+00 0.00000000000000e+00 
6.46000000000000e+00 0.00000000000000e+00 0.00000000000000e+00 
6.47000000000000e+00 0.00000000000000e+00 0.00000000000000e+00 
6.48000000000000e+00 0.00000000000000e+00 0.00000000000000e+00 
6.49000000000000e+00 0.00000000000000e+00 0.00000000000000e+00 
6.50000000000000e+00 0.00000000000000e+00 0.00000000000000e+00 
6.51000000000000e+00 0.00000000000000e+00 0.00000000000000e+00 
6.52000000000000e+00 0.00000000000000e+00 0.00000000000000e+00 
6.53000000000000e+00 0.00000000000000e+00 0.00000000000000e+00 
6.54000000000000e+00 0.00000000000000e+00 0.00000000000000e+00 
6.55000000000000e+00 0.00000000000000e+00 0.00000000000000e+00 
6.56000000000000e+00 0.00000000000000e+00 0.00000000000000e+00 
6.57000000000000e+00 0.00000000000000e+00 0.00000000000000e+00 
6.58000000000000e+00 0.00000000000000e+00 0.00000000000000e+00 
6.59000000000000e+00 0.00000000000000e+00 0.00000000000000e+00 
6.60000000000000e+00 0.00000000000000e+00 0.00000000000000e+00 
6.61000000000000e+00 0.00000000000000e+00 0.00000000000000e+00 
6.62000000000000e+00 0.00000000000000e+00 0.00000000000000e+00 
6.63000000000000e+00 0.00000000000000e+00 0.00000000000000e+00 
6.64000000000000e+00 0.00000000000000e+00 0.00000000000000e+00 
6.65000000000000e+00 0.00000000000000e+00 0.00000000000000e+00 
6.66000000000000e+00 0.00000000000000e+00 0.00000000000000e+00 
6.67000000000000e+00 0.00000000000000e+00 0.00000000000000e+00 
6.68000000000000e+00 0.00000000000000e+00 0.00000000000000e+00 
6.69000000000000e+00 0.00000000000000e+00 0.00000000000000e+00 
6.70000000000000e+00 0.00000000000000e+00 0.00000000000000e+00 
6.71000000000000e+00 0.00000000000000e+00 0.00000000000000e+00 
6.72000000000000e+00 0.00000000000000e+00 0.00000000000000e+00 
6.73000000000000e+00 0.00000000000000e+00 0.00000000000000e+00 
6.74000000000000e+00 0.00000000000000e+00 0.00000000000000e+00 
6.75000000000000e+00 0.00000000000000e+00 0.00000000000000e+00 
6.76000000000000e+00 0.00000000000000e+00 0.00000000000000e+00 
6.77000000000000e+00 0.00000000000000e+00 0.00000000000000e+00 
6.78000000000000e+00 0.00000000000000e+00 0.00000000000000e+00 
6.79000000000000e+00 0.00000000000000e+00 0.00000000000000e+00 
6.80000000000000e+00 0.00000000000000e+00 0.00000000000000e+00 
6.81000000000000e+00 0.00000000000000e+00 0.00000000000000e+00 
6.82000000000000e+00 0.00000000000000e+00 0.00000000000000e+00 
6.83000000000000e+00 0.00000000000000e+00 0.00000000000000e+00 
6.84000000000000e+00 0.00000000000000e+00 0.00000000000000e+00 
6.85000000000000e+00 0.00000000000000e+00 0.00000000000000e+00 
6.86000000000000e+00 0.00000000000000e+00 0.00000000000000e+00 
6.87000000000000e+00 0.00000000000000e+00 0.00000000000000e+00 
6.88000000000000e+00 0.00000000000000e+00 0.00000000000000e+00 
6.89000000000000e+00 0.00000000000000e+00 0.00000000000000e+00 
6.90000000000000e+00 0.00000000000000e+00 0.00000000000000e+00 
6.91000000000000e+00 0.00000000000000e+00 0.00000000000000e+00 
6.92000000000000e+00 0.00000000000000e+00 0.00000000000000e+00 
6.93000000000000e+00 0.00000000000000e+00 0.00000000000000e+00 
6.94000000000000e+00 0.00000000000000e+00 0.00000000000000e+00 
6.95000000000000e+00 0.00000000000000e+00 0.00000000000000e+00 
6.96000000000000e+00 0.00000000000000e+00 0.00000000000000e+00 
6.97000000000000e+00 0.00000000000000e+00 0.00000000000000e+00 
6.98000000000000e+00 0.00000000000000e+00 0.00000000000000e+00 
6.99000000000000e+00 0.00000000000000e+00 0.00000000000000e+00 
7.00000000000000e+00 0.00000000000000e+00 0.00000000000000e+00 
7.01000000000000e+00 0.00000000000000e+00 0.00000000000000e+00 
7.02000000000000e+00 0.00000000000000e+00 0.00000000000000e+00 
7.03000000000000e+00 0.00000000000000e+00 0.00000000000000e+00 
7.04000000000000e+00 0.00000000000000e+00 0.00000000000000e+00 
7.05000000000000e+00 0.00000000000000e+00 0.00000000000000e+00 
7.06000000000000e+00 0.00000000000000e+00 0.00000000000000e+00 
7.07000000000000e+00 0.00000000000000e+00 0.00000000000000e+00 
7.08000000000000e+00 0.00000000000000e+00 0.00000000000000e+00 
7.09000000000000e+00 0.00000000000000e+00 0.00000000000000e+00 
7.10000000000000e+00 0.00000000000000e+00 0.00000000000000e+00 
7.11000000000000e+00 0.00000000000000e+00 0.00000000000000e+00 
7.12000000000000e+00 0.00000000000000e+00 0.00000000000000e+00 
7.13000000000000e+00 0.00000000000000e+00 0.00000000000000e+00 
7.14000000000000e+00 0.00000000000000e+00 0.00000000000000e+00 
7.15000000000000e+00 0.00000000000000e+00 0.00000000000000e+00 
7.16000000000000e+00 0.00000000000000e+00 0.00000000000000e+00 
7.17000000000000e+00 0.00000000000000e+00 0.00000000000000e+00 
7.18000000000000e+00 0.00000000000000e+00 0.00000000000000e+00 
7.19000000000000e+00 0.00000000000000e+00 0.00000000000000e+00 
7.20000000000000e+00 0.00000000000000e+00 0.00000000000000e+00 
7.21000000000000e+00 0.00000000000000e+00 0.00000000000000e+00 
7.22000000000000e+00 0.00000000000000e+00 0.00000000000000e+00 
7.23000000000000e+00 0.00000000000000e+00 0.00000000000000e+00 
7.24000000000000e+00 0.00000000000000e+00 0.00000000000000e+00 
7.25000000000000e+00 0.00000000000000e+00 0.00000000000000e+00 
7.26000000000000e+00 0.00000000000000e+00 0.00000000000000e+00 
7.27000000000000e+00 0.00000000000000e+00 0.00000000000000e+00 
7.28000000000000e+00 0.00000000000000e+00 0.00000000000000e+00 
7.29000000000000e+00 0.00000000000000e+00 0.00000000000000e+00 
7.30000000000000e+00 0.00000000000000e+00 0.00000000000000e+00 
7.31000000000000e+00 0.00000000000000e+00 0.00000000000000e+00 
7.32000000000000e+00 0.00000000000000e+00 0.00000000000000e+00 
7.33000000000000e+00 0.00000000000000e+00 0.00000000000000e+00 
7.34000000000000e+00 0.00000000000000e+00 0.00000000000000e+00 
7.35000000000000e+00 0.00000000000000e+00 0.00000000000000e+00 
7.36000000000000e+00 0.00000000000000e+00 0.00000000000000e+00 
7.37000000000000e+00 0.00000000000000e+00 0.00000000000000e+00 
7.38000000000000e+00 0.00000000000000e+00 0.00000000000000e+00 
7.39000000000000e+00 0.00000000000000e+00 0.00000000000000e+00 
7.40000000000000e+00 0.00000000000000e+00 0.00000000000000e+00 
7.41000000000000e+00 0.00000000000000e+00 0.00000000000000e+00 
7.42000000000000e+00 0.00000000000000e+00 0.00000000000000e+00 
7.43000000000000e+00 0.00000000000000e+00 0.00000000000000e+00 
7.44000000000000e+00 0.00000000000000e+00 0.00000000000000e+00 
7.45000000000000e+00 0.00000000000000e+00 0.00000000000000e+00 
7.46000000000000e+00 0.00000000000000e+00 0.00000000000000e+00 
7.47000000000000e+00 0.00000000000000e+00 0.00000000000000e+00 
7.48000000000000e+00 0.00000000000000e+00 0.00000000000000e+00 
7.49000000000000e+00 0.00000000000000e+00 0.00000000000000e+00 
7.50000000000000e+00 0.00000000000000e+00 0.00000000000000e+00 
7.51000000000000e+00 0.00000000000000e+00 0.00000000000000e+00 
7.52000000000000e+00 0.00000000000000e+00 0.00000000000000e+00 
7.53000000000000e+00 0.00000000000000e+00 0.00000000000000e+00 
7.54000000000000e+00 0.00000000000000e+00 0.00000000000000e+00 
7.55000000000000e+00 0.00000000000000e+00 0.00000000000000e+00 
7.56000000000000e+00 0.00000000000000e+00 0.00000000000000e+00 
7.57000000000000e+00 0.00000000000000e+00 0.00000000000000e+00 
7.58000000000000e+00 0.00000000000000e+00 0.00000000000000e+00 
7.59000000000000e+00 0.00000000000000e+00 0.00000000000000e+00 
7.60000000000000e+00 0.00000000000000e+00 0.00000000000000e+00 
7.61000000000000e+00 0.00000000000000e+00 0.00000000000000e+00 
7.62000000000000e+00 0.00000000000000e+00 0.00000000000000e+00 
7.63000000000000e+00 0.00000000000000e+00 0.00000000000000e+00 
7.64000000000000e+00 0.00000000000000e+00 0.00000000000000e+00 
7.65000000000000e+00 0.00000000000000e+00 0.00000000000000e+00 
7.66000000000000e+00 0.00000000000000e+00 0.00000000000000e+00 
7.67000000000000e+00 0.00000000000000e+00 0.00000000000000e+00 
7.68000000000000e+00 0.00000000000000e+00 0.00000000000000e+00 
7.69000000000000e+00 0.00000000000000e+00 0.00000000000000e+00 
7.70000000000000e+00 0.00000000000000e+00 0.00000000000000e+00 
7.71000000000000e+00 0.00000000000000e+00 0.00000000000000e+00 
7.72000000000000e+00 0.00000000000000e+00 0.00000000000000e+00 
7.73000000000000e+00 0.00000000000000e+00 0.00000000000000e+00 
7.74000000000000e+00 0.00000000000000e+00 0.00000000000000e+00 
7.75000000000000e+00 0.00000000000000e+00 0.00000000000000e+00 
7.76000000000000e+00 0.00000000000000e+00 0.00000000000000e+00 
7.77000000000000e+00 0.00000000000000e+00 0.00000000000000e+00 
7.78000000000000e+00 0.00000000000000e+00 0.00000000000000e+00 
7.79000000000000e+00 0.00000000000000e+00 0.00000000000000e+00 
7.80000000000000e+00 0.00000000000000e+00 0.00000000000000e+00 
7.81000000000000e+00 0.00000000000000e+00 0.00000000000000e+00 
7.82000000000000e+00 0.00000000000000e+00 0.00000000000000e+00 
7.83000000000000e+00 0.00000000000000e+00 0.00000000000000e+00 
7.84000000000000e+00 0.00000000000000e+00 0.00000000000000e+00 
7.85000000000000e+00 0.00000000000000e+00 0.00000000000000e+00 
7.86000000000000e+00 0.00000000000000e+00 0.00000000000000e+00 
7.87000000000000e+00 0.00000000000000e+00 0.00000000000000e+00 
7.88000000000000e+00 0.00000000000000e+00 0.00000000000000e+00 
7.89000000000000e+00 0.00000000000000e+00 0.00000000000000e+00 
7.90000000000000e+00 0.00000000000000e+00 0.00000000000000e+00 
7.91000000000000e+00 0.00000000000000e+00 0.00000000000000e+00 
7.92000000000000e+00 0.00000000000000e+00 0.00000000000000e+00 
7.93000000000000e+00 0.00000000000000e+00 0.00000000000000e+00 
7.94000000000000e+00 0.00000000000000e+00 0.00000000000000e+00 
7.95000000000000e+00 0.00000000000000e+00 0.00000000000000e+00 
7.96000000000000e+00 0.00000000000000e+00 0.00000000000000e+00 
7.97000000000000e+00 0.00000000000000e+00 0.00000000000000e+00 
7.98000000000000e+00 0.00000000000000e+00 0.00000000000000e+00 
7.99000000000000e+00 0.00000000000000e+00 0.00000000000000e+00 
8.00000000000000e+00 0.00000000000000e+00 0.00000000000000e+00 
8.01000000000000e+00 0.00000000000000e+00 0.00000000000000e+00 
8.02000000000000e+00 0.00000000000000e+00 0.00000000000000e+00 
8.03000000000000e+00 0.00000000000000e+00 0.00000000000000e+00 
8.04000000000000e+00 0.00000000000000e+00 0.00000000000000e+00 
8.05000000000000e+00 0.00000000000000e+00 0.00000000000000e+00 
8.06000000000000e+00 0.00000000000000e+00 0.00000000000000e+00 
8.07000000000000e+00 0.00000000000000e+00 0.00000000000000e+00 
8.08000000000000e+00 0.00000000000000e+00 0.00000000000000e+00 
8.09000000000000e+00 0.00000000000000e+00 0.00000000000000e+00 
8.10000000000000e+00 0.00000000000000e+00 0.00000000000000e+00 
8.11000000000000e+00 0.00000000000000e+00 0.00000000000000e+00 
8.12000000000000e+00 0.00000000000000e+00 0.00000000000000e+00 
8.13000000000000e+00 0.00000000000000e+00 0.00000000000000e+00 
8.14000000000000e+00 0.00000000000000e+00 0.00000000000000e+00 
8.15000000000000e+00 0.00000000000000e+00 0.00000000000000e+00 
8.16000000000000e+00 0.00000000000000e+00 0.00000000000000e+00 
8.17000000000000e+00 0.00000000000000e+00 0.00000000000000e+00 
8.18000000000000e+00 0.00000000000000e+00 0.00000000000000e+00 
8.19000000000000e+00 0.00000000000000e+00 0.00000000000000e+00 
8.20000000000000e+00 0.00000000000000e+00 0.00000000000000e+00 
8.21000000000000e+00 0.00000000000000e+00 0.00000000000000e+00 
8.22000000000000e+00 0.00000000000000e+00 0.00000000000000e+00 
8.23000000000000e+00 0.00000000000000e+00 0.00000000000000e+00 
8.24000000000000e+00 0.00000000000000e+00 0.00000000000000e+00 
8.25000000000000e+00 0.00000000000000e+00 0.00000000000000e+00 
8.26000000000000e+00 0.00000000000000e+00 0.00000000000000e+00 
8.27000000000000e+00 0.00000000000000e+00 0.00000000000000e+00 
8.28000000000000e+00 0.00000000000000e+00 0.00000000000000e+00 
8.29000000000000e+00 0.00000000000000e+00 0.00000000000000e+00 
8.30000000000000e+00 0.00000000000000e+00 0.00000000000000e+00 
8.31000000000000e+00 0.00000000000000e+00 0.00000000000000e+00 
8.32000000000000e+00 0.00000000000000e+00 0.00000000000000e+00 
8.33000000000000e+00 0.00000000000000e+00 0.00000000000000e+00 
8.34000000000000e+00 0.00000000000000e+00 0.00000000000000e+00 
8.35000000000000e+00 0.00000000000000e+00 0.00000000000000e+00 
8.36000000000000e+00 0.00000000000000e+00 0.00000000000000e+00 
8.37000000000000e+00 0.00000000000000e+00 0.00000000000000e+00 
8.38000000000000e+00 0.00000000000000e+00 0.00000000000000e+00 
8.39000000000000e+00 0.00000000000000e+00 0.00000000000000e+00 
8.40000000000000e+00 0.00000000000000e+00 0.00000000000000e+00 
8.41000000000000e+00 0.00000000000000e+00 0.00000000000000e+00 
8.42000000000000e+00 0.00000000000000e+00 0.00000000000000e+00 
8.43000000000000e+00 0.00000000000000e+00 0.00000000000000e+00 
8.44000000000000e+00 0.00000000000000e+00 0.00000000000000e+00 
8.45000000000000e+00 0.00000000000000e+00 0.00000000000000e+00 
8.46000000000000e+00 0.00000000000000e+00 0.00000000000000e+00 
8.47000000000000e+00 0.00000000000000e+00 0.00000000000000e+00 
8.48000000000000e+00 0.00000000000000e+00 0.00000000000000e+00 
8.49000000000000e+00 0.00000000000000e+00 0.00000000000000e+00 
8.50000000000000e+00 0.00000000000000e+00 0.00000000000000e+00 
8.51000000000000e+00 0.00000000000000e+00 0.00000000000000e+00 
8.52000000000000e+00 0.00000000000000e+00 0.00000000000000e+00 
8.53000000000000e+00 0.00000000000000e+00 0.00000000000000e+00 
8.54000000000000e+00 0.00000000000000e+00 0.00000000000000e+00 
8.55000000000000e+00 0.00000000000000e+00 0.00000000000000e+00 
8.56000000000000e+00 0.00000000000000e+00 0.00000000000000e+00 
8.57000000000000e+00 0.00000000000000e+00 0.00000000000000e+00 
8.58000000000000e+00 0.00000000000000e+00 0.00000000000000e+00 
8.59000000000000e+00 0.00000000000000e+00 0.00000000000000e+00 
8.60000000000000e+00 0.00000000000000e+00 0.00000000000000e+00 
8.61000000000000e+00 0.00000000000000e+00 0.00000000000000e+00 
8.62000000000000e+00 0.00000000000000e+00 0.00000000000000e+00 
8.63000000000000e+00 0.00000000000000e+00 0.00000000000000e+00 
8.64000000000000e+00 0.00000000000000e+00 0.00000000000000e+00 
8.65000000000000e+00 0.00000000000000e+00 0.00000000000000e+00 
8.66000000000000e+00 0.00000000000000e+00 0.00000000000000e+00 
8.67000000000000e+00 0.00000000000000e+00 0.00000000000000e+00 
8.68000000000000e+00 0.00000000000000e+00 0.00000000000000e+00 
8.69000000000000e+00 0.00000000000000e+00 0.00000000000000e+00 
8.70000000000000e+00 0.00000000000000e+00 0.00000000000000e+00 
8.71000000000000e+00 0.00000000000000e+00 0.00000000000000e+00 
8.72000000000000e+00 0.00000000000000e+00 0.00000000000000e+00 
8.73000000000000e+00 0.00000000000000e+00 0.00000000000000e+00 
8.74000000000000e+00 0.00000000000000e+00 0.00000000000000e+00 
8.75000000000000e+00 0.00000000000000e+00 0.00000000000000e+00 
8.76000000000000e+00 0.00000000000000e+00 0.00000000000000e+00 
8.77000000000000e+00 0.00000000000000e+00 0.00000000000000e+00 
8.78000000000000e+00 0.00000000000000e+00 0.00000000000000e+00 
8.79000000000000e+00 0.00000000000000e+00 0.00000000000000e+00 
8.80000000000000e+00 0.00000000000000e+00 0.00000000000000e+00 
8.81000000000000e+00 0.00000000000000e+00 0.00000000000000e+00 
8.82000000000000e+00 0.00000000000000e+00 0.00000000000000e+00 
8.83000000000000e+00 0.00000000000000e+00 0.00000000000000e+00 
8.84000000000000e+00 0.00000000000000e+00 0.00000000000000e+00 
8.85000000000000e+00 0.00000000000000e+00 0.00000000000000e+00 
8.86000000000000e+00 0.00000000000000e+00 0.00000000000000e+00 
8.87000000000000e+00 0.00000000000000e+00 0.00000000000000e+00 
8.88000000000000e+00 0.00000000000000e+00 0.00000000000000e+00 
8.89000000000000e+00 0.00000000000000e+00 0.00000000000000e+00 
8.90000000000000e+00 0.00000000000000e+00 0.00000000000000e+00 
8.91000000000000e+00 0.00000000000000e+00 0.00000000000000e+00 
8.92000000000000e+00 0.00000000000000e+00 0.00000000000000e+00 
8.93000000000000e+00 0.00000000000000e+00 0.00000000000000e+00 
8.94000000000000e+00 0.00000000000000e+00 0.00000000000000e+00 
8.95000000000000e+00 0.00000000000000e+00 0.00000000000000e+00 
8.96000000000000e+00 0.00000000000000e+00 0.00000000000000e+00 
8.97000000000000e+00 0.00000000000000e+00 0.00000000000000e+00 
8.98000000000000e+00 0.00000000000000e+00 0.00000000000000e+00 
8.99000000000000e+00 0.00000000000000e+00 0.00000000000000e+00 
9.00000000000000e+00 0.00000000000000e+00 0.00000000000000e+00 
9.01000000000000e+00 0.00000000000000e+00 0.00000000000000e+00 
9.02000000000000e+00 0.00000000000000e+00 0.00000000000000e+00 
9.03000000000000e+00 0.00000000000000e+00 0.00000000000000e+00 
9.04000000000000e+00 0.00000000000000e+00 0.00000000000000e+00 
9.05000000000000e+00 0.00000000000000e+00 0.00000000000000e+00 
9.06000000000000e+00 0.00000000000000e+00 0.00000000000000e+00 
9.07000000000000e+00 0.00000000000000e+00 0.00000000000000e+00 
9.08000000000000e+00 0.00000000000000e+00 0.00000000000000e+00 
9.09000000000000e+00 0.00000000000000e+00 0.00000000000000e+00 
9.10000000000000e+00 0.00000000000000e+00 0.00000000000000e+00 
9.11000000000000e+00 0.00000000000000e+00 0.00000000000000e+00 
9.12000000000000e+00 0.00000000000000e+00 0.00000000000000e+00 
9.13000000000000e+00 0.00000000000000e+00 0.00000000000000e+00 
9.14000000000000e+00 0.00000000000000e+00 0.00000000000000e+00 
9.15000000000000e+00 0.00000000000000e+00 0.00000000000000e+00 
9.16000000000000e+00 0.00000000000000e+00 0.00000000000000e+00 
9.17000000000000e+00 0.00000000000000e+00 0.00000000000000e+00 
9.18000000000000e+00 0.00000000000000e+00 0.00000000000000e+00 
9.19000000000000e+00 0.00000000000000e+00 0.00000000000000e+00 
9.20000000000000e+00 0.00000000000000e+00 0.00000000000000e+00 
9.21000000000000e+00 0.00000000000000e+00 0.00000000000000e+00 
9.22000000000000e+00 0.00000000000000e+00 0.00000000000000e+00 
9.23000000000000e+00 0.00000000000000e+00 0.00000000000000e+00 
9.24000000000000e+00 0.00000000000000e+00 0.00000000000000e+00 
9.25000000000000e+00 0.00000000000000e+00 0.00000000000000e+00 
9.26000000000000e+00 0.00000000000000e+00 0.00000000000000e+00 
9.27000000000000e+00 0.00000000000000e+00 0.00000000000000e+00 
9.28000000000000e+00 0.00000000000000e+00 0.00000000000000e+00 
9.29000000000000e+00 0.00000000000000e+00 0.00000000000000e+00 
9.30000000000000e+00 0.00000000000000e+00 0.00000000000000e+00 
9.31000000000000e+00 0.00000000000000e+00 0.00000000000000e+00 
9.32000000000000e+00 0.00000000000000e+00 0.00000000000000e+00 
9.33000000000000e+00 0.00000000000000e+00 0.00000000000000e+00 
9.34000000000000e+00 0.00000000000000e+00 0.00000000000000e+00 
9.35000000000000e+00 0.00000000000000e+00 0.00000000000000e+00 
